Episode,Reward,Length,TotalSteps
0,5.8,7,8
1,7.6,8,16
2,3.6,4,20
3,4.8,6,26
4,5.2,6,32
5,5.8,7,39
6,10.6,11,50
7,3.6,4,54
8,5.8,7,61
9,6.2,7,68
10,3.6,4,72
11,2.8,4,76
12,11.2,12,88
13,4.2,5,93
14,4.8,6,99
15,5.0,5,104
16,3.2,4,108
17,6.0,6,114
18,6.0,6,120
19,3.2,4,124
20,22.6,27,151
21,4.2,5,156
22,6.4,8,164
23,9.2,10,174
24,17.4,21,195
25,8.6,9,204
26,15.8,17,221
27,8.6,9,230
28,8.4,10,240
29,8.8,10,250
30,3.4,5,255
31,5.2,6,261
32,6.6,7,268
33,5.6,6,274
34,10.2,11,285
35,5.2,6,291
36,12.8,14,305
37,6.0,6,311
38,3.6,4,315
39,5.8,7,322
40,7.4,9,331
41,10.6,13,344
42,8.0,8,352
43,3.6,4,356
44,6.6,7,363
45,6.2,7,370
46,10.6,11,381
47,9.4,11,392
48,4.2,5,397
49,9.0,11,408
50,4.4,6,414
51,5.2,6,420
52,4.2,5,425
53,5.8,7,432
54,4.6,5,437
55,6.6,7,444
56,9.6,12,456
57,12.0,14,470
58,7.8,9,479
59,6.4,8,487
60,10.6,11,498
61,9.2,10,508
62,7.0,7,515
63,4.6,5,520
64,14.6,17,537
65,9.6,12,549
66,6.4,8,557
67,4.6,5,562
68,5.2,6,568
69,10.4,12,580
70,8.2,11,591
71,5.4,7,598
72,4.2,5,603
73,7.2,8,611
74,6.6,7,618
75,4.0,4,622
76,3.6,4,626
77,4.6,5,631
78,15.0,17,648
79,7.0,7,655
80,4.6,5,660
81,4.6,5,665
82,7.8,11,676
83,7.2,8,684
84,9.6,10,694
85,3.8,5,699
86,2.6,3,702
87,10.2,11,713
88,4.8,6,719
89,3.6,4,723
90,18.2,21,744
91,8.6,9,753
92,4.0,4,757
93,3.2,4,761
94,8.8,10,771
95,2.6,3,774
96,4.6,5,779
97,5.0,5,784
98,7.8,9,793
99,3.2,4,797
100,4.4,6,803
101,4.8,6,809
102,4.8,6,815
103,14.0,16,831
104,6.8,8,839
105,2.8,4,843
106,4.4,6,849
107,4.6,5,854
108,4.2,5,859
109,4.6,5,864
110,3.6,4,868
111,5.2,6,874
112,2.8,4,878
113,3.6,4,882
114,6.2,7,889
115,12.4,16,905
116,10.2,11,916
117,8.8,10,926
118,5.0,5,931
119,6.6,7,938
120,7.0,7,945
121,4.6,5,950
122,11.6,12,962
123,12.2,13,975
124,7.6,8,983
125,16.4,18,1001
126,7.2,8,1009
127,5.4,7,1016
128,6.0,6,1022
129,5.2,6,1028
130,13.4,15,1043
131,15.0,17,1060
132,4.2,5,1065
133,5.2,6,1071
134,7.2,8,1079
135,12.8,14,1093
136,7.6,8,1101
137,9.8,11,1112
138,6.0,8,1120
139,4.6,5,1125
140,5.8,7,1132
141,5.6,6,1138
142,5.6,6,1144
143,5.6,6,1150
144,4.2,5,1155
145,6.2,7,1162
146,13.8,17,1179
147,10.8,12,1191
148,2.6,3,1194
149,5.6,6,1200
150,4.0,4,1204
151,9.2,10,1214
152,7.8,9,1223
153,3.6,4,1227
154,5.8,7,1234
155,5.6,6,1240
156,4.0,4,1244
157,9.0,11,1255
158,6.6,7,1262
159,14.6,17,1279
160,9.4,11,1290
161,7.8,9,1299
162,5.6,6,1305
163,5.0,5,1310
164,3.6,4,1314
165,8.8,10,1324
166,8.2,9,1333
167,3.6,4,1337
168,5.4,7,1344
169,3.6,4,1348
170,5.8,7,1355
171,8.2,9,1364
172,4.0,4,1368
173,4.6,5,1373
174,5.6,6,1379
175,10.0,12,1391
176,3.0,3,1394
177,4.6,5,1399
178,7.6,8,1407
179,6.6,7,1414
180,4.2,5,1419
181,4.2,5,1424
182,8.8,10,1434
183,5.0,5,1439
184,6.0,6,1445
185,11.0,13,1458
186,9.8,11,1469
187,3.2,4,1473
188,5.2,6,1479
189,5.0,5,1484
190,5.6,6,1490
191,22.8,26,1516
192,4.2,5,1521
193,10.0,12,1533
194,3.6,4,1537
195,14.6,17,1554
196,3.2,4,1558
197,3.4,5,1563
198,6.2,7,1570
199,28.6,33,1603
200,20.0,22,1625
201,13.2,14,1639
202,8.6,11,1650
203,7.0,7,1657
204,9.8,11,1668
205,3.2,4,1672
206,8.2,9,1681
207,7.2,8,1689
208,3.6,4,1693
209,4.6,5,1698
210,12.2,13,1711
211,3.6,4,1715
212,4.2,5,1720
213,4.6,5,1725
214,7.2,8,1733
215,6.0,6,1739
216,6.2,7,1746
217,4.6,5,1751
218,7.8,9,1760
219,7.0,7,1767
220,13.2,16,1783
221,5.6,6,1789
222,4.0,4,1793
223,10.2,11,1804
224,5.4,7,1811
225,3.0,3,1814
226,5.6,6,1820
227,4.6,5,1825
228,3.2,4,1829
229,11.2,12,1841
230,4.6,5,1846
231,2.6,3,1849
232,3.6,4,1853
233,9.6,10,1863
234,4.0,4,1867
235,5.0,5,1872
236,10.2,11,1883
237,6.2,7,1890
238,5.6,6,1896
239,3.6,4,1900
240,5.2,6,1906
241,5.0,5,1911
242,6.0,8,1919
243,5.8,7,1926
244,8.8,10,1936
245,4.6,5,1941
246,11.2,12,1953
247,3.0,3,1956
248,6.4,8,1964
249,3.0,3,1967
250,3.2,4,1971
251,4.8,6,1977
252,14.0,16,1993
253,4.0,4,1997
254,6.2,7,2004
255,4.2,5,2009
256,8.2,11,2020
257,4.0,4,2024
258,4.2,5,2029
259,13.6,16,2045
260,10.2,11,2056
261,5.0,5,2061
262,19.6,22,2083
263,3.6,4,2087
264,5.0,5,2092
265,8.4,10,2102
266,3.2,4,2106
267,5.6,6,2112
268,4.2,5,2117
269,7.4,9,2126
270,8.4,10,2136
271,6.6,7,2143
272,4.2,5,2148
273,11.8,13,2161
274,6.0,6,2167
275,14.2,15,2182
276,11.2,12,2194
277,4.8,6,2200
278,4.0,6,2206
279,10.6,11,2217
280,3.6,4,2221
281,7.2,8,2229
282,11.2,12,2241
283,7.0,7,2248
284,4.8,6,2254
285,9.6,12,2266
286,5.8,7,2273
287,16.6,19,2292
288,5.2,6,2298
289,8.8,10,2308
290,3.6,4,2312
291,9.8,11,2323
292,7.6,8,2331
293,4.0,4,2335
294,3.6,4,2339
295,5.0,5,2344
296,20.6,23,2367
297,12.2,15,2382
298,6.8,8,2390
299,8.8,10,2400
300,4.0,4,2404
301,3.6,4,2408
302,3.8,5,2413
303,5.6,6,2419
304,4.0,4,2423
305,5.8,7,2430
306,6.6,7,2437
307,6.4,8,2445
308,3.2,4,2449
309,3.6,4,2453
310,7.0,7,2460
311,25.0,29,2489
312,16.8,18,2507
313,7.6,10,2517
314,5.6,6,2523
315,5.2,6,2529
316,9.0,11,2540
317,5.0,5,2545
318,15.8,17,2562
319,3.6,4,2566
320,34.8,40,2606
321,10.2,11,2617
322,4.6,5,2622
323,6.0,6,2628
324,6.8,8,2636
325,8.2,9,2645
326,14.4,16,2661
327,5.0,5,2666
328,8.0,10,2676
329,6.6,7,2683
330,24.2,27,2710
331,3.8,5,2715
332,6.2,7,2722
333,3.8,5,2727
334,4.0,6,2733
335,8.2,9,2742
336,5.2,6,2748
337,5.8,7,2755
338,22.8,26,2781
339,6.0,8,2789
340,6.8,8,2797
341,6.2,7,2804
342,10.6,11,2815
343,5.2,6,2821
344,6.6,7,2828
345,3.2,4,2832
346,5.0,5,2837
347,6.8,8,2845
348,5.2,6,2851
349,15.4,17,2868
350,12.0,12,2880
351,6.0,6,2886
352,5.0,5,2891
353,4.6,5,2896
354,17.2,20,2916
355,4.8,6,2922
356,21.0,23,2945
357,10.0,12,2957
358,9.2,10,2967
359,18.6,21,2988
360,6.2,7,2995
361,3.6,4,2999
362,3.6,4,3003
363,5.2,6,3009
364,15.8,17,3026
365,5.6,6,3032
366,3.2,4,3036
367,4.8,6,3042
368,16.0,18,3060
369,4.0,4,3064
370,7.0,7,3071
371,7.0,7,3078
372,21.6,24,3102
373,14.6,17,3119
374,6.4,8,3127
375,5.2,6,3133
376,4.2,5,3138
377,11.0,13,3151
378,21.4,25,3176
379,4.0,4,3180
380,19.6,22,3202
381,4.4,6,3208
382,4.6,5,3213
383,5.0,5,3218
384,5.6,6,3224
385,5.8,7,3231
386,10.2,11,3242
387,16.8,18,3260
388,4.6,5,3265
389,11.2,12,3277
390,3.0,3,3280
391,7.6,8,3288
392,4.6,5,3293
393,10.0,10,3303
394,10.2,11,3314
395,5.6,6,3320
396,9.8,11,3331
397,6.8,8,3339
398,2.6,3,3342
399,11.8,15,3357
400,5.2,6,3363
401,4.2,5,3368
402,4.8,6,3374
403,5.6,6,3380
404,10.4,12,3392
405,4.8,6,3398
406,13.8,15,3413
407,5.2,6,3419
408,8.0,10,3429
409,11.8,13,3442
410,5.0,5,3447
411,8.8,10,3457
412,7.0,7,3464
413,8.8,10,3474
414,3.2,4,3478
415,9.0,11,3489
416,7.0,9,3498
417,12.4,16,3514
418,32.2,37,3551
419,8.8,10,3561
420,5.2,6,3567
421,6.6,7,3574
422,5.0,5,3579
423,4.0,4,3583
424,15.2,16,3599
425,10.8,12,3611
426,12.0,14,3625
427,5.2,6,3631
428,23.2,26,3657
429,8.8,10,3667
430,17.8,21,3688
431,3.6,4,3692
432,10.2,11,3703
433,4.6,5,3708
434,5.0,5,3713
435,3.8,5,3718
436,8.4,10,3728
437,3.8,5,3733
438,10.4,12,3745
439,4.6,5,3750
440,20.2,23,3773
441,6.0,6,3779
442,7.8,9,3788
443,3.6,4,3792
444,12.4,14,3806
445,18.2,21,3827
446,8.2,9,3836
447,15.6,18,3854
448,5.6,6,3860
449,13.0,15,3875
450,4.2,5,3880
451,4.6,5,3885
452,20.8,24,3909
453,8.2,9,3918
454,16.8,18,3936
455,14.6,17,3953
456,3.6,4,3957
457,5.0,5,3962
458,10.8,12,3974
459,5.8,7,3981
460,4.6,5,3986
461,7.4,9,3995
462,2.8,4,3999
463,6.0,6,4005
464,5.8,7,4012
465,16.0,18,4030
466,15.0,17,4047
467,4.6,5,4052
468,3.2,4,4056
469,7.6,8,4064
470,3.8,5,4069
471,6.0,6,4075
472,5.6,6,4081
473,13.2,14,4095
474,16.0,18,4113
475,5.2,6,4119
476,19.4,23,4142
477,9.8,11,4153
478,15.2,18,4171
479,5.0,5,4176
480,24.0,26,4202
481,16.0,20,4222
482,3.8,5,4227
483,6.8,8,4235
484,22.8,26,4261
485,16.2,19,4280
486,15.0,17,4297
487,9.6,10,4307
488,2.6,3,4310
489,15.8,19,4329
490,10.4,12,4341
491,4.6,5,4346
492,6.6,7,4353
493,4.0,4,4357
494,5.8,7,4364
495,4.4,6,4370
496,7.4,9,4379
497,4.0,4,4383
498,5.6,6,4389
499,17.6,20,4409
500,14.6,15,4424
501,11.8,15,4439
502,11.0,13,4452
503,13.8,15,4467
504,9.6,10,4477
505,7.6,8,4485
506,5.2,6,4491
507,9.8,11,4502
508,4.2,5,4507
509,22.4,26,4533
510,3.8,5,4538
511,7.8,9,4547
512,2.6,3,4550
513,6.8,8,4558
514,7.0,7,4565
515,10.4,12,4577
516,5.6,6,4583
517,3.6,4,4587
518,3.6,4,4591
519,6.8,8,4599
520,7.6,8,4607
521,10.6,11,4618
522,6.0,6,4624
523,4.6,5,4629
524,5.2,6,4635
525,17.0,19,4654
526,4.6,5,4659
527,12.6,15,4674
528,5.0,5,4679
529,5.2,6,4685
530,7.4,9,4694
531,11.8,13,4707
532,6.2,7,4714
533,24.6,27,4741
534,13.0,15,4756
535,5.2,6,4762
536,10.2,13,4775
537,17.0,19,4794
538,5.0,5,4799
539,9.0,11,4810
540,21.0,23,4833
541,2.6,3,4836
542,13.8,15,4851
543,3.6,4,4855
544,4.0,4,4859
545,9.2,10,4869
546,13.8,15,4884
547,4.6,5,4889
548,30.2,35,4924
549,15.6,18,4942
550,5.0,5,4947
551,8.0,10,4957
552,21.4,23,4980
553,8.2,9,4989
554,4.8,6,4995
555,9.2,10,5005
556,9.2,10,5015
557,5.6,6,5021
558,4.6,5,5026
559,15.8,19,5045
560,4.6,5,5050
561,8.2,9,5059
562,5.6,6,5065
563,6.8,8,5073
564,14.0,16,5089
565,7.6,8,5097
566,13.6,14,5111
567,7.2,8,5119
568,10.4,12,5131
569,15.2,16,5147
570,4.8,6,5153
571,15.6,20,5173
572,6.6,7,5180
573,10.4,12,5192
574,3.0,3,5195
575,3.6,4,5199
576,12.4,14,5213
577,6.8,8,5221
578,7.2,8,5229
579,5.6,6,5235
580,9.6,10,5245
581,6.8,10,5255
582,14.8,16,5271
583,7.4,9,5280
584,7.4,9,5289
585,3.8,5,5294
586,7.8,9,5303
587,21.0,23,5326
588,10.8,12,5338
589,10.2,11,5349
590,3.6,4,5353
591,6.2,7,5360
592,8.8,10,5370
593,11.4,13,5383
594,9.4,11,5394
595,6.4,8,5402
596,15.4,17,5419
597,4.6,5,5424
598,4.0,4,5428
599,6.2,7,5435
600,8.2,9,5444
601,4.2,5,5449
602,15.2,18,5467
603,7.2,8,5475
604,9.6,10,5485
605,9.8,11,5496
606,5.2,6,5502
607,5.6,6,5508
608,12.8,14,5522
609,3.0,3,5525
610,6.8,8,5533
611,4.8,6,5539
612,11.6,14,5553
613,5.6,6,5559
614,5.0,5,5564
615,10.0,10,5574
616,5.6,6,5580
617,11.8,13,5593
618,6.2,7,5600
619,18.4,22,5622
620,4.0,4,5626
621,7.2,8,5634
622,7.2,8,5642
623,3.2,4,5646
624,5.6,6,5652
625,16.8,18,5670
626,9.4,11,5681
627,12.6,15,5696
628,5.2,6,5702
629,5.6,6,5708
630,4.8,6,5714
631,14.6,17,5731
632,4.2,5,5736
633,7.0,7,5743
634,16.6,19,5762
635,6.8,8,5770
636,7.8,9,5779
637,9.2,10,5789
638,14.8,16,5805
639,4.2,5,5810
640,13.6,16,5826
641,7.2,8,5834
642,15.0,19,5853
643,16.8,18,5871
644,3.8,5,5876
645,7.2,8,5884
646,3.0,3,5887
647,16.0,18,5905
648,13.0,15,5920
649,7.2,8,5928
650,3.8,5,5933
651,4.2,5,5938
652,3.6,4,5942
653,5.8,7,5949
654,8.8,10,5959
655,10.6,11,5970
656,3.6,4,5974
657,3.6,4,5978
658,14.8,16,5994
659,22.8,26,6020
660,11.6,12,6032
661,3.6,4,6036
662,10.4,12,6048
663,4.2,5,6053
664,11.6,12,6065
665,24.0,26,6091
666,10.2,11,6102
667,4.0,4,6106
668,5.0,5,6111
669,8.4,10,6121
670,9.2,10,6131
671,2.6,3,6134
672,9.8,11,6145
673,16.6,19,6164
674,6.4,8,6172
675,12.2,13,6185
676,7.0,9,6194
677,16.2,19,6213
678,9.8,11,6224
679,3.8,5,6229
680,10.4,12,6241
681,4.8,6,6247
682,13.6,16,6263
683,18.8,22,6285
684,4.6,5,6290
685,5.6,6,6296
686,27.6,30,6326
687,14.4,16,6342
688,3.6,4,6346
689,10.0,12,6358
690,21.4,25,6383
691,16.4,18,6401
692,7.6,8,6409
693,18.8,22,6431
694,4.6,5,6436
695,27.8,33,6469
696,14.4,16,6485
697,5.0,5,6490
698,13.0,15,6505
699,5.0,5,6510
700,5.2,6,6516
701,27.4,31,6547
702,13.2,16,6563
703,4.8,6,6569
704,5.6,6,6575
705,5.2,6,6581
706,5.6,6,6587
707,14.6,17,6604
708,5.8,7,6611
709,4.2,5,6616
710,17.6,20,6636
711,6.0,6,6642
712,6.2,7,6649
713,16.0,18,6667
714,4.6,5,6672
715,8.8,10,6682
716,9.4,11,6693
717,3.6,4,6697
718,9.6,12,6709
719,21.8,23,6732
720,6.4,8,6740
721,4.6,5,6745
722,16.6,19,6764
723,14.4,16,6780
724,4.0,4,6784
725,3.6,4,6788
726,7.2,8,6796
727,2.2,3,6799
728,13.4,15,6814
729,5.0,5,6819
730,5.6,6,6825
731,7.8,9,6834
732,8.4,10,6844
733,4.6,5,6849
734,8.6,9,6858
735,15.8,17,6875
736,4.2,5,6880
737,5.8,7,6887
738,26.0,30,6917
739,18.4,20,6937
740,4.6,5,6942
741,3.2,4,6946
742,25.4,27,6973
743,3.4,5,6978
744,4.8,6,6984
745,10.8,12,6996
746,16.6,19,7015
747,13.2,16,7031
748,12.0,14,7045
749,6.2,7,7052
750,20.2,23,7075
751,12.2,13,7088
752,9.2,10,7098
753,9.8,11,7109
754,14.4,16,7125
755,12.0,14,7139
756,6.2,7,7146
757,6.4,8,7154
758,5.2,6,7160
759,6.2,7,7167
760,5.6,6,7173
761,27.0,31,7204
762,10.4,12,7216
763,15.8,19,7235
764,15.4,17,7252
765,9.4,11,7263
766,58.8,66,7329
767,3.0,3,7332
768,21.6,24,7356
769,21.6,24,7380
770,3.4,5,7385
771,4.6,5,7390
772,6.2,7,7397
773,7.6,8,7405
774,11.4,13,7418
775,4.2,5,7423
776,12.8,14,7437
777,5.2,6,7443
778,3.6,4,7447
779,13.0,15,7462
780,10.4,12,7474
781,12.6,15,7489
782,13.0,15,7504
783,4.8,6,7510
784,18.2,21,7531
785,32.2,37,7568
786,9.8,11,7579
787,9.6,12,7591
788,10.8,12,7603
789,4.2,5,7608
790,6.8,8,7616
791,8.8,10,7626
792,3.6,4,7630
793,11.6,12,7642
794,12.6,13,7655
795,6.2,7,7662
796,10.4,12,7674
797,6.2,7,7681
798,5.6,6,7687
799,9.8,11,7698
800,12.2,13,7711
801,7.4,9,7720
802,11.8,13,7733
803,4.0,4,7737
804,4.8,6,7743
805,9.2,10,7753
806,6.0,6,7759
807,6.2,7,7766
808,13.2,16,7782
809,5.8,7,7789
810,8.8,10,7799
811,20.4,22,7821
812,11.6,14,7835
813,6.0,6,7841
814,4.6,5,7846
815,6.2,7,7853
816,8.4,10,7863
817,4.2,5,7868
818,5.2,6,7874
819,7.0,7,7881
820,14.8,18,7899
821,15.0,17,7916
822,4.6,5,7921
823,21.8,25,7946
824,13.2,14,7960
825,5.0,5,7965
826,5.2,6,7971
827,12.4,14,7985
828,10.8,12,7997
829,5.2,6,8003
830,5.2,6,8009
831,8.2,9,8018
832,5.6,6,8024
833,13.2,14,8038
834,3.8,5,8043
835,48.0,56,8099
836,4.8,6,8105
837,12.2,15,8120
838,5.0,5,8125
839,6.6,7,8132
840,7.2,8,8140
841,7.0,7,8147
842,4.0,4,8151
843,6.6,7,8158
844,7.2,8,8166
845,3.6,4,8170
846,11.0,13,8183
847,7.6,8,8191
848,9.6,10,8201
849,13.4,15,8216
850,10.8,14,8230
851,9.2,10,8240
852,4.6,5,8245
853,7.6,8,8253
854,7.8,9,8262
855,7.8,9,8271
856,24.0,30,8301
857,4.8,6,8307
858,15.4,17,8324
859,3.6,4,8328
860,8.2,9,8337
861,5.2,6,8343
862,8.4,10,8353
863,4.8,6,8359
864,5.0,5,8364
865,7.8,9,8373
866,19.6,22,8395
867,12.6,15,8410
868,27.4,31,8441
869,3.8,5,8446
870,11.6,12,8458
871,4.2,5,8463
872,15.8,19,8482
873,27.6,32,8514
874,7.2,8,8522
875,38.6,45,8567
876,21.4,23,8590
877,3.6,4,8594
878,17.4,21,8615
879,40.6,47,8662
880,5.0,5,8667
881,4.8,6,8673
882,5.6,6,8679
883,13.4,15,8694
884,6.6,7,8701
885,5.6,6,8707
886,4.6,5,8712
887,31.0,37,8749
888,3.2,4,8753
889,12.8,14,8767
890,13.4,15,8782
891,8.2,9,8791
892,5.8,7,8798
893,20.2,23,8821
894,12.4,14,8835
895,5.2,6,8841
896,16.4,18,8859
897,25.0,29,8888
898,14.4,16,8904
899,5.2,6,8910
900,6.4,8,8918
901,20.4,24,8942
902,6.6,7,8949
903,21.2,24,8973
904,3.8,5,8978
905,35.4,39,9017
906,4.0,4,9021
907,8.2,9,9030
908,4.6,5,9035
909,14.4,16,9051
910,7.4,9,9060
911,4.6,5,9065
912,7.8,9,9074
913,16.4,18,9092
914,3.0,3,9095
915,5.0,5,9100
916,4.6,5,9105
917,12.6,13,9118
918,5.0,5,9123
919,15.6,18,9141
920,13.0,15,9156
921,6.4,8,9164
922,5.8,7,9171
923,6.4,8,9179
924,4.0,4,9183
925,15.4,17,9200
926,6.6,7,9207
927,6.6,7,9214
928,5.6,6,9220
929,12.4,14,9234
930,13.0,15,9249
931,13.2,16,9265
932,22.0,24,9289
933,11.6,14,9303
934,7.2,8,9311
935,6.4,8,9319
936,18.6,21,9340
937,33.0,37,9377
938,32.0,38,9415
939,27.6,32,9447
940,23.4,27,9474
941,14.2,17,9491
942,7.8,9,9500
943,15.2,18,9518
944,9.0,9,9527
945,10.2,11,9538
946,6.6,7,9545
947,11.8,13,9558
948,6.2,7,9565
949,11.2,12,9577
950,4.2,5,9582
951,10.0,12,9594
952,6.6,7,9601
953,17.0,19,9620
954,10.4,12,9632
955,6.2,7,9639
956,18.6,21,9660
957,6.2,7,9667
958,5.6,6,9673
959,13.8,15,9688
960,10.4,14,9702
961,11.8,13,9715
962,3.6,4,9719
963,17.0,19,9738
964,17.2,20,9758
965,18.4,22,9780
966,20.4,22,9802
967,6.4,8,9810
968,8.6,9,9819
969,6.2,7,9826
970,10.6,11,9837
971,7.8,9,9846
972,8.4,10,9856
973,4.6,5,9861
974,13.2,16,9877
975,8.0,10,9887
976,6.0,6,9893
977,11.0,13,9906
978,7.0,7,9913
979,36.8,44,9957
980,10.2,11,9968
981,32.8,36,10004
982,5.6,6,10010
983,6.4,8,10018
984,14.0,16,10034
985,5.0,5,10039
986,6.4,8,10047
987,10.2,11,10058
988,5.2,6,10064
989,4.6,5,10069
990,8.4,10,10079
991,10.0,12,10091
992,11.0,13,10104
993,7.0,7,10111
994,22.8,26,10137
995,3.6,4,10141
996,30.2,35,10176
997,11.4,13,10189
998,9.6,10,10199
999,7.4,9,10208
1000,23.4,27,10235
1001,16.8,18,10253
1002,5.2,6,10259
1003,22.0,24,10283
1004,29.6,36,10319
1005,15.2,18,10337
1006,17.8,21,10358
1007,8.2,9,10367
1008,4.2,5,10372
1009,4.2,5,10377
1010,34.8,40,10417
1011,38.8,46,10463
1012,13.0,15,10478
1013,26.4,32,10510
1014,8.2,9,10519
1015,24.4,26,10545
1016,5.0,5,10550
1017,11.4,13,10563
1018,4.6,5,10568
1019,6.0,6,10574
1020,15.6,18,10592
1021,8.8,10,10602
1022,13.2,14,10616
1023,5.2,6,10622
1024,9.8,11,10633
1025,3.6,4,10637
1026,9.0,11,10648
1027,4.2,5,10653
1028,22.2,25,10678
1029,5.2,6,10684
1030,27.0,31,10715
1031,4.2,5,10720
1032,7.2,8,10728
1033,7.8,9,10737
1034,5.0,5,10742
1035,5.4,7,10749
1036,11.0,13,10762
1037,18.0,20,10782
1038,6.2,7,10789
1039,30.2,35,10824
1040,13.8,15,10839
1041,16.4,18,10857
1042,14.4,16,10873
1043,5.2,6,10879
1044,5.6,6,10885
1045,4.2,5,10890
1046,15.4,17,10907
1047,14.8,16,10923
1048,33.2,38,10961
1049,16.6,19,10980
1050,10.2,11,10991
1051,18.2,21,11012
1052,5.6,6,11018
1053,6.2,7,11025
1054,14.2,15,11040
1055,6.6,7,11047
1056,11.2,14,11061
1057,12.2,15,11076
1058,13.0,15,11091
1059,7.2,8,11099
1060,14.6,17,11116
1061,14.4,16,11132
1062,17.0,19,11151
1063,25.8,29,11180
1064,12.4,14,11194
1065,14.2,15,11209
1066,5.8,7,11216
1067,7.6,8,11224
1068,13.2,14,11238
1069,15.6,20,11258
1070,15.0,17,11275
1071,3.6,4,11279
1072,3.0,3,11282
1073,5.8,7,11289
1074,10.6,13,11302
1075,14.4,16,11318
1076,8.2,9,11327
1077,7.8,9,11336
1078,31.4,35,11371
1079,12.0,14,11385
1080,3.6,4,11389
1081,11.4,15,11404
1082,4.6,5,11409
1083,6.6,7,11416
1084,9.4,11,11427
1085,13.4,15,11442
1086,59.2,68,11510
1087,19.8,21,11531
1088,9.2,10,11541
1089,7.0,9,11550
1090,3.6,4,11554
1091,8.6,9,11563
1092,3.6,4,11567
1093,27.4,33,11600
1094,5.0,5,11605
1095,15.8,19,11624
1096,19.6,22,11646
1097,29.2,34,11680
1098,41.6,48,11728
1099,3.6,4,11732
1100,5.6,6,11738
1101,33.6,36,11774
1102,25.2,30,11804
1103,11.8,13,11817
1104,9.8,11,11828
1105,5.8,7,11835
1106,15.0,17,11852
1107,14.8,18,11870
1108,13.4,15,11885
1109,3.6,4,11889
1110,8.2,11,11900
1111,16.0,18,11918
1112,9.4,11,11929
1113,6.4,8,11937
1114,4.0,4,11941
1115,16.6,21,11962
1116,6.4,8,11970
1117,11.4,13,11983
1118,15.6,18,12001
1119,5.6,6,12007
1120,5.0,5,12012
1121,6.4,8,12020
1122,18.4,20,12040
1123,46.0,52,12092
1124,17.6,20,12112
1125,9.6,12,12124
1126,9.6,10,12134
1127,7.6,8,12142
1128,4.6,5,12147
1129,4.2,5,12152
1130,16.8,20,12172
1131,14.6,17,12189
1132,10.2,11,12200
1133,13.2,16,12216
1134,5.2,6,12222
1135,8.2,9,12231
1136,8.0,10,12241
1137,4.0,4,12245
1138,38.2,45,12290
1139,21.8,23,12313
1140,5.8,7,12320
1141,7.2,8,12328
1142,4.0,4,12332
1143,12.8,16,12348
1144,17.0,19,12367
1145,5.2,6,12373
1146,7.4,9,12382
1147,14.4,16,12398
1148,16.4,20,12418
1149,8.4,10,12428
1150,10.4,12,12440
1151,9.2,10,12450
1152,4.0,4,12454
1153,4.0,4,12458
1154,15.6,18,12476
1155,3.6,4,12480
1156,39.4,45,12525
1157,23.6,26,12551
1158,5.2,6,12557
1159,15.2,18,12575
1160,11.4,15,12590
1161,28.0,32,12622
1162,3.6,4,12626
1163,7.2,8,12634
1164,16.0,18,12652
1165,13.6,16,12668
1166,5.0,5,12673
1167,13.8,15,12688
1168,8.8,10,12698
1169,9.2,10,12708
1170,16.2,19,12727
1171,10.4,12,12739
1172,6.0,6,12745
1173,4.2,5,12750
1174,3.6,4,12754
1175,11.8,13,12767
1176,8.2,9,12776
1177,10.2,11,12787
1178,10.0,12,12799
1179,12.2,13,12812
1180,8.4,10,12822
1181,9.2,10,12832
1182,9.8,11,12843
1183,18.2,21,12864
1184,15.2,18,12882
1185,17.2,20,12902
1186,6.4,8,12910
1187,13.4,15,12925
1188,5.0,5,12930
1189,23.2,26,12956
1190,10.4,12,12968
1191,19.4,23,12991
1192,8.0,10,13001
1193,15.0,17,13018
1194,24.2,27,13045
1195,27.4,31,13076
1196,9.0,9,13085
1197,15.0,17,13102
1198,5.6,6,13108
1199,7.4,9,13117
1200,11.6,12,13129
1201,6.2,7,13136
1202,12.8,14,13150
1203,9.8,11,13161
1204,11.6,12,13173
1205,8.2,9,13182
1206,7.2,8,13190
1207,11.8,13,13203
1208,6.8,8,13211
1209,8.0,8,13219
1210,4.2,5,13224
1211,6.4,8,13232
1212,26.0,30,13262
1213,5.6,6,13268
1214,11.4,13,13281
1215,6.2,7,13288
1216,9.4,11,13299
1217,10.0,12,13311
1218,5.6,6,13317
1219,9.0,9,13326
1220,9.2,10,13336
1221,12.4,14,13350
1222,23.4,27,13377
1223,25.6,30,13407
1224,8.8,10,13417
1225,12.0,14,13431
1226,10.0,12,13443
1227,14.4,16,13459
1228,14.4,16,13475
1229,9.2,10,13485
1230,4.6,5,13490
1231,5.6,6,13496
1232,10.4,12,13508
1233,4.6,5,13513
1234,62.0,72,13585
1235,11.0,13,13598
1236,10.8,12,13610
1237,3.8,5,13615
1238,12.0,14,13629
1239,14.8,16,13645
1240,23.2,26,13671
1241,6.0,6,13677
1242,25.0,27,13704
1243,20.0,22,13726
1244,3.2,4,13730
1245,26.4,30,13760
1246,6.6,7,13767
1247,7.6,8,13775
1248,29.2,34,13809
1249,8.2,9,13818
1250,37.4,43,13861
1251,12.0,14,13875
1252,5.6,6,13881
1253,22.2,25,13906
1254,11.4,13,13919
1255,3.6,4,13923
1256,9.6,10,13933
1257,36.2,43,13976
1258,7.0,9,13985
1259,30.4,36,14021
1260,4.6,5,14026
1261,3.8,5,14031
1262,17.2,20,14051
1263,11.4,13,14064
1264,6.2,7,14071
1265,23.0,27,14098
1266,8.6,9,14107
1267,7.0,7,14114
1268,10.0,12,14126
1269,13.0,15,14141
1270,10.8,12,14153
1271,4.2,5,14158
1272,8.8,10,14168
1273,7.2,8,14176
1274,4.2,5,14181
1275,7.8,9,14190
1276,9.2,12,14202
1277,5.0,5,14207
1278,10.8,12,14219
1279,37.4,43,14262
1280,11.4,13,14275
1281,42.0,46,14321
1282,8.8,10,14331
1283,15.0,17,14348
1284,14.8,16,14364
1285,6.6,7,14371
1286,5.8,7,14378
1287,27.6,30,14408
1288,6.6,7,14415
1289,7.8,9,14424
1290,8.6,9,14433
1291,17.2,20,14453
1292,7.0,7,14460
1293,3.0,3,14463
1294,7.2,8,14471
1295,8.8,10,14481
1296,10.8,12,14493
1297,8.0,10,14503
1298,38.0,44,14547
1299,15.4,19,14566
1300,5.8,7,14573
1301,7.8,9,14582
1302,11.2,12,14594
1303,32.4,36,14630
1304,10.6,13,14643
1305,5.0,5,14648
1306,9.2,10,14658
1307,22.8,26,14684
1308,22.4,26,14710
1309,12.8,14,14724
1310,6.2,7,14731
1311,15.0,17,14748
1312,8.6,9,14757
1313,6.8,8,14765
1314,7.6,8,14773
1315,16.8,20,14793
1316,19.8,23,14816
1317,10.4,12,14828
1318,43.2,50,14878
1319,20.0,24,14902
1320,4.6,5,14907
1321,19.6,24,14931
1322,15.8,19,14950
1323,13.6,16,14966
1324,13.0,15,14981
1325,11.4,13,14994
1326,15.6,18,15012
1327,16.8,18,15030
1328,3.6,4,15034
1329,15.6,18,15052
1330,3.8,5,15057
1331,16.2,21,15078
1332,4.6,5,15083
1333,37.2,44,15127
1334,11.0,13,15140
1335,12.0,14,15154
1336,4.2,5,15159
1337,9.6,10,15169
1338,4.0,4,15173
1339,7.6,8,15181
1340,6.6,7,15188
1341,13.0,15,15203
1342,26.6,31,15234
1343,7.2,8,15242
1344,22.0,26,15268
1345,24.8,28,15296
1346,13.6,16,15312
1347,14.6,17,15329
1348,21.4,25,15354
1349,20.6,25,15379
1350,9.6,10,15389
1351,8.0,8,15397
1352,33.0,39,15436
1353,8.8,10,15446
1354,5.6,6,15452
1355,19.2,22,15474
1356,42.6,49,15523
1357,17.4,21,15544
1358,16.6,19,15563
1359,19.2,22,15585
1360,7.8,9,15594
1361,32.4,36,15630
1362,20.8,24,15654
1363,11.0,13,15667
1364,56.2,67,15734
1365,10.8,12,15746
1366,29.0,35,15781
1367,16.6,21,15802
1368,5.2,6,15808
1369,11.2,12,15820
1370,4.0,4,15824
1371,14.4,16,15840
1372,11.4,13,15853
1373,10.2,13,15866
1374,8.4,10,15876
1375,26.0,30,15906
1376,8.6,9,15915
1377,12.6,15,15930
1378,4.6,5,15935
1379,4.8,6,15941
1380,26.2,29,15970
1381,8.6,9,15979
1382,6.2,7,15986
1383,4.6,5,15991
1384,5.2,6,15997
1385,40.6,47,16044
1386,8.4,10,16054
1387,8.2,9,16063
1388,16.4,20,16083
1389,10.0,12,16095
1390,5.6,6,16101
1391,8.0,8,16109
1392,21.4,25,16134
1393,8.0,10,16144
1394,9.4,11,16155
1395,8.6,9,16164
1396,9.4,11,16175
1397,14.2,17,16192
1398,16.0,18,16210
1399,10.6,13,16223
1400,23.6,26,16249
1401,6.0,6,16255
1402,26.4,32,16287
1403,28.8,34,16321
1404,17.6,20,16341
1405,9.2,10,16351
1406,16.6,19,16370
1407,11.8,13,16383
1408,24.4,30,16413
1409,23.6,28,16441
1410,11.0,13,16454
1411,10.6,11,16465
1412,50.2,59,16524
1413,15.8,19,16543
1414,5.6,6,16549
1415,32.8,38,16587
1416,48.8,56,16643
1417,27.0,31,16674
1418,5.6,6,16680
1419,11.6,14,16694
1420,16.8,20,16714
1421,10.2,11,16725
1422,8.6,11,16736
1423,20.0,22,16758
1424,4.0,4,16762
1425,8.4,10,16772
1426,21.4,25,16797
1427,25.8,29,16826
1428,31.4,35,16861
1429,7.8,9,16870
1430,61.6,74,16944
1431,50.4,60,17004
1432,26.0,30,17034
1433,11.2,12,17046
1434,6.8,8,17054
1435,13.6,16,17070
1436,73.0,85,17155
1437,8.2,9,17164
1438,5.6,6,17170
1439,25.0,29,17199
1440,22.8,28,17227
1441,5.2,6,17233
1442,31.0,35,17268
1443,44.0,52,17320
1444,18.6,21,17341
1445,7.6,8,17349
1446,15.6,18,17367
1447,13.6,16,17383
1448,20.8,26,17409
1449,11.0,13,17422
1450,11.2,12,17434
1451,13.2,16,17450
1452,10.4,12,17462
1453,26.2,31,17493
1454,10.4,12,17505
1455,6.2,7,17512
1456,16.4,18,17530
1457,30.6,35,17565
1458,8.8,10,17575
1459,16.6,19,17594
1460,21.0,25,17619
1461,5.6,6,17625
1462,5.0,5,17630
1463,36.8,44,17674
1464,11.0,13,17687
1465,17.6,22,17709
1466,10.4,12,17721
1467,13.8,17,17738
1468,6.2,7,17745
1469,4.6,5,17750
1470,15.4,17,17767
1471,27.6,34,17801
1472,9.0,11,17812
1473,15.8,17,17829
1474,10.0,12,17841
1475,5.6,6,17847
1476,29.0,35,17882
1477,5.0,5,17887
1478,30.2,35,17922
1479,8.0,8,17930
1480,28.8,32,17962
1481,4.0,4,17966
1482,25.8,29,17995
1483,5.2,6,18001
1484,13.2,14,18015
1485,4.2,5,18020
1486,51.6,60,18080
1487,3.6,4,18084
1488,5.2,6,18090
1489,9.2,10,18100
1490,19.4,23,18123
1491,5.8,7,18130
1492,41.6,48,18178
1493,12.8,14,18192
1494,22.4,26,18218
1495,5.2,6,18224
1496,13.0,15,18239
1497,19.4,23,18262
1498,27.4,31,18293
1499,3.8,5,18298
1500,8.0,8,18306
1501,17.8,21,18327
1502,26.2,29,18356
1503,12.4,14,18370
1504,24.4,28,18398
1505,4.6,5,18403
1506,5.0,5,18408
1507,8.2,9,18417
1508,14.0,16,18433
1509,9.6,10,18443
1510,71.0,83,18526
1511,12.4,14,18540
1512,23.6,26,18566
1513,22.2,27,18593
1514,7.4,9,18602
1515,8.8,10,18612
1516,5.2,6,18618
1517,20.6,23,18641
1518,9.6,10,18651
1519,7.8,9,18660
1520,12.6,15,18675
1521,33.0,41,18716
1522,19.4,23,18739
1523,53.6,66,18805
1524,19.8,23,18828
1525,24.8,28,18856
1526,30.8,36,18892
1527,8.8,10,18902
1528,2.6,3,18905
1529,5.2,6,18911
1530,19.2,24,18935
1531,15.2,18,18953
1532,4.2,5,18958
1533,42.8,52,19010
1534,32.2,39,19049
1535,5.6,6,19055
1536,26.0,30,19085
1537,31.4,37,19122
1538,6.6,7,19129
1539,9.8,11,19140
1540,47.2,58,19198
1541,17.8,21,19219
1542,45.0,55,19274
1543,23.2,28,19302
1544,19.0,21,19323
1545,10.0,12,19335
1546,15.6,18,19353
1547,20.4,26,19379
1548,13.8,17,19396
1549,8.2,9,19405
1550,17.2,20,19425
1551,32.0,38,19463
1552,14.0,16,19479
1553,22.6,27,19506
1554,17.4,19,19525
1555,20.4,24,19549
1556,14.4,16,19565
1557,4.2,5,19570
1558,6.6,7,19577
1559,12.2,13,19590
1560,18.2,23,19613
1561,30.4,36,19649
1562,5.6,6,19655
1563,8.6,9,19664
1564,8.4,10,19674
1565,63.0,75,19749
1566,27.0,31,19780
1567,5.8,7,19787
1568,13.8,15,19802
1569,34.0,42,19844
1570,6.8,8,19852
1571,12.2,13,19865
1572,12.6,15,19880
1573,36.0,42,19922
1574,3.6,4,19926
1575,10.4,12,19938
1576,31.4,37,19975
1577,13.4,15,19990
1578,54.0,64,20054
1579,11.6,14,20068
1580,5.0,5,20073
1581,6.0,6,20079
1582,6.2,7,20086
1583,9.4,11,20097
1584,8.4,10,20107
1585,12.4,14,20121
1586,27.2,30,20151
1587,21.8,27,20178
1588,41.0,49,20227
1589,49.0,57,20284
1590,10.2,11,20295
1591,3.6,4,20299
1592,11.8,13,20312
1593,13.2,16,20328
1594,44.8,54,20382
1595,17.0,21,20403
1596,7.6,10,20413
1597,16.6,19,20432
1598,30.2,37,20469
1599,7.4,9,20478
1600,7.0,9,20487
1601,53.4,63,20550
1602,19.0,23,20573
1603,9.6,12,20585
1604,28.0,34,20619
1605,18.8,22,20641
1606,41.0,49,20690
1607,4.6,5,20695
1608,11.0,13,20708
1609,36.6,43,20751
1610,10.4,12,20763
1611,17.4,21,20784
1612,11.8,13,20797
1613,4.2,5,20802
1614,21.6,26,20828
1615,8.2,9,20837
1616,9.4,11,20848
1617,8.4,10,20858
1618,9.0,11,20869
1619,55.6,66,20935
1620,22.2,27,20962
1621,11.0,13,20975
1622,30.4,38,21013
1623,54.4,68,21081
1624,29.0,33,21114
1625,55.0,67,21181
1626,68.2,83,21264
1627,28.4,32,21296
1628,5.8,7,21303
1629,14.8,18,21321
1630,25.2,30,21351
1631,18.2,21,21372
1632,6.8,8,21380
1633,18.8,22,21402
1634,11.4,13,21415
1635,4.0,4,21419
1636,23.6,28,21447
1637,61.2,74,21521
1638,36.2,45,21566
1639,24.0,28,21594
1640,40.6,49,21643
1641,13.6,18,21661
1642,10.8,12,21673
1643,11.6,14,21687
1644,49.4,59,21746
1645,10.6,13,21759
1646,51.0,61,21820
1647,20.4,24,21844
1648,10.0,12,21856
1649,12.0,16,21872
1650,58.0,70,21942
1651,9.0,11,21953
1652,9.8,11,21964
1653,19.0,23,21987
1654,64.2,77,22064
1655,21.0,25,22089
1656,7.2,8,22097
1657,15.6,18,22115
1658,6.4,8,22123
1659,54.6,67,22190
1660,14.4,16,22206
1661,8.8,10,22216
1662,33.2,40,22256
1663,13.2,16,22272
1664,9.4,11,22283
1665,9.2,10,22293
1666,16.2,19,22312
1667,17.0,19,22331
1668,43.2,50,22381
1669,5.2,6,22387
1670,33.0,41,22428
1671,9.4,11,22439
1672,57.8,71,22510
1673,42.4,50,22560
1674,4.0,4,22564
1675,27.6,34,22598
1676,29.8,37,22635
1677,58.0,70,22705
1678,19.8,23,22728
1679,29.6,36,22764
1680,6.6,7,22771
1681,8.4,10,22781
1682,47.0,55,22836
1683,12.0,14,22850
1684,18.8,22,22872
1685,17.8,21,22893
1686,47.0,57,22950
1687,17.4,21,22971
1688,4.0,4,22975
1689,8.8,10,22985
1690,6.0,6,22991
1691,19.4,23,23014
1692,11.8,15,23029
1693,27.6,34,23063
1694,39.2,46,23109
1695,10.6,13,23122
1696,69.2,86,23208
1697,97.8,119,23327
1698,12.2,15,23342
1699,36.2,43,23385
1700,10.6,13,23398
1701,6.6,7,23405
1702,19.8,23,23428
1703,16.0,18,23446
1704,77.8,99,23545
1705,13.2,16,23561
1706,6.2,7,23568
1707,64.2,79,23647
1708,75.4,93,23740
1709,13.8,17,23757
1710,71.8,85,23842
1711,3.6,4,23846
1712,28.4,34,23880
1713,5.0,5,23885
1714,38.6,47,23932
1715,13.0,17,23949
1716,9.8,11,23960
1717,9.2,12,23972
1718,52.4,64,24036
1719,45.2,56,24092
1720,15.0,17,24109
1721,26.0,30,24139
1722,26.2,31,24170
1723,23.2,30,24200
1724,28.6,35,24235
1725,30.6,37,24272
1726,23.2,28,24300
1727,10.0,12,24312
1728,65.8,81,24393
1729,5.0,5,24398
1730,20.6,27,24425
1731,20.6,25,24450
1732,19.4,23,24473
1733,17.6,22,24495
1734,60.6,73,24568
1735,8.2,9,24577
1736,39.8,49,24626
1737,23.6,28,24654
1738,50.4,64,24718
1739,16.2,21,24739
1740,78.0,98,24837
1741,70.6,85,24922
1742,67.6,84,25006
1743,72.6,87,25093
1744,47.6,58,25151
1745,25.4,31,25182
1746,25.6,32,25214
1747,6.0,6,25220
1748,7.4,9,25229
1749,39.4,53,25282
1750,19.0,23,25305
1751,30.0,36,25341
1752,18.8,24,25365
1753,15.0,17,25382
1754,7.8,9,25391
1755,35.6,42,25433
1756,49.4,61,25494
1757,127.0,157,25651
1758,5.2,6,25657
1759,50.0,64,25721
1760,81.2,98,25819
1761,11.8,15,25834
1762,74.6,95,25929
1763,27.4,35,25964
1764,35.8,43,26007
1765,77.8,99,26106
1766,17.0,19,26125
1767,59.0,71,26196
1768,53.4,67,26263
1769,39.6,50,26313
1770,53.8,67,26380
1771,61.4,77,26457
1772,48.8,60,26517
1773,18.0,22,26539
1774,29.4,35,26574
1775,18.2,21,26595
1776,11.6,14,26609
1777,6.6,7,26616
1778,6.6,7,26623
1779,33.0,41,26664
1780,25.0,31,26695
1781,5.8,7,26702
1782,21.0,25,26727
1783,54.0,64,26791
1784,32.6,41,26832
1785,7.2,8,26840
1786,11.0,13,26853
1787,43.6,56,26909
1788,9.2,10,26919
1789,27.0,33,26952
1790,24.0,30,26982
1791,23.6,28,27010
1792,18.6,23,27033
1793,97.4,121,27154
1794,58.0,72,27226
1795,26.8,34,27260
1796,9.0,11,27271
1797,9.4,11,27282
1798,6.8,8,27290
1799,30.0,36,27326
1800,80.0,100,27426
1801,44.8,56,27482
1802,24.0,30,27512
1803,13.8,17,27529
1804,56.8,70,27599
1805,33.8,43,27642
1806,76.2,91,27733
1807,38.2,45,27778
1808,90.0,112,27890
1809,55.2,68,27958
1810,11.2,14,27972
1811,23.4,31,28003
1812,51.8,65,28068
1813,38.8,46,28114
1814,76.6,93,28207
1815,84.4,108,28315
1816,18.0,22,28337
1817,42.2,53,28390
1818,34.8,40,28430
1819,14.0,16,28446
1820,54.0,68,28514
1821,96.8,122,28636
1822,80.8,102,28738
1823,47.6,60,28798
1824,40.6,49,28847
1825,26.4,32,28879
1826,111.8,139,29018
1827,75.2,94,29112
1828,14.2,17,29129
1829,38.2,47,29176
1830,48.2,57,29233
1831,122.6,153,29386
1832,83.6,104,29490
1833,11.6,14,29504
1834,121.6,154,29658
1835,29.4,37,29695
1836,36.8,46,29741
1837,33.4,43,29784
1838,6.8,8,29792
1839,31.2,38,29830
1840,63.0,77,29907
1841,76.4,96,30003
1842,6.6,7,30010
1843,21.0,27,30037
1844,29.0,35,30072
1845,30.0,38,30110
1846,51.0,63,30173
1847,36.8,46,30219
1848,74.2,95,30314
1849,61.2,76,30390
1850,38.6,47,30437
1851,33.8,41,30478
1852,74.0,92,30570
1853,78.4,96,30666
1854,7.8,9,30675
1855,31.4,37,30712
1856,36.2,45,30757
1857,12.4,16,30773
1858,23.4,27,30800
1859,85.2,108,30908
1860,30.4,38,30946
1861,60.6,77,31023
1862,43.8,55,31078
1863,71.8,89,31167
1864,36.6,43,31210
1865,50.4,62,31272
1866,14.6,17,31289
1867,50.8,66,31355
1868,16.4,20,31375
1869,94.8,118,31493
1870,45.6,56,31549
1871,9.0,11,31560
1872,42.0,52,31612
1873,64.2,81,31693
1874,36.2,45,31738
1875,37.6,48,31786
1876,49.4,61,31847
1877,18.2,21,31868
1878,66.2,83,31951
1879,47.4,59,32010
1880,23.2,28,32038
1881,28.0,36,32074
1882,50.2,63,32137
1883,27.6,32,32169
1884,9.0,11,32180
1885,51.2,64,32244
1886,26.8,32,32276
1887,70.8,88,32364
1888,49.4,65,32429
1889,91.2,116,32545
1890,22.0,28,32573
1891,44.4,54,32627
1892,103.2,130,32757
1893,29.0,35,32792
1894,126.4,158,32950
1895,5.2,6,32956
1896,20.6,25,32981
1897,29.8,37,33018
1898,16.2,21,33039
1899,71.4,91,33130
1900,11.2,14,33144
1901,4.2,5,33149
1902,9.6,12,33161
1903,78.8,102,33263
1904,51.6,66,33329
1905,87.0,111,33440
1906,14.6,19,33459
1907,36.6,47,33506
1908,130.8,164,33670
1909,59.0,73,33743
1910,61.8,77,33820
1911,69.4,89,33909
1912,45.8,57,33966
1913,20.2,25,33991
1914,51.4,65,34056
1915,72.8,90,34146
1916,57.6,72,34218
1917,6.0,8,34226
1918,94.4,120,34346
1919,17.8,21,34367
1920,20.0,24,34391
1921,4.8,6,34397
1922,68.6,87,34484
1923,73.6,94,34578
1924,3.2,4,34582
1925,17.4,21,34603
1926,56.4,72,34675
1927,145.6,192,34867
1928,22.4,28,34895
1929,71.4,89,34984
1930,126.2,163,35147
1931,38.0,50,35197
1932,56.4,72,35269
1933,14.4,18,35287
1934,86.8,108,35395
1935,121.6,156,35551
1936,96.2,119,35670
1937,49.6,62,35732
1938,150.2,191,35923
1939,15.6,20,35943
1940,49.0,65,36008
1941,60.2,77,36085
1942,108.2,137,36222
1943,68.8,88,36310
1944,26.4,32,36342
1945,61.0,79,36421
1946,87.4,113,36534
1947,38.4,50,36584
1948,44.0,60,36644
1949,90.2,117,36761
1950,66.6,85,36846
1951,8.8,10,36856
1952,86.6,111,36967
1953,151.2,200,37167
1954,122.2,155,37322
1955,62.4,80,37402
1956,139.2,178,37580
1957,156.8,200,37780
1958,64.6,83,37863
1959,154.0,200,38063
1960,51.4,65,38128
1961,65.8,83,38211
1962,23.0,29,38240
1963,149.0,193,38433
1964,29.4,37,38470
1965,110.2,139,38609
1966,149.6,200,38809
1967,92.8,120,38929
1968,26.2,33,38962
1969,15.0,19,38981
1970,113.6,146,39127
1971,152.0,200,39327
1972,152.8,200,39527
1973,79.4,107,39634
1974,127.8,165,39799
1975,154.4,200,39999
1976,126.4,164,40163
1977,150.0,200,40363
1978,36.0,46,40409
1979,148.8,200,40609
1980,33.4,41,40650
1981,152.8,200,40850
1982,20.8,26,40876
1983,152.0,200,41076
1984,31.2,40,41116
1985,153.2,200,41316
1986,150.0,200,41516
1987,148.8,200,41716
1988,93.4,121,41837
1989,137.6,188,42025
1990,73.8,93,42118
1991,153.2,200,42318
1992,21.4,27,42345
1993,92.8,118,42463
1994,153.2,200,42663
1995,22.4,28,42691
1996,150.0,200,42891
1997,150.4,200,43091
1998,153.2,200,43291
1999,67.6,86,43377
2000,152.4,200,43577
2001,144.4,192,43769
2002,152.8,200,43969
2003,147.6,200,44169
2004,150.0,200,44369
2005,84.2,113,44482
2006,150.8,200,44682
2007,146.0,200,44882
2008,148.4,200,45082
2009,84.4,114,45196
2010,150.0,200,45396
2011,154.0,200,45596
2012,152.8,200,45796
2013,150.0,200,45996
2014,38.0,50,46046
2015,149.6,200,46246
2016,150.4,200,46446
2017,50.8,68,46514
2018,82.4,108,46622
2019,150.4,200,46822
2020,149.2,200,47022
2021,150.4,200,47222
2022,150.4,200,47422
2023,149.6,200,47622
2024,112.2,149,47771
2025,152.0,200,47971
2026,150.0,200,48171
2027,152.8,200,48371
2028,75.4,99,48470
2029,154.4,200,48670
2030,93.8,123,48793
2031,152.8,200,48993
2032,153.2,200,49193
2033,152.0,200,49393
2034,150.0,200,49593
2035,149.6,200,49793
2036,154.4,200,49993
2037,151.6,200,50193
2038,153.2,200,50393
2039,69.4,93,50486
2040,150.4,200,50686
2041,152.4,200,50886
2042,78.6,103,50989
2043,152.8,200,51189
2044,43.8,57,51246
2045,147.0,187,51433
2046,152.4,200,51633
2047,149.2,200,51833
2048,155.2,200,52033
2049,148.8,200,52233
2050,69.4,91,52324
2051,151.6,200,52524
2052,139.2,176,52700
2053,135.8,175,52875
2054,154.8,200,53075
2055,136.2,179,53254
2056,150.4,200,53454
2057,143.0,191,53645
2058,153.2,200,53845
2059,153.2,200,54045
2060,17.6,22,54067
2061,152.8,200,54267
2062,153.2,200,54467
2063,55.2,74,54541
2064,133.6,174,54715
2065,149.6,200,54915
2066,70.4,90,55005
2067,67.6,86,55091
2068,156.0,200,55291
2069,152.4,200,55491
2070,106.6,141,55632
2071,151.6,200,55832
2072,153.6,200,56032
2073,150.0,200,56232
2074,153.2,200,56432
2075,154.4,200,56632
2076,148.8,200,56832
2077,153.2,200,57032
2078,151.2,200,57232
2079,154.8,200,57432
2080,153.2,200,57632
2081,154.4,200,57832
2082,80.6,107,57939
2083,156.0,200,58139
2084,158.8,200,58339
2085,152.4,200,58539
2086,155.2,200,58739
2087,152.0,200,58939
2088,158.4,200,59139
2089,154.4,200,59339
2090,155.6,200,59539
2091,156.4,200,59739
2092,156.0,200,59939
2093,157.6,200,60139
2094,154.0,200,60339
2095,154.8,200,60539
2096,32.4,42,60581
2097,156.8,200,60781
2098,82.8,106,60887
2099,84.2,107,60994
2100,154.8,200,61194
2101,154.4,200,61394
2102,67.2,84,61478
2103,156.0,200,61678
2104,39.6,48,61726
2105,159.6,200,61926
2106,52.0,64,61990
2107,155.2,200,62190
2108,154.4,200,62390
2109,5.6,6,62396
2110,159.2,200,62596
2111,155.2,200,62796
2112,159.2,200,62996
2113,156.4,200,63196
2114,44.0,56,63252
2115,158.4,200,63452
2116,118.2,151,63603
2117,154.0,200,63803
2118,152.0,200,64003
2119,155.6,200,64203
2120,155.2,200,64403
2121,21.0,27,64430
2122,75.0,93,64523
2123,156.4,200,64723
2124,153.6,200,64923
2125,156.4,200,65123
2126,155.6,200,65323
2127,154.4,200,65523
2128,157.6,200,65723
2129,155.6,200,65923
2130,157.2,200,66123
2131,155.6,200,66323
2132,156.8,200,66523
2133,157.6,200,66723
2134,154.4,200,66923
2135,56.6,73,66996
2136,156.0,200,67196
2137,154.4,200,67396
2138,156.8,200,67596
2139,160.4,200,67796
2140,106.2,131,67927
2141,160.0,200,68127
2142,158.0,200,68327
2143,158.0,200,68527
2144,158.8,200,68727
2145,161.6,200,68927
2146,157.2,200,69127
2147,157.2,200,69327
2148,157.2,200,69527
2149,32.6,41,69568
2150,159.2,200,69768
2151,159.2,200,69968
2152,156.8,200,70168
2153,157.6,200,70368
2154,157.6,200,70568
2155,158.8,200,70768
2156,157.6,200,70968
2157,158.8,200,71168
2158,157.6,200,71368
2159,159.2,200,71568
2160,159.6,200,71768
2161,158.8,200,71968
2162,159.2,200,72168
2163,160.8,200,72368
2164,158.4,200,72568
2165,158.8,200,72768
2166,160.0,200,72968
2167,158.0,200,73168
2168,157.6,200,73368
2169,159.6,200,73568
2170,162.4,200,73768
2171,160.0,200,73968
2172,162.4,200,74168
2173,114.6,141,74309
2174,163.6,200,74509
2175,162.0,200,74709
2176,118.8,146,74855
2177,160.4,200,75055
2178,162.4,200,75255
2179,37.0,45,75300
2180,159.6,200,75500
2181,43.6,54,75554
2182,158.0,200,75754
2183,161.2,200,75954
2184,72.4,90,76044
2185,160.4,200,76244
2186,160.4,200,76444
2187,160.4,200,76644
2188,160.0,200,76844
2189,160.8,200,77044
2190,161.2,200,77244
2191,157.6,200,77444
2192,161.2,200,77644
2193,160.8,200,77844
2194,160.4,200,78044
2195,142.0,174,78218
2196,23.6,28,78246
2197,161.2,200,78446
2198,161.2,200,78646
2199,161.2,200,78846
2200,159.2,200,79046
2201,160.4,200,79246
2202,44.6,53,79299
2203,161.2,200,79499
2204,10.4,12,79511
2205,164.4,200,79711
2206,162.8,200,79911
2207,162.0,200,80111
2208,161.6,200,80311
2209,162.0,200,80511
2210,163.6,200,80711
2211,162.0,200,80911
2212,162.0,200,81111
2213,6.8,8,81119
2214,23.6,30,81149
2215,162.4,200,81349
2216,163.2,200,81549
2217,163.6,200,81749
2218,144.6,179,81928
2219,162.0,200,82128
2220,164.8,200,82328
2221,160.8,200,82528
2222,162.0,200,82728
2223,118.0,146,82874
2224,161.2,200,83074
2225,160.4,200,83274
2226,46.6,57,83331
2227,161.6,200,83531
2228,62.6,77,83608
2229,21.0,25,83633
2230,161.6,200,83833
2231,52.6,65,83898
2232,161.6,200,84098
2233,161.6,200,84298
2234,162.0,200,84498
2235,161.6,200,84698
2236,161.6,200,84898
2237,162.8,200,85098
2238,163.2,200,85298
2239,53.6,66,85364
2240,162.0,200,85564
2241,11.0,13,85577
2242,161.6,200,85777
2243,161.2,200,85977
2244,161.2,200,86177
2245,161.6,200,86377
2246,163.6,200,86577
2247,162.4,200,86777
2248,161.6,200,86977
2249,162.4,200,87177
2250,161.2,200,87377
2251,162.4,200,87577
2252,148.8,184,87761
2253,150.2,185,87946
2254,98.6,121,88067
2255,160.4,200,88267
2256,84.2,103,88370
2257,164.4,200,88570
2258,161.6,200,88770
2259,160.4,200,88970
2260,24.6,31,89001
2261,162.8,200,89201
2262,162.8,200,89401
2263,162.0,200,89601
2264,64.0,78,89679
2265,162.4,200,89879
2266,161.6,200,90079
2267,160.4,200,90279
2268,162.8,200,90479
2269,162.0,200,90679
2270,160.4,200,90879
2271,161.2,200,91079
2272,161.6,200,91279
2273,162.0,200,91479
2274,161.6,200,91679
2275,80.0,98,91777
2276,78.8,96,91873
2277,161.6,200,92073
2278,161.2,200,92273
2279,161.6,200,92473
2280,161.6,200,92673
2281,160.8,200,92873
2282,161.2,200,93073
2283,162.0,200,93273
2284,161.6,200,93473
2285,161.2,200,93673
2286,162.4,200,93873
2287,160.4,200,94073
2288,163.2,200,94273
2289,161.6,200,94473
2290,129.4,157,94630
2291,160.0,200,94830
2292,162.0,200,95030
2293,160.4,200,95230
2294,161.2,200,95430
2295,160.0,200,95630
2296,91.6,112,95742
2297,162.0,200,95942
2298,160.8,200,96142
2299,131.6,162,96304
2300,162.0,200,96504
2301,160.0,200,96704
2302,163.6,200,96904
2303,161.6,200,97104
2304,75.4,93,97197
2305,160.8,200,97397
2306,161.2,200,97597
2307,159.6,200,97797
2308,160.8,200,97997
2309,163.6,200,98197
2310,161.6,200,98397
2311,161.6,200,98597
2312,160.4,200,98797
2313,6.2,7,98804
2314,160.8,200,99004
2315,160.0,200,99204
2316,159.2,200,99404
2317,120.4,150,99554
2318,89.2,110,99664
2319,117.0,143,99807
2320,160.4,200,100007
2321,103.6,126,100133
2322,160.8,200,100333
2323,161.2,200,100533
2324,84.4,104,100637
2325,161.2,200,100837
2326,162.0,200,101037
2327,163.2,200,101237
2328,160.0,200,101437
2329,160.4,200,101637
2330,162.4,200,101837
2331,160.8,200,102037
2332,162.8,200,102237
2333,163.2,200,102437
2334,14.4,18,102455
2335,160.8,200,102655
2336,161.2,200,102855
2337,42.2,51,102906
2338,162.0,200,103106
2339,55.2,66,103172
2340,161.2,200,103372
2341,162.0,200,103572
2342,160.8,200,103772
2343,160.8,200,103972
2344,162.0,200,104172
2345,87.2,108,104280
2346,160.8,200,104480
2347,160.4,200,104680
2348,161.6,200,104880
2349,161.2,200,105080
2350,160.8,200,105280
2351,161.2,200,105480
2352,44.0,54,105534
2353,163.2,200,105734
2354,162.8,200,105934
2355,161.2,200,106134
2356,162.0,200,106334
2357,162.0,200,106534
2358,162.0,200,106734
2359,69.2,84,106818
2360,161.2,200,107018
2361,161.6,200,107218
2362,160.8,200,107418
2363,162.4,200,107618
2364,161.6,200,107818
2365,161.6,200,108018
2366,162.0,200,108218
2367,160.8,200,108418
2368,162.4,200,108618
2369,162.4,200,108818
2370,53.8,65,108883
2371,162.8,200,109083
2372,162.0,200,109283
2373,162.8,200,109483
2374,162.8,200,109683
2375,160.8,200,109883
2376,87.6,108,109991
2377,163.6,200,110191
2378,154.4,190,110381
2379,161.6,200,110581
2380,64.2,79,110660
2381,13.6,16,110676
2382,162.0,200,110876
2383,163.6,200,111076
2384,163.2,200,111276
2385,162.0,200,111476
2386,162.0,200,111676
2387,162.0,200,111876
2388,161.2,200,112076
2389,162.4,200,112276
2390,162.4,200,112476
2391,162.0,200,112676
2392,161.6,200,112876
2393,163.2,200,113076
2394,71.2,86,113162
2395,162.0,200,113362
2396,162.0,200,113562
2397,162.8,200,113762
2398,162.4,200,113962
2399,162.0,200,114162
2400,163.2,200,114362
2401,71.6,88,114450
2402,161.6,200,114650
2403,161.6,200,114850
2404,161.6,200,115050
2405,163.2,200,115250
2406,163.2,200,115450
2407,162.0,200,115650
2408,162.4,200,115850
2409,162.4,200,116050
2410,161.2,200,116250
2411,162.4,200,116450
2412,162.8,200,116650
2413,159.2,196,116846
2414,164.4,200,117046
2415,158.0,192,117238
2416,162.4,200,117438
2417,163.2,200,117638
2418,162.8,200,117838
2419,17.8,21,117859
2420,161.6,200,118059
2421,162.4,200,118259
2422,162.8,200,118459
2423,161.6,200,118659
2424,164.4,200,118859
2425,162.4,200,119059
2426,145.8,181,119240
2427,163.6,200,119440
2428,162.4,200,119640
2429,161.6,200,119840
2430,100.8,124,119964
2431,161.6,200,120164
2432,161.2,200,120364
2433,163.6,200,120564
2434,163.6,200,120764
2435,161.6,200,120964
2436,163.6,200,121164
2437,164.0,200,121364
2438,163.2,200,121564
2439,162.8,200,121764
2440,116.4,142,121906
2441,162.8,200,122106
2442,163.2,200,122306
2443,162.8,200,122506
2444,134.4,164,122670
2445,161.2,200,122870
2446,47.0,57,122927
2447,82.6,101,123028
2448,161.6,200,123228
2449,162.0,200,123428
2450,164.0,200,123628
2451,162.4,200,123828
2452,159.0,195,124023
2453,163.6,200,124223
2454,161.6,200,124423
2455,127.4,157,124580
2456,163.2,200,124780
2457,163.6,200,124980
2458,162.0,200,125180
2459,162.0,200,125380
2460,162.4,200,125580
2461,162.4,200,125780
2462,162.0,200,125980
2463,162.0,200,126180
2464,162.0,200,126380
2465,162.4,200,126580
2466,161.2,200,126780
2467,161.6,200,126980
2468,162.0,200,127180
2469,136.4,166,127346
2470,48.0,58,127404
2471,163.2,200,127604
2472,163.2,200,127804
2473,138.4,170,127974
2474,162.4,200,128174
2475,161.2,200,128374
2476,162.0,200,128574
2477,64.8,80,128654
2478,162.0,200,128854
2479,162.8,200,129054
2480,161.6,200,129254
2481,161.6,200,129454
2482,162.0,200,129654
2483,163.6,200,129854
2484,162.0,200,130054
2485,162.4,200,130254
2486,162.8,200,130454
2487,161.6,200,130654
2488,162.0,200,130854
2489,161.2,200,131054
2490,163.2,200,131254
2491,161.6,200,131454
2492,29.6,36,131490
2493,161.6,200,131690
2494,162.0,200,131890
2495,162.4,200,132090
2496,162.0,200,132290
2497,162.0,200,132490
2498,162.0,200,132690
2499,162.4,200,132890
2500,162.0,200,133090
2501,161.2,200,133290
2502,162.4,200,133490
2503,162.0,200,133690
2504,162.8,200,133890
2505,162.8,200,134090
2506,100.0,122,134212
2507,163.6,200,134412
2508,151.2,184,134596
2509,162.4,200,134796
2510,162.0,200,134996
2511,162.4,200,135196
2512,76.8,94,135290
2513,162.8,200,135490
2514,162.4,200,135690
2515,161.2,200,135890
2516,162.4,200,136090
2517,163.2,200,136290
2518,160.8,200,136490
2519,162.0,200,136690
2520,162.8,200,136890
2521,161.2,200,137090
2522,58.2,71,137161
2523,162.4,200,137361
2524,162.8,200,137561
2525,162.0,200,137761
2526,162.0,200,137961
2527,162.4,200,138161
2528,162.4,200,138361
2529,160.0,200,138561
2530,163.2,200,138761
2531,162.8,200,138961
2532,161.2,200,139161
2533,162.8,200,139361
2534,163.6,200,139561
2535,161.6,200,139761
2536,162.4,200,139961
2537,162.4,200,140161
2538,162.4,200,140361
2539,163.6,200,140561
2540,161.6,200,140761
2541,163.2,200,140961
2542,164.4,200,141161
2543,163.2,200,141361
2544,163.6,200,141561
2545,164.4,200,141761
2546,162.0,200,141961
2547,85.2,104,142065
2548,165.2,200,142265
2549,70.6,85,142350
2550,68.6,83,142433
2551,165.2,200,142633
2552,165.2,200,142833
2553,164.8,200,143033
2554,163.2,200,143233
2555,164.0,200,143433
2556,46.4,56,143489
2557,42.2,51,143540
2558,164.4,200,143740
2559,162.8,200,143940
2560,163.6,200,144140
2561,163.6,200,144340
2562,90.0,110,144450
2563,165.2,200,144650
2564,162.4,200,144850
2565,163.2,200,145050
2566,163.6,200,145250
2567,83.0,101,145351
2568,163.6,200,145551
2569,164.0,200,145751
2570,72.4,88,145839
2571,164.0,200,146039
2572,164.4,200,146239
2573,60.4,72,146311
2574,162.8,200,146511
2575,149.6,184,146695
2576,163.2,200,146895
2577,162.8,200,147095
2578,164.8,200,147295
2579,163.2,200,147495
2580,162.0,200,147695
2581,164.4,200,147895
2582,164.4,200,148095
2583,163.6,200,148295
2584,163.2,200,148495
2585,162.4,200,148695
2586,161.6,200,148895
2587,162.4,200,149095
2588,163.2,200,149295
2589,163.2,200,149495
2590,163.6,200,149695
2591,163.6,200,149895
2592,163.2,200,150095
2593,162.8,200,150295
2594,162.0,200,150495
2595,163.6,200,150695
2596,164.4,200,150895
2597,162.8,200,151095
2598,163.6,200,151295
2599,16.8,20,151315
2600,164.8,200,151515
2601,164.8,200,151715
2602,112.2,137,151852
2603,163.6,200,152052
2604,164.0,200,152252
2605,161.6,200,152452
2606,163.6,200,152652
2607,162.4,200,152852
2608,58.4,72,152924
2609,163.6,200,153124
2610,163.2,200,153324
2611,161.6,200,153524
2612,164.8,200,153724
2613,163.2,200,153924
2614,164.0,200,154124
2615,162.4,200,154324
2616,74.8,90,154414
2617,164.0,200,154614
2618,163.6,200,154814
2619,163.6,200,155014
2620,162.4,200,155214
2621,165.2,200,155414
2622,164.4,200,155614
2623,164.8,200,155814
2624,58.6,71,155885
2625,166.0,200,156085
2626,113.2,138,156223
2627,166.0,200,156423
2628,42.2,51,156474
2629,164.8,200,156674
2630,73.8,89,156763
2631,163.6,200,156963
2632,159.4,193,157156
2633,24.4,28,157184
2634,165.2,200,157384
2635,163.2,200,157584
2636,103.8,125,157709
2637,164.4,200,157909
2638,129.6,158,158067
2639,164.4,200,158267
2640,163.2,200,158467
2641,162.8,200,158667
2642,141.8,173,158840
2643,163.2,200,159040
2644,8.8,10,159050
2645,163.6,200,159250
2646,151.4,185,159435
2647,165.2,200,159635
2648,163.2,200,159835
2649,162.8,200,160035
2650,164.0,200,160235
2651,163.2,200,160435
2652,163.2,200,160635
2653,164.8,200,160835
2654,163.6,200,161035
2655,165.6,200,161235
2656,164.0,200,161435
2657,163.2,200,161635
2658,162.8,200,161835
2659,163.2,200,162035
2660,162.0,200,162235
2661,162.8,200,162435
2662,162.0,200,162635
2663,162.0,200,162835
2664,162.8,200,163035
2665,163.2,200,163235
2666,163.6,200,163435
2667,165.2,200,163635
2668,162.8,200,163835
2669,80.4,96,163931
2670,164.8,200,164131
2671,166.8,200,164331
2672,77.2,94,164425
2673,164.8,200,164625
2674,164.0,200,164825
2675,164.8,200,165025
2676,112.4,134,165159
2677,166.4,200,165359
2678,165.6,200,165559
2679,63.2,76,165635
2680,96.2,117,165752
2681,164.0,200,165952
2682,164.8,200,166152
2683,164.0,200,166352
2684,163.2,200,166552
2685,164.4,200,166752
2686,164.8,200,166952
2687,164.0,198,167150
2688,164.8,200,167350
2689,71.4,87,167437
2690,163.6,200,167637
2691,164.8,200,167837
2692,164.0,200,168037
2693,164.4,200,168237
2694,163.6,200,168437
2695,132.0,160,168597
2696,164.4,200,168797
2697,155.2,188,168985
2698,164.4,200,169185
2699,87.8,107,169292
2700,162.8,200,169492
2701,164.4,200,169692
2702,164.0,200,169892
2703,163.2,200,170092
2704,162.4,200,170292
2705,51.8,63,170355
2706,164.8,200,170555
2707,164.0,200,170755
2708,123.4,151,170906
2709,163.2,200,171106
2710,162.8,200,171306
2711,162.4,200,171506
2712,164.4,200,171706
2713,74.0,90,171796
2714,161.2,200,171996
2715,141.4,173,172169
2716,83.6,102,172271
2717,164.0,200,172471
2718,164.4,200,172671
2719,88.2,107,172778
2720,162.4,200,172978
2721,163.6,200,173178
2722,162.8,200,173378
2723,162.4,200,173578
2724,163.6,200,173778
2725,162.4,200,173978
2726,161.6,200,174178
2727,162.4,200,174378
2728,161.2,200,174578
2729,162.8,200,174778
2730,162.0,200,174978
2731,161.6,200,175178
2732,56.0,68,175246
2733,162.0,200,175446
2734,162.8,200,175646
2735,163.2,200,175846
2736,163.2,200,176046
2737,161.6,200,176246
2738,111.6,138,176384
2739,162.8,200,176584
2740,162.8,200,176784
2741,130.0,160,176944
2742,162.4,200,177144
2743,162.0,200,177344
2744,54.6,65,177409
2745,53.0,65,177474
2746,162.4,200,177674
2747,162.8,200,177874
2748,162.0,200,178074
2749,162.8,200,178274
2750,162.4,200,178474
2751,161.6,200,178674
2752,164.0,200,178874
2753,66.6,81,178955
2754,162.0,200,179155
2755,162.8,200,179355
2756,162.0,200,179555
2757,135.0,167,179722
2758,160.8,200,179922
2759,161.6,200,180122
2760,162.0,200,180322
2761,162.0,200,180522
2762,162.4,200,180722
2763,161.2,200,180922
2764,162.4,200,181122
2765,162.4,200,181322
2766,161.6,200,181522
2767,160.8,200,181722
2768,162.0,200,181922
2769,161.2,200,182122
2770,162.4,200,182322
2771,162.8,200,182522
2772,162.4,200,182722
2773,162.4,200,182922
2774,162.0,200,183122
2775,161.2,200,183322
2776,162.0,200,183522
2777,162.0,200,183722
2778,162.4,200,183922
2779,161.6,200,184122
2780,162.8,200,184322
2781,162.4,200,184522
2782,162.4,200,184722
2783,162.4,200,184922
2784,161.2,200,185122
2785,163.6,200,185322
2786,164.0,200,185522
2787,161.6,200,185722
2788,163.6,200,185922
2789,162.4,200,186122
2790,161.6,200,186322
2791,163.2,200,186522
2792,163.2,200,186722
2793,164.0,200,186922
2794,164.0,200,187122
2795,163.2,200,187322
2796,162.4,200,187522
2797,69.2,84,187606
2798,164.0,200,187806
2799,163.6,200,188006
2800,163.2,200,188206
2801,162.8,200,188406
2802,81.6,100,188506
2803,164.0,200,188706
2804,16.8,20,188726
2805,52.8,64,188790
2806,32.0,38,188828
2807,163.2,200,189028
2808,163.6,200,189228
2809,163.6,200,189428
2810,163.4,197,189625
2811,163.6,200,189825
2812,164.8,200,190025
2813,164.4,200,190225
2814,164.4,200,190425
2815,16.6,19,190444
2816,162.4,200,190644
2817,162.4,200,190844
2818,164.0,200,191044
2819,145.8,179,191223
2820,163.2,200,191423
2821,164.8,200,191623
2822,164.0,200,191823
2823,163.2,200,192023
2824,162.4,200,192223
2825,164.0,200,192423
2826,163.6,200,192623
2827,164.0,200,192823
2828,163.2,200,193023
2829,165.2,200,193223
2830,164.0,200,193423
2831,106.2,129,193552
2832,163.2,200,193752
2833,164.8,200,193952
2834,90.4,110,194062
2835,162.4,200,194262
2836,79.2,96,194358
2837,164.4,200,194558
2838,162.8,200,194758
2839,162.8,200,194958
2840,162.4,200,195158
2841,162.8,200,195358
2842,164.4,200,195558
2843,164.4,200,195758
2844,164.8,200,195958
2845,162.0,200,196158
2846,162.8,200,196358
2847,161.6,200,196558
2848,162.4,200,196758
2849,163.2,200,196958
2850,165.6,200,197158
2851,164.0,200,197358
2852,163.6,200,197558
2853,73.8,89,197647
2854,164.0,200,197847
2855,165.2,200,198047
2856,163.6,200,198247
2857,164.8,200,198447
2858,131.8,161,198608
2859,163.2,200,198808
2860,161.6,200,199008
2861,164.0,200,199208
2862,165.2,200,199408
2863,163.6,200,199608
2864,164.4,200,199808
2865,162.8,200,200008
2866,162.4,200,200208
2867,165.2,200,200408
2868,164.4,200,200608
