Episode,Reward,Length,TotalSteps
0,0.034948,2,3
1,-0.344649,3,6
2,0.058266,3,9
3,-0.36446,2,11
4,-1.786254,12,23
5,-0.342255,3,26
6,-0.318385,5,31
7,-0.721191,5,36
8,-0.36165,2,38
9,-0.693943,8,46
10,-1.818069,11,57
11,-1.809545,11,68
12,-0.380394,1,69
13,-0.291131,6,75
14,-0.696323,6,81
15,-0.325528,4,85
16,-0.197668,11,96
17,-0.726593,4,100
18,-0.346548,3,103
19,-0.67282,7,110
20,-0.582756,12,122
21,-0.340281,3,125
22,-2.863829,19,144
23,-1.379174,13,157
24,0.020015,1,158
25,-1.454517,8,166
26,-0.987268,12,178
27,-1.145307,3,181
28,-0.259569,8,189
29,-0.322277,4,193
30,-2.117493,15,208
31,-0.692123,6,214
32,-1.816355,10,224
33,-0.978979,13,237
34,-0.345683,3,240
35,-0.316174,5,245
36,0.221363,12,257
37,-1.073205,7,264
38,0.037634,2,266
39,0.087127,5,271
40,-0.314281,5,276
41,-0.728466,4,280
42,-1.314829,17,297
43,0.039584,2,299
44,-0.729191,4,303
45,-0.345677,3,306
46,-1.047398,9,315
47,-0.667886,7,322
48,-0.341699,4,326
49,-2.143833,16,342
50,0.071407,4,346
51,-0.326405,4,350
52,-0.221075,10,360
53,-0.333331,4,364
54,-2.199684,11,375
55,-1.009401,11,386
56,-0.324997,4,390
57,-1.131755,4,394
58,-0.354648,3,397
59,-0.291873,6,403
60,-8.523032,47,450
61,0.062979,4,454
62,-1.832664,9,463
63,-0.348401,3,466
64,-1.530626,4,470
65,0.018327,1,471
66,-0.66205,7,478
67,-1.364803,15,493
68,-2.526639,16,509
69,-0.348626,3,512
70,-0.283047,7,519
71,0.034139,2,521
72,0.056774,3,524
73,-0.684143,6,530
74,-0.588156,12,542
75,-0.604307,11,553
76,-0.300657,6,559
77,-0.278376,7,566
78,0.055252,3,569
79,-0.689899,6,575
80,0.117594,7,582
81,-2.06978,18,600
82,-0.729124,4,604
83,-0.379644,1,605
84,-0.323746,4,609
85,-1.08308,7,616
86,-0.324994,4,620
87,-0.313512,5,625
88,-2.157492,14,639
89,-1.053228,8,647
90,-1.034541,9,656
91,0.016461,1,657
92,-0.727303,4,661
93,-1.303414,16,677
94,-0.658082,8,685
95,-1.820082,11,696
96,-1.479468,7,703
97,-1.082728,7,710
98,0.018111,1,711
99,-0.704557,5,716
100,-1.06016,8,724
101,-0.380464,1,725
102,-1.104732,5,730
103,-1.043716,9,739
104,-0.7513,3,742
105,-0.723746,5,747
106,-1.088877,6,753
107,-0.709979,5,758
108,-1.351591,14,772
109,0.039339,2,774
110,-0.703937,5,779
111,-0.342468,3,782
112,-1.515432,5,787
113,-0.740642,3,790
114,-1.398885,11,801
115,0.039092,2,803
116,-1.092915,7,810
117,-0.707524,5,815
118,-0.708035,5,820
119,-0.755768,3,823
120,0.067399,4,827
121,-1.411874,10,837
122,-1.089296,6,843
123,0.058795,3,846
124,-3.595428,22,868
125,-1.745525,19,887
126,-0.726114,4,891
127,-1.04634,9,900
128,0.103802,6,906
129,-1.844475,9,915
130,-1.133004,4,919
131,-2.085585,17,936
132,-1.046798,9,945
133,-0.641548,9,954
134,-1.80404,11,965
135,-0.722534,4,969
136,-1.071686,7,976
137,-0.939072,16,992
138,-0.741223,3,995
139,-0.337434,4,999
140,-1.005515,11,1010
141,-1.107516,6,1016
142,-0.689298,6,1022
143,-1.083407,7,1029
144,-0.963966,13,1042
145,-0.586634,12,1054
146,-0.749828,3,1057
147,-0.332725,4,1061
148,-1.449453,9,1070
149,-0.341589,3,1073
150,-1.036188,9,1082
151,0.106161,6,1088
152,-1.100008,6,1094
153,-0.679485,7,1101
154,-0.979689,12,1113
155,-3.342957,15,1128
156,-1.079162,7,1135
157,0.037788,2,1137
158,-1.09944,7,1144
159,-0.306161,5,1149
160,-0.182003,13,1162
161,-0.559828,14,1176
162,-1.379958,12,1188
163,-0.998273,11,1199
164,-0.349486,3,1202
165,-0.724408,4,1206
166,-0.607051,11,1217
167,-0.311299,5,1222
168,-0.626921,10,1232
169,-1.387938,12,1244
170,-0.290127,7,1251
171,-1.7973,12,1263
172,-1.109538,5,1268
173,-1.050808,8,1276
174,0.020485,1,1277
175,-0.74611,3,1280
176,-1.394067,12,1292
177,-0.232128,9,1301
178,-0.621209,11,1312
179,0.038889,2,1314
180,-0.362691,2,1316
181,-0.657417,8,1324
182,-1.107754,5,1329
183,-0.380073,1,1330
184,0.047869,3,1333
185,-0.67925,8,1341
186,-2.523077,15,1356
187,-0.724709,4,1360
188,-1.838852,9,1369
189,-1.772105,14,1383
190,-2.378911,24,1407
191,-1.093028,6,1413
192,-2.158824,15,1428
193,-0.707464,5,1433
194,-1.053386,8,1441
195,-0.236006,9,1450
196,-1.410749,10,1460
197,0.112612,6,1466
198,-0.727308,4,1470
199,-0.597504,11,1481
200,-0.345608,3,1484
201,0.039239,2,1486
202,-1.057196,8,1494
203,-0.161531,13,1507
204,-2.177885,12,1519
205,-0.713859,5,1524
206,-0.361892,2,1526
207,-0.295721,6,1532
208,-0.648725,8,1540
209,-0.307402,5,1545
210,-3.220027,21,1566
211,-2.220868,10,1576
212,-0.361361,2,1578
213,-1.041453,9,1587
214,-1.850605,8,1595
215,-0.616498,10,1605
216,0.074836,4,1609
217,-0.593396,12,1621
218,0.021378,1,1622
219,0.07006,4,1626
220,-0.694179,6,1632
221,-0.302047,6,1638
222,-2.552764,17,1655
223,-1.503833,5,1660
224,-1.053453,8,1668
225,-1.058798,8,1676
226,-0.36342,2,1678
227,-1.821357,10,1688
228,0.074529,4,1692
229,-0.705781,5,1697
230,-1.096779,6,1703
231,-1.109647,5,1708
232,-0.298213,6,1714
233,-0.97923,12,1726
234,0.053935,3,1729
235,-0.290997,6,1735
236,-1.026623,10,1745
237,-1.045119,9,1754
238,-1.470357,7,1761
239,-0.326136,4,1765
240,-0.743314,3,1768
241,-0.75244,3,1771
242,0.019306,1,1772
243,0.087229,5,1777
244,-0.294759,6,1783
245,0.039939,2,1785
246,-0.289079,6,1791
247,-0.707228,5,1796
248,-0.324255,5,1801
249,-0.717481,5,1806
250,-0.367548,2,1808
251,-0.540365,15,1823
252,-0.960093,13,1836
253,-2.87636,19,1855
254,-1.037985,9,1864
255,-0.344543,3,1867
256,-0.736806,4,1871
257,-0.215329,11,1882
258,0.091035,5,1887
259,-1.401433,12,1899
260,-0.363741,2,1901
261,-0.380689,1,1902
262,0.066479,4,1906
263,-1.079158,7,1913
264,-1.472543,7,1920
265,-0.710287,5,1925
266,-0.693631,6,1931
267,-2.364603,24,1955
268,-1.054893,9,1964
269,-0.636969,9,1973
270,-0.692135,6,1979
271,-0.742691,3,1982
272,-0.3157,5,1987
273,-0.289004,7,1994
274,-0.347058,3,1997
275,-0.327432,4,2001
276,0.100467,6,2007
277,-2.183849,12,2019
278,-0.306123,5,2024
279,0.089112,5,2029
280,0.01951,1,2030
281,-0.31265,5,2035
282,-0.722662,4,2039
283,-0.673926,7,2046
284,-1.412371,10,2056
285,0.019808,1,2057
286,-1.701255,16,2073
287,-0.611861,10,2083
288,0.089269,5,2088
289,-1.888154,7,2095
290,0.064632,4,2099
291,-0.158984,14,2113
292,-0.308461,5,2118
293,-0.285617,7,2125
294,-1.56757,24,2149
295,-0.70657,5,2154
296,0.087626,5,2159
297,-0.385204,1,2160
298,-1.013884,10,2170
299,-1.015729,10,2180
300,-0.247381,9,2189
301,-0.716591,5,2194
302,0.016285,1,2195
303,0.126986,7,2202
304,-0.255281,8,2210
305,-0.97233,13,2223
306,-0.297902,6,2229
307,-0.360874,2,2231
308,-0.63726,10,2241
309,-0.269394,7,2248
310,-0.695005,6,2254
311,-0.364134,2,2256
312,0.084741,5,2261
313,0.143469,8,2269
314,-0.344966,3,2272
315,-1.088551,7,2279
316,-0.221879,10,2289
317,-0.263962,7,2296
318,-1.444876,9,2305
319,-0.256537,8,2313
320,-1.729913,17,2330
321,0.162447,9,2339
322,-0.228445,10,2349
323,-1.372042,13,2362
324,-1.051875,8,2370
325,0.037792,2,2372
326,-1.386971,12,2384
327,-0.19956,11,2395
328,-1.985906,23,2418
329,0.105794,6,2424
330,-0.575829,14,2438
331,0.051645,3,2441
332,-0.991802,12,2453
333,-0.289295,6,2459
334,-0.693768,6,2465
335,0.018999,1,2466
336,-0.708859,5,2471
337,-0.244141,9,2480
338,-0.092662,18,2498
339,-0.82521,21,2519
340,-1.44026,10,2529
341,-0.643155,9,2538
342,0.039141,2,2540
343,-0.946714,14,2554
344,-0.225427,10,2564
345,0.018308,1,2565
346,-0.363937,2,2567
347,0.069398,4,2571
348,-0.691796,6,2577
349,-0.270285,7,2584
350,-0.274384,7,2591
351,0.074587,4,2595
352,-0.69019,6,2601
353,-1.089501,6,2607
354,-0.326419,4,2611
355,-1.868943,8,2619
356,-0.198963,11,2630
357,-0.290141,6,2636
358,0.07698,4,2640
359,-1.457918,12,2652
360,0.034302,2,2654
361,-0.29063,7,2661
362,-1.065808,8,2669
363,0.020091,1,2670
364,0.074364,4,2674
365,-0.725869,4,2678
366,0.124192,7,2685
367,-1.074992,7,2692
368,-0.990981,11,2703
369,-0.261138,8,2711
370,-1.078677,7,2718
371,0.039174,2,2720
372,0.055357,3,2723
373,-0.257079,8,2731
374,-0.316506,5,2736
375,-0.679768,7,2743
376,-0.650087,9,2752
377,-0.310321,5,2757
378,0.053921,3,2760
379,-0.695679,6,2766
380,-0.288653,6,2772
381,-0.347536,3,2775
382,-1.362446,13,2788
383,0.057412,3,2791
384,-1.070699,7,2798
385,-0.70512,5,2803
386,-1.141094,3,2806
387,-0.673408,7,2813
388,-0.379956,1,2814
389,-0.264969,8,2822
390,0.108804,6,2828
391,-0.29225,6,2834
392,-0.694812,6,2840
393,-0.761041,2,2842
394,-0.74392,3,2845
395,0.039014,2,2847
396,-1.050978,9,2856
397,-0.677724,7,2863
398,-0.213824,10,2873
399,0.01765,1,2874
400,-1.066976,8,2882
401,-1.248414,20,2902
402,-0.736281,4,2906
403,0.08855,6,2912
404,-0.889374,19,2931
405,-0.342377,3,2934
406,-0.728748,4,2938
407,0.020695,1,2939
408,-0.676463,7,2946
409,-1.452904,9,2955
410,-0.330058,5,2960
411,0.093548,5,2965
412,-1.850125,8,2973
413,-0.226445,10,2983
414,-0.327784,4,2987
415,-0.326889,4,2991
416,0.107883,6,2997
417,0.108662,6,3003
418,0.057192,3,3006
419,-0.744258,3,3009
420,-0.227979,10,3019
421,-1.072933,11,3030
422,-0.653522,8,3038
423,-0.323933,4,3042
424,-0.34186,3,3045
425,-0.719538,5,3050
426,-0.741526,3,3053
427,-0.725863,4,3057
428,-1.341688,14,3071
429,0.016451,1,3072
430,0.018246,1,3073
431,-0.252491,8,3081
432,0.035684,2,3083
433,-0.636473,11,3094
434,0.040095,2,3096
435,-0.633457,9,3105
436,-0.328721,4,3109
437,-0.707565,5,3114
438,-0.288782,6,3120
439,-0.327137,4,3124
440,0.038833,2,3126
441,-0.335027,4,3130
442,-0.296343,6,3136
443,-0.209523,11,3147
444,-0.503134,17,3164
445,-1.277703,20,3184
446,-0.678123,7,3191
447,-0.703393,6,3197
448,-0.24055,9,3206
449,-1.110879,5,3211
450,-0.258125,8,3219
451,-0.760326,2,3221
452,0.037028,2,3223
453,-1.127035,4,3227
454,-1.142719,3,3230
455,-1.104192,5,3235
456,-0.272493,7,3242
457,-0.748063,3,3245
458,-1.407877,11,3256
459,-1.051395,9,3265
460,-0.379752,1,3266
461,-0.941005,14,3280
462,-0.619113,10,3290
463,-2.175752,13,3303
464,-0.307666,5,3308
465,-0.730425,4,3312
466,-0.381212,1,3313
467,-0.633235,9,3322
468,0.093394,5,3327
469,-0.354514,3,3330
470,-0.32308,4,3334
471,0.039304,2,3336
472,0.03616,2,3338
473,0.114107,6,3344
474,-1.556948,25,3369
475,0.078012,4,3373
476,-0.334101,5,3378
477,-0.727037,4,3382
478,-0.290206,6,3388
479,0.077454,4,3392
480,-0.70564,6,3398
481,-0.33135,4,3402
482,-1.03009,10,3412
483,-0.688748,7,3419
484,0.081746,5,3424
485,0.069947,4,3428
486,0.14595,8,3436
487,-0.725307,4,3440
488,-0.708969,5,3445
489,0.020266,1,3446
490,-0.669792,7,3453
491,-1.012731,11,3464
492,-0.343901,3,3467
493,-0.289252,6,3473
494,-0.676974,7,3480
495,-0.342191,3,3483
496,-0.341896,3,3486
497,0.124366,7,3493
498,-0.714977,6,3499
499,-0.156309,13,3512
500,-0.295255,6,3518
501,0.109239,6,3524
502,0.196075,11,3535
503,0.035954,2,3537
504,-0.305909,5,3542
505,-0.841195,20,3562
506,-0.381026,1,3563
507,-0.901366,16,3579
508,-0.289763,6,3585
509,-0.584356,13,3598
510,0.019516,1,3599
511,0.076704,4,3603
512,-1.090071,8,3611
513,-1.016299,10,3621
514,-0.195332,11,3632
515,0.036774,2,3634
516,0.107034,6,3640
517,-1.131383,5,3645
518,0.017509,1,3646
519,-0.322724,4,3650
520,-0.32527,4,3654
521,-1.455616,8,3662
522,-0.595259,11,3673
523,-0.324798,4,3677
524,-0.235041,9,3686
525,-0.715917,5,3691
526,-0.35313,4,3695
527,0.030645,2,3697
528,-0.951184,14,3711
529,0.126928,7,3718
530,-0.361985,2,3720
531,-1.412002,11,3731
532,-1.396978,11,3742
533,0.109447,6,3748
534,-0.995627,11,3759
535,-0.674509,7,3766
536,-0.250041,8,3774
537,-1.304658,17,3791
538,-1.07472,7,3798
539,-0.324499,4,3802
540,-0.87794,19,3821
541,0.057604,3,3824
542,0.126629,7,3831
543,-1.040363,11,3842
544,-1.110122,5,3847
545,-0.679207,7,3854
546,-0.360886,2,3856
547,0.019004,1,3857
548,-0.288179,6,3863
549,-0.342137,4,3867
550,0.183945,10,3877
551,-0.297124,6,3883
552,-0.270821,7,3890
553,-0.782007,25,3915
554,0.01666,1,3916
555,-0.342632,3,3919
556,-0.286884,6,3925
557,-0.70667,5,3930
558,-0.309716,5,3935
559,-0.708848,5,3940
560,-1.051085,9,3949
561,-1.05336,8,3957
562,0.019931,1,3958
563,-0.707809,5,3963
564,-0.344027,3,3966
565,0.075555,4,3970
566,-0.254655,8,3978
567,-1.007021,13,3991
568,-0.708208,5,3996
569,-0.328534,4,4000
570,-0.724738,4,4004
571,-0.667456,7,4011
572,-0.189717,12,4023
573,-0.329707,4,4027
574,0.035448,2,4029
575,0.070507,4,4033
576,-0.991919,12,4045
577,-1.091914,6,4051
578,-0.646082,9,4060
579,-0.71241,5,4065
580,0.054531,3,4068
581,0.068422,4,4072
582,0.019934,1,4073
583,-0.295048,6,4079
584,0.052325,3,4082
585,-0.76235,2,4084
586,-2.56903,15,4099
587,-0.363618,2,4101
588,0.149071,8,4109
589,0.034916,2,4111
590,-0.310421,5,4116
591,0.017564,1,4117
592,0.086647,5,4122
593,0.074422,4,4126
594,0.094795,5,4131
595,-0.235119,9,4140
596,-0.652219,9,4149
597,0.070751,4,4153
598,-0.325219,4,4157
599,0.152011,9,4166
600,0.052743,3,4169
601,0.07728,4,4173
602,-0.363387,2,4175
603,0.057818,3,4178
604,0.074512,4,4182
605,-0.31208,5,4187
606,0.019856,1,4188
607,0.157475,10,4198
608,-0.308111,5,4203
609,-1.132547,4,4207
610,-0.234614,9,4216
611,0.089006,5,4221
612,0.086988,5,4226
613,0.136844,8,4234
614,-0.329035,4,4238
615,-0.261229,8,4246
616,0.05219,3,4249
617,0.037192,2,4251
618,0.079681,5,4256
619,-0.184486,12,4268
620,-1.474139,7,4275
621,0.111789,6,4281
622,-0.240013,9,4290
623,-1.435321,9,4299
624,0.069389,4,4303
625,-0.291375,7,4310
626,-0.262084,8,4318
627,-0.305421,5,4323
628,-0.311269,5,4328
629,-0.642782,9,4337
630,-0.203167,11,4348
631,0.10101,6,4354
632,-0.33263,4,4358
633,-0.289122,6,4364
634,-0.291116,6,4370
635,-0.322646,5,4375
636,0.116733,8,4383
637,-0.269994,7,4390
638,-0.380364,1,4391
639,0.075987,4,4395
640,0.01907,1,4396
641,0.065725,4,4400
642,0.035366,2,4402
643,-0.341032,3,4405
644,-0.254366,8,4413
645,-0.286948,6,4419
646,0.129667,8,4427
647,0.05646,3,4430
648,0.035914,2,4432
649,-0.364433,2,4434
650,-1.968077,25,4459
651,0.136662,8,4467
652,0.057204,3,4470
653,-0.709018,6,4476
654,0.049086,3,4479
655,0.143316,8,4487
656,-0.725788,4,4491
657,-1.002346,12,4503
658,0.078383,4,4507
659,-0.313145,5,4512
660,0.018398,1,4513
661,-0.981925,12,4525
662,-0.627435,10,4535
663,-2.456331,20,4555
664,-0.944251,14,4569
665,0.126339,7,4576
666,-0.531589,15,4591
667,-0.342918,3,4594
668,0.141934,8,4602
669,0.039335,2,4604
670,0.08661,5,4609
671,-0.668569,7,4616
672,-0.30593,5,4621
673,-0.276385,7,4628
674,0.073371,5,4633
675,-0.344748,3,4636
676,-1.005045,11,4647
677,0.051944,3,4650
678,0.053181,3,4653
679,-0.114998,16,4669
680,0.068016,4,4673
681,0.034765,2,4675
682,-0.713395,5,4680
683,-0.326259,4,4684
684,-0.728292,4,4688
685,-0.306247,5,4693
686,-0.543732,14,4707
687,-0.325193,4,4711
688,0.141633,8,4719
689,-0.305513,5,4724
690,-1.791161,35,4759
691,0.050498,3,4762
692,0.054282,3,4765
693,0.094036,6,4771
694,0.079944,5,4776
695,-0.722309,4,4780
696,-0.219213,10,4790
697,0.073637,4,4794
698,-0.275167,7,4801
699,-0.271709,7,4808
700,0.167418,10,4818
701,0.09038,5,4823
702,0.038009,2,4825
703,-0.297195,6,4831
704,0.019094,1,4832
705,0.036264,2,4834
706,-0.324232,4,4838
707,-0.259783,8,4846
708,-0.261512,8,4854
709,0.094415,5,4859
710,0.04851,3,4862
711,-1.378692,13,4875
712,-0.31709,5,4880
713,-0.342135,4,4884
714,0.09223,5,4889
715,-0.231923,9,4898
716,-0.061518,19,4917
717,0.110511,6,4923
718,-0.183225,12,4935
719,-0.318387,5,4940
720,-0.334794,4,4944
721,-1.031376,10,4954
722,0.027893,2,4956
723,0.035136,2,4958
724,0.052817,3,4961
725,-0.694387,6,4967
726,0.277905,16,4983
727,-0.222618,10,4993
728,0.01952,1,4994
729,-0.745752,3,4997
730,0.057306,3,5000
731,0.102226,6,5006
732,-0.312702,6,5012
733,-0.346426,3,5015
734,0.056296,3,5018
735,-0.711078,5,5023
736,-0.347851,3,5026
737,0.094883,5,5031
738,-0.921406,17,5048
739,-0.279462,9,5057
740,0.020124,1,5058
741,-0.669372,7,5065
742,-0.204434,11,5076
743,-0.398245,22,5098
744,-0.363425,2,5100
745,-0.601184,11,5111
746,-0.653598,8,5119
747,0.11242,6,5125
748,-0.307703,5,5130
749,-0.126681,15,5145
750,-0.248471,8,5153
751,-1.09797,6,5159
752,-1.050082,8,5167
753,0.077078,4,5171
754,0.054968,3,5174
755,0.125728,8,5182
756,-0.292942,6,5188
757,0.127874,7,5195
758,-0.630516,11,5206
759,-0.162999,15,5221
760,-0.23772,9,5230
761,-0.184852,12,5242
762,-0.313816,5,5247
763,-0.714902,5,5252
764,-0.712095,5,5257
765,0.170903,9,5266
766,-0.715003,5,5271
767,0.055476,3,5274
768,0.057564,3,5277
769,0.036532,2,5279
770,-0.282246,7,5286
771,-0.710045,5,5291
772,0.090995,5,5296
773,-0.727474,4,5300
774,0.136725,8,5308
775,0.07418,4,5312
776,0.0931,5,5317
777,-1.046214,9,5326
778,-0.671887,7,5333
779,-0.295027,6,5339
780,-0.361535,2,5341
781,0.243471,13,5354
782,-1.390373,11,5365
783,-0.703013,6,5371
784,0.170727,9,5380
785,-1.431486,9,5389
786,-0.710597,5,5394
787,0.097515,6,5400
788,-0.34488,3,5403
789,0.038273,2,5405
790,0.065342,4,5409
791,-0.734465,4,5413
792,-0.654041,8,5421
793,-0.323787,4,5425
794,0.05672,3,5428
795,-0.331936,4,5432
796,-0.311154,5,5437
797,-0.27432,7,5444
798,0.059597,3,5447
799,-0.345474,3,5450
800,-0.347341,3,5453
801,-0.344489,3,5456
802,0.093662,6,5462
803,-0.992457,12,5474
804,0.127746,7,5481
805,0.187966,10,5491
806,-0.987278,12,5503
807,-0.340403,3,5506
808,0.145928,8,5514
809,-0.138822,15,5529
810,-0.27037,7,5536
811,0.108058,6,5542
812,-1.051838,8,5550
813,-0.304385,6,5556
814,-0.194995,12,5568
815,-0.702323,5,5573
816,-0.064967,19,5592
817,-0.226867,11,5603
818,-0.251893,8,5611
819,-0.323131,4,5615
820,-0.295813,6,5621
821,-1.016209,10,5631
822,-0.995504,13,5644
823,-0.312525,5,5649
824,-0.31277,5,5654
825,0.073575,4,5658
826,-0.366182,2,5660
827,-0.590119,11,5671
828,-0.271169,7,5678
829,0.141316,9,5687
830,-0.292653,6,5693
831,0.088522,5,5698
832,-0.279178,7,5705
833,-1.050983,9,5714
834,-0.997142,11,5725
835,-0.610631,11,5736
836,-0.689089,6,5742
837,0.056607,3,5745
838,0.038275,2,5747
839,0.052891,3,5750
840,0.101606,6,5756
841,-0.093903,17,5773
842,-0.670868,7,5780
843,-0.326961,4,5784
844,0.054168,3,5787
845,-0.365609,2,5789
846,-0.530237,15,5804
847,-0.243879,9,5813
848,-0.259361,8,5821
849,0.046761,3,5824
850,-0.724899,5,5829
851,-0.349369,3,5832
852,-0.264779,7,5839
853,-0.7483,3,5842
854,-0.594722,11,5853
855,-0.195381,11,5864
856,-0.319244,5,5869
857,0.066664,4,5873
858,-0.72443,4,5877
859,0.066094,4,5881
860,0.092994,5,5886
861,-0.673644,7,5893
862,0.020193,1,5894
863,0.016304,1,5895
864,0.019901,1,5896
865,-0.656062,8,5904
866,-0.683033,8,5912
867,-0.504921,16,5928
868,-0.321194,4,5932
869,0.037078,2,5934
870,0.145416,8,5942
871,0.019953,1,5943
872,-0.723703,4,5947
873,-0.671287,7,5954
874,0.021014,1,5955
875,-0.34985,3,5958
876,-0.210025,11,5969
877,0.132609,8,5977
878,-0.742095,3,5980
879,-0.341698,3,5983
880,-0.326295,4,5987
881,0.234413,13,6000
882,-0.341907,3,6003
883,0.01954,1,6004
884,0.111862,6,6010
885,0.088303,5,6015
886,-0.323684,4,6019
887,-0.705533,5,6024
888,-0.342382,3,6027
889,-0.653229,8,6035
890,-0.181154,12,6047
891,-0.534157,15,6062
892,0.138767,8,6070
893,0.071216,4,6074
894,0.074882,4,6078
895,0.068284,4,6082
896,0.064888,4,6086
897,-0.990236,11,6097
898,-0.231663,10,6107
899,-0.325667,4,6111
900,-0.330356,4,6115
901,-0.260791,9,6124
902,-0.224109,10,6134
903,0.07412,4,6138
904,0.077114,4,6142
905,0.081501,5,6147
906,-0.273562,7,6154
907,-1.00734,10,6164
908,-0.335068,4,6168
909,-0.731293,5,6173
910,0.066979,4,6177
911,-0.650473,8,6185
912,-0.268739,7,6192
913,0.038839,2,6194
914,-0.188797,12,6206
915,-0.72716,4,6210
916,-0.246866,8,6218
917,-1.106401,6,6224
918,0.057714,4,6228
919,0.018572,1,6229
920,0.110312,7,6236
921,-0.26561,8,6244
922,0.053411,3,6247
923,-0.728101,4,6251
924,0.058542,4,6255
925,0.08714,5,6260
926,0.076041,5,6265
927,-0.243167,9,6274
928,-0.290786,6,6280
929,0.019184,1,6281
930,0.039056,2,6283
931,0.092553,5,6288
932,0.07369,4,6292
933,0.054931,3,6295
934,-0.647495,9,6304
935,-0.669559,7,6311
936,-1.052413,9,6320
937,-0.292296,6,6326
938,0.08574,5,6331
939,-0.326176,4,6335
940,-0.245857,9,6344
941,0.073597,4,6348
942,0.071639,4,6352
943,0.162935,9,6361
944,-0.329012,4,6365
945,-0.259516,8,6373
946,0.195268,11,6384
947,0.075419,4,6388
948,0.103811,6,6394
949,0.020002,1,6395
950,-0.306612,5,6400
951,0.053435,3,6403
952,0.094332,5,6408
953,-0.330563,4,6412
954,0.057369,3,6415
955,0.058775,3,6418
956,-0.281767,7,6425
957,0.134032,7,6432
958,-0.348646,3,6435
959,0.084427,5,6440
960,-0.688236,6,6446
961,-0.708802,5,6451
962,-0.309911,5,6456
963,0.055236,3,6459
964,-0.958208,13,6472
965,-1.346854,14,6486
966,0.203253,11,6497
967,0.038056,2,6499
968,0.109434,6,6505
969,-0.494061,17,6522
970,-1.089486,7,6529
971,0.129681,7,6536
972,0.143229,8,6544
973,-0.300433,6,6550
974,-0.267866,7,6557
975,0.072813,4,6561
976,0.076072,4,6565
977,0.058167,3,6568
978,0.037176,2,6570
979,0.076929,4,6574
980,0.07202,5,6579
981,0.037429,2,6581
982,-0.636819,9,6590
983,0.069824,4,6594
984,-0.619176,10,6604
985,-0.250777,8,6612
986,-0.268195,7,6619
987,-0.326322,4,6623
988,-0.674496,7,6630
989,-0.578056,13,6643
990,0.111943,6,6649
991,0.017327,1,6650
992,0.097061,5,6655
993,-1.040945,11,6666
994,0.165729,10,6676
995,-0.732753,4,6680
996,0.040712,2,6682
997,0.116824,7,6689
998,0.070864,4,6693
999,-0.269719,7,6700
1000,-0.341655,3,6703
1001,0.076499,4,6707
1002,0.056988,3,6710
1003,0.067085,4,6714
1004,0.047948,3,6717
1005,0.131861,7,6724
1006,-0.285228,8,6732
1007,-0.284972,7,6739
1008,-0.174982,13,6752
1009,0.113034,6,6758
1010,0.016709,1,6759
1011,0.077728,4,6763
1012,-0.274387,7,6770
1013,0.020694,1,6771
1014,-0.248617,9,6780
1015,-0.305445,5,6785
1016,0.111305,6,6791
1017,0.070848,4,6795
1018,0.187318,10,6805
1019,-0.328759,4,6809
1020,-0.30814,5,6814
1021,0.126483,7,6821
1022,-0.268742,8,6829
1023,-0.305046,5,6834
1024,-1.597695,25,6859
1025,0.092105,5,6864
1026,-0.172676,13,6877
1027,0.080697,5,6882
1028,0.107917,6,6888
1029,-0.153914,14,6902
1030,0.206659,12,6914
1031,0.175427,10,6924
1032,-0.290732,6,6930
1033,0.073464,4,6934
1034,-0.237136,9,6943
1035,-0.347104,3,6946
1036,-0.233025,9,6955
1037,0.159788,9,6964
1038,-0.212228,11,6975
1039,0.050829,3,6978
1040,-0.689105,6,6984
1041,0.128382,7,6991
1042,0.197243,11,7002
1043,0.056501,3,7005
1044,0.214928,12,7017
1045,-0.3073,5,7022
1046,0.218885,12,7034
1047,0.073886,4,7038
1048,0.035247,2,7040
1049,0.062002,4,7044
1050,0.035936,2,7046
1051,-0.305141,5,7051
1052,0.038838,2,7053
1053,0.13226,7,7060
1054,-0.344041,3,7063
1055,-0.324573,4,7067
1056,0.091221,5,7072
1057,-0.655262,8,7080
1058,-0.330092,4,7084
1059,-0.119773,17,7101
1060,-0.690006,6,7107
1061,-0.206864,11,7118
1062,-0.360381,2,7120
1063,0.016497,1,7121
1064,0.111123,6,7127
1065,-0.308975,5,7132
1066,-0.250775,10,7142
1067,0.125298,7,7149
1068,0.054859,3,7152
1069,0.020189,1,7153
1070,0.037177,2,7155
1071,-0.190949,11,7166
1072,0.112139,6,7172
1073,0.030928,2,7174
1074,0.017436,1,7175
1075,-1.152273,26,7201
1076,-0.167356,13,7214
1077,0.22463,13,7227
1078,0.037283,2,7229
1079,-0.191238,13,7242
1080,0.148072,8,7250
1081,-0.765185,28,7278
1082,-0.288691,6,7284
1083,0.039058,2,7286
1084,-0.286397,6,7292
1085,-0.32284,4,7296
1086,-0.657024,8,7304
1087,0.089627,5,7309
1088,-0.657364,8,7317
1089,-0.288501,6,7323
1090,0.038903,2,7325
1091,0.110683,6,7331
1092,0.017703,1,7332
1093,0.057497,3,7335
1094,0.057811,3,7338
1095,0.054815,3,7341
1096,-0.326056,4,7345
1097,0.061498,4,7349
1098,-0.301173,6,7355
1099,0.098806,6,7361
1100,0.120706,7,7368
1101,0.036726,2,7370
1102,0.073676,4,7374
1103,-0.521711,16,7390
1104,0.068748,4,7394
1105,0.055047,4,7398
1106,-0.22803,11,7409
1107,0.355198,21,7430
1108,-0.556741,14,7444
1109,-0.343616,3,7447
1110,0.113391,6,7453
1111,0.091106,5,7458
1112,0.088424,5,7463
1113,0.114297,6,7469
1114,0.098432,5,7474
1115,0.166486,9,7483
1116,-0.23315,9,7492
1117,0.067389,4,7496
1118,-0.314736,7,7503
1119,0.140797,8,7511
1120,-0.360411,2,7513
1121,-0.606523,11,7524
1122,0.068597,4,7528
1123,-0.279484,7,7535
1124,0.053782,3,7538
1125,-0.276986,9,7547
1126,0.019506,1,7548
1127,0.020267,1,7549
1128,0.073634,4,7553
1129,0.190844,10,7563
1130,-0.368463,2,7565
1131,0.054927,3,7568
1132,-0.503659,17,7585
1133,0.037351,2,7587
1134,0.088587,5,7592
1135,0.17031,9,7601
1136,0.037044,2,7603
1137,-0.295643,6,7609
1138,0.019169,1,7610
1139,-0.320325,5,7615
1140,0.058281,3,7618
1141,0.090467,5,7623
1142,0.073464,4,7627
1143,-0.689986,6,7633
1144,0.071689,4,7637
1145,-0.312503,5,7642
1146,-0.609285,11,7653
1147,0.147542,8,7661
1148,0.249232,14,7675
1149,-0.332463,4,7679
1150,0.035148,2,7681
1151,0.028563,2,7683
1152,0.135053,7,7690
1153,0.076128,4,7694
1154,-0.258231,8,7702
1155,-0.971883,13,7715
1156,0.019358,1,7716
1157,-0.313694,5,7721
1158,0.093502,5,7726
1159,-0.268099,7,7733
1160,0.132934,7,7740
1161,-0.309391,5,7745
1162,-0.176896,12,7757
1163,0.052737,3,7760
1164,0.094929,5,7765
1165,-0.28059,7,7772
1166,0.097029,5,7777
1167,0.198726,11,7788
1168,-0.282229,7,7795
1169,0.056589,3,7798
1170,0.053638,3,7801
1171,-0.343195,3,7804
1172,-0.635524,9,7813
1173,-0.257288,8,7821
1174,0.106283,6,7827
1175,0.166526,9,7836
1176,-0.703201,5,7841
1177,0.127612,7,7848
1178,0.072083,4,7852
1179,0.019974,1,7853
1180,-0.291278,6,7859
1181,0.07369,4,7863
1182,-0.295463,6,7869
1183,-0.509754,16,7885
1184,0.074477,4,7889
1185,0.186488,10,7899
1186,-0.601168,11,7910
1187,0.140145,8,7918
1188,0.064321,4,7922
1189,0.036452,3,7925
1190,0.052234,3,7928
1191,-0.269246,7,7935
1192,0.074837,4,7939
1193,-1.009048,11,7950
1194,0.017927,1,7951
1195,0.108264,6,7957
1196,0.104656,6,7963
1197,0.069691,4,7967
1198,-0.738269,4,7971
1199,0.177157,10,7981
1200,-1.111187,5,7986
1201,0.101978,6,7992
1202,-0.201478,11,8003
1203,-0.344989,3,8006
1204,0.076002,5,8011
1205,0.10769,6,8017
1206,-0.334603,4,8021
1207,0.354834,21,8042
1208,-0.517906,18,8060
1209,-0.596107,12,8072
1210,-1.048733,8,8080
1211,0.228033,14,8094
1212,0.137522,9,8103
1213,0.054763,3,8106
1214,-0.735236,4,8110
1215,-0.312374,5,8115
1216,0.094082,5,8120
1217,0.05726,3,8123
1218,-0.640664,9,8132
1219,-0.642898,11,8143
1220,-0.692787,6,8149
1221,0.05639,3,8152
1222,-0.343294,3,8155
1223,-0.332938,4,8159
1224,-0.712685,5,8164
1225,-0.692128,6,8170
1226,0.108298,6,8176
1227,-0.233557,9,8185
1228,-0.313921,5,8190
1229,-0.029428,20,8210
1230,-0.29232,9,8219
1231,0.055492,3,8222
1232,0.074969,4,8226
1233,-0.720836,5,8231
1234,0.019826,1,8232
1235,0.051934,3,8235
1236,0.07689,4,8239
1237,-0.289613,6,8245
1238,-0.678164,7,8252
1239,0.020608,1,8253
1240,0.160622,9,8262
1241,-0.248337,9,8271
1242,0.117358,7,8278
1243,0.083165,5,8283
1244,0.062642,4,8287
1245,0.109707,6,8293
1246,-0.270994,8,8301
1247,0.111774,6,8307
1248,0.196848,11,8318
1249,0.175905,11,8329
1250,-0.525682,15,8344
1251,0.152242,8,8352
1252,-0.327784,4,8356
1253,0.034645,2,8358
1254,0.090197,5,8363
1255,0.089397,5,8368
1256,-0.343542,3,8371
1257,0.111193,8,8379
1258,0.096219,5,8384
1259,0.091846,5,8389
1260,0.196837,12,8401
1261,-0.624664,10,8411
1262,0.117364,6,8417
1263,0.066643,4,8421
1264,0.176396,10,8431
1265,0.101182,6,8437
1266,-0.328602,4,8441
1267,0.076585,4,8445
1268,-0.293859,6,8451
1269,-0.731471,4,8455
1270,-0.299251,6,8461
1271,-0.214362,10,8471
1272,0.056287,3,8474
1273,0.072364,4,8478
1274,0.144588,8,8486
1275,-0.345837,3,8489
1276,-0.68577,6,8495
1277,-0.342677,3,8498
1278,0.087757,5,8503
1279,0.07069,4,8507
1280,0.150175,8,8515
1281,0.063247,4,8519
1282,-0.280069,7,8526
1283,0.087031,5,8531
1284,0.070467,4,8535
1285,0.073487,4,8539
1286,0.089544,5,8544
1287,0.089423,5,8549
1288,0.074383,4,8553
1289,-0.221925,10,8563
1290,0.074802,4,8567
1291,0.206439,13,8580
1292,0.287829,16,8596
1293,0.058324,3,8599
1294,0.057737,3,8602
1295,-0.292218,6,8608
1296,-0.835553,23,8631
1297,0.01583,1,8632
1298,0.180868,10,8642
1299,0.063484,4,8646
1300,0.102334,7,8653
1301,0.018776,1,8654
1302,-0.382391,1,8655
1303,0.142651,8,8663
1304,-0.287142,7,8670
1305,0.01996,1,8671
1306,-0.310631,5,8676
1307,0.105465,6,8682
1308,0.054195,3,8685
1309,0.038005,2,8687
1310,-0.626579,10,8697
1311,0.056027,3,8700
1312,0.112506,6,8706
1313,-0.310781,5,8711
1314,0.16223,9,8720
1315,0.020385,1,8721
1316,0.093881,5,8726
1317,0.079317,5,8731
1318,0.185375,10,8741
1319,0.037585,2,8743
1320,0.049535,3,8746
1321,-0.324798,4,8750
1322,-0.360042,2,8752
1323,0.220313,12,8764
1324,0.057042,3,8767
1325,0.07303,4,8771
1326,-0.288335,6,8777
1327,0.115405,7,8784
1328,-0.379837,1,8785
1329,-0.269618,7,8792
1330,0.033206,2,8794
1331,0.058676,3,8797
1332,-0.252837,8,8805
1333,-0.325893,4,8809
1334,0.148995,8,8817
1335,0.058359,3,8820
1336,0.0177,1,8821
1337,0.055295,3,8824
1338,-0.295289,6,8830
1339,0.07215,4,8834
1340,0.307171,17,8851
1341,-0.602215,11,8862
1342,-0.353622,3,8865
1343,-0.245596,9,8874
1344,0.072705,4,8878
1345,0.077198,4,8882
1346,-0.333743,4,8886
1347,-0.146365,14,8900
1348,0.085826,5,8905
1349,-0.241423,9,8914
1350,0.085827,5,8919
1351,0.09044,5,8924
1352,0.077053,4,8928
1353,-0.690847,6,8934
1354,-0.975235,13,8947
1355,0.143647,8,8955
1356,0.156203,9,8964
1357,-0.560957,13,8977
1358,0.098289,6,8983
1359,0.187518,11,8994
1360,-0.310232,5,8999
1361,-0.321887,5,9004
1362,-0.28854,6,9010
1363,0.10619,6,9016
1364,-0.216284,10,9026
1365,0.078036,5,9031
1366,0.095437,5,9036
1367,0.100917,6,9042
1368,-0.237718,9,9051
1369,0.091842,5,9056
1370,0.092997,5,9061
1371,0.138175,8,9069
1372,0.091297,5,9074
1373,-0.251551,10,9084
1374,0.138522,8,9092
1375,0.146676,8,9100
1376,-0.590587,13,9113
1377,0.200293,11,9124
1378,0.121811,7,9131
1379,0.066159,4,9135
1380,0.137035,8,9143
1381,0.309533,18,9161
1382,0.052145,3,9164
1383,0.039907,2,9166
1384,0.306392,17,9183
1385,0.03898,2,9185
1386,0.056144,3,9188
1387,-0.322313,4,9192
1388,0.11366,6,9198
1389,0.09464,5,9203
1390,-0.995181,11,9214
1391,0.057325,3,9217
1392,-0.334514,4,9221
1393,0.038956,2,9223
1394,0.064935,4,9227
1395,0.072841,4,9231
1396,0.069359,4,9235
1397,-0.320622,5,9240
1398,0.046774,3,9243
1399,-0.238594,9,9252
1400,0.139807,8,9260
1401,0.074862,4,9264
1402,-0.327605,4,9268
1403,-0.257039,8,9276
1404,0.226851,14,9290
1405,0.056787,3,9293
1406,-0.351598,3,9296
1407,0.077366,4,9300
1408,0.216623,12,9312
1409,0.017081,1,9313
1410,0.057376,3,9316
1411,0.054955,3,9319
1412,0.100846,6,9325
1413,0.117192,7,9332
1414,-0.271673,8,9340
1415,-0.204701,11,9351
1416,-0.295168,6,9357
1417,-0.23334,9,9366
1418,0.077019,4,9370
1419,0.164256,9,9379
1420,-0.326535,4,9383
1421,0.073611,4,9387
1422,-0.241605,9,9396
1423,0.207534,12,9408
1424,-1.282685,20,9428
1425,0.071431,4,9432
1426,0.054521,3,9435
1427,-0.342204,3,9438
1428,-0.217056,10,9448
1429,-0.344362,3,9451
1430,0.052792,3,9454
1431,0.067014,4,9458
1432,0.142882,8,9466
1433,0.21882,13,9479
1434,-0.211788,11,9490
1435,0.052834,3,9493
1436,0.020002,1,9494
1437,-0.277151,7,9501
1438,0.078409,4,9505
1439,0.165078,9,9514
1440,0.071342,4,9518
1441,0.133037,7,9525
1442,-0.702868,6,9531
1443,0.039336,2,9533
1444,-0.194083,11,9544
1445,0.116428,7,9551
1446,0.075462,4,9555
1447,0.058205,4,9559
1448,0.092627,5,9564
1449,-0.188726,12,9576
1450,-0.568667,13,9589
1451,0.091844,5,9594
1452,0.056589,3,9597
1453,-0.199596,11,9608
1454,-0.211253,10,9618
1455,0.072083,4,9622
1456,0.123545,7,9629
1457,0.070631,4,9633
1458,-0.305935,5,9638
1459,0.073991,5,9643
1460,-0.229156,10,9653
1461,0.039777,2,9655
1462,-0.628886,11,9666
1463,-0.925079,16,9682
1464,-0.726844,4,9686
1465,0.065202,4,9690
1466,0.08127,5,9695
1467,0.011947,1,9696
1468,0.290484,16,9712
1469,-0.287555,7,9719
1470,0.170302,9,9728
1471,0.057454,3,9731
1472,-0.21237,11,9742
1473,0.075393,4,9746
1474,0.094494,5,9751
1475,0.075149,4,9755
1476,-0.601615,11,9766
1477,0.019161,1,9767
1478,-0.343381,3,9770
1479,0.09032,5,9775
1480,-0.181825,12,9787
1481,-0.362892,2,9789
1482,0.095519,5,9794
1483,-0.348592,3,9797
1484,-0.361166,2,9799
1485,0.06512,4,9803
1486,0.218419,12,9815
1487,0.204352,11,9826
1488,0.135939,8,9834
1489,0.138331,8,9842
1490,0.056048,3,9845
1491,0.105632,6,9851
1492,0.019905,1,9852
1493,0.148154,8,9860
1494,-0.253164,9,9869
1495,0.090101,5,9874
1496,0.036869,2,9876
1497,0.039309,2,9878
1498,0.052569,3,9881
1499,0.067573,4,9885
1500,-0.278645,7,9892
1501,-0.323768,4,9896
1502,0.123033,7,9903
1503,-0.213395,10,9913
1504,0.050069,3,9916
1505,-0.365029,2,9918
1506,0.056433,3,9921
1507,0.086251,5,9926
1508,0.091206,5,9931
1509,0.036809,3,9934
1510,-0.896179,17,9951
1511,-0.24769,9,9960
1512,-0.193907,11,9971
1513,0.056953,3,9974
1514,0.169781,9,9983
1515,0.120908,7,9990
1516,0.07133,4,9994
1517,-0.33694,4,9998
1518,0.236431,13,10011
1519,0.048029,3,10014
1520,0.140663,8,10022
1521,0.161453,9,10031
1522,-0.080244,18,10049
1523,0.039711,2,10051
1524,0.032204,2,10053
1525,0.109153,6,10059
1526,0.106395,6,10065
1527,0.110185,6,10071
1528,-0.219552,10,10081
1529,0.145209,8,10089
1530,0.092117,5,10094
1531,0.130888,7,10101
1532,0.107995,6,10107
1533,0.111154,6,10113
1534,-0.322399,5,10118
1535,-0.702554,6,10124
1536,-0.34966,3,10127
1537,0.089977,5,10132
1538,0.036128,2,10134
1539,-0.219432,10,10144
1540,0.131853,7,10151
1541,0.213422,12,10163
1542,0.075539,4,10167
1543,-0.174197,16,10183
1544,0.05533,3,10186
1545,-0.267526,7,10193
1546,0.019727,1,10194
1547,0.083371,5,10199
1548,-0.342184,3,10202
1549,0.14785,8,10210
1550,0.185234,11,10221
1551,0.145,8,10229
1552,-0.26704,8,10237
1553,-0.180625,12,10249
1554,0.257572,14,10263
1555,0.32439,20,10283
1556,0.140789,8,10291
1557,0.04305,3,10294
1558,-0.350932,3,10297
1559,0.070762,4,10301
1560,0.085496,5,10306
1561,-0.324253,4,10310
1562,0.2291,13,10323
1563,0.117879,7,10330
1564,-0.279948,7,10337
1565,0.115742,7,10344
1566,0.056875,3,10347
1567,-0.231383,11,10358
1568,-0.308351,5,10363
1569,0.112049,8,10371
1570,-0.326678,4,10375
1571,0.034054,2,10377
1572,0.083553,5,10382
1573,0.03569,2,10384
1574,0.10126,6,10390
1575,0.050755,3,10393
1576,0.064312,4,10397
1577,-0.314468,5,10402
1578,0.064676,4,10406
1579,0.278583,15,10421
1580,0.05583,3,10424
1581,0.131578,7,10431
1582,-0.234338,9,10440
1583,-0.312179,5,10445
1584,0.050647,3,10448
1585,-0.309397,5,10453
1586,-0.023234,22,10475
1587,0.078823,6,10481
1588,0.075776,4,10485
1589,0.072514,4,10489
1590,0.159239,9,10498
1591,-0.364844,2,10500
1592,0.072087,4,10504
1593,0.01903,1,10505
1594,-0.25594,8,10513
1595,0.111683,6,10519
1596,-0.313642,5,10524
1597,-0.125602,16,10540
1598,0.168903,12,10552
1599,0.057054,3,10555
1600,0.095646,5,10560
1601,0.096537,6,10566
1602,-0.659157,8,10574
1603,-0.305746,5,10579
1604,0.072449,4,10583
1605,0.149511,8,10591
1606,0.04532,3,10594
1607,0.150242,8,10602
1608,0.070923,4,10606
1609,0.083838,5,10611
1610,-0.277776,7,10618
1611,0.039788,2,10620
1612,-0.104209,16,10636
1613,0.205609,11,10647
1614,0.265291,16,10663
1615,0.019548,1,10664
1616,-0.648666,8,10672
1617,0.167888,9,10681
1618,0.091656,5,10686
1619,0.036186,2,10688
1620,0.091907,5,10693
1621,0.01986,1,10694
1622,0.077127,4,10698
1623,0.055197,3,10701
1624,-0.277434,7,10708
1625,0.128571,7,10715
1626,0.084772,5,10720
1627,0.110794,6,10726
1628,0.107059,6,10732
1629,0.120178,7,10739
1630,0.076001,4,10743
1631,0.074984,4,10747
1632,0.008875,1,10748
1633,-0.306981,6,10754
1634,0.111462,6,10760
1635,0.165753,9,10769
1636,0.054925,3,10772
1637,-0.316038,5,10777
1638,0.104952,6,10783
1639,0.10599,6,10789
1640,0.020077,1,10790
1641,0.070312,4,10794
1642,0.132231,7,10801
1643,-0.228187,10,10811
1644,-0.0395,20,10831
1645,-0.728536,4,10835
1646,0.073914,4,10839
1647,-0.322987,5,10844
1648,0.15096,8,10852
1649,0.107613,6,10858
1650,-0.363295,2,10860
1651,0.055439,3,10863
1652,0.074801,4,10867
1653,-0.288425,6,10873
1654,0.053603,3,10876
1655,-0.343357,3,10879
1656,0.074431,4,10883
1657,0.037396,2,10885
1658,-0.155665,13,10898
1659,0.115831,7,10905
1660,0.058743,3,10908
1661,0.092813,5,10913
1662,-0.68526,6,10919
1663,0.081346,5,10924
1664,-0.323057,4,10928
1665,0.090963,5,10933
1666,0.056644,3,10936
1667,-0.37967,1,10937
1668,0.070449,4,10941
1669,0.148608,9,10950
1670,0.08253,5,10955
1671,0.039576,2,10957
1672,-0.654965,8,10965
1673,0.066256,4,10969
1674,-0.227602,11,10980
1675,0.125298,7,10987
1676,0.087125,5,10992
1677,0.111436,6,10998
1678,0.220152,12,11010
1679,-0.343042,3,11013
1680,0.076508,5,11018
1681,0.07406,4,11022
1682,0.14418,8,11030
1683,0.104587,6,11036
1684,-0.341096,3,11039
1685,0.043233,3,11042
1686,0.181109,11,11053
1687,0.149526,8,11061
1688,0.056817,3,11064
1689,0.180642,10,11074
1690,0.038766,2,11076
1691,0.037487,2,11078
1692,0.035683,2,11080
1693,0.075224,4,11084
1694,0.073337,4,11088
1695,0.090581,5,11093
1696,0.067228,4,11097
1697,-0.344163,3,11100
1698,0.074722,4,11104
1699,0.050841,3,11107
1700,0.016885,1,11108
1701,0.036424,2,11110
1702,-0.189794,12,11122
1703,0.050843,3,11125
1704,0.111083,6,11131
1705,0.127816,7,11138
1706,-0.336951,4,11142
1707,0.099914,6,11148
1708,-0.270886,7,11155
1709,0.134505,8,11163
1710,-0.30573,5,11168
1711,0.1439,8,11176
1712,0.056533,4,11180
1713,0.259372,14,11194
1714,-0.275935,7,11201
1715,0.039449,2,11203
1716,0.165107,9,11212
1717,-0.322432,4,11216
1718,-0.179437,13,11229
1719,0.127487,7,11236
1720,0.053885,3,11239
1721,0.052573,3,11242
1722,-0.226466,9,11251
1723,-0.306084,5,11256
1724,-0.273418,7,11263
1725,-0.189355,12,11275
1726,0.055817,3,11278
1727,0.198017,12,11290
1728,0.069568,4,11294
1729,-0.081688,18,11312
1730,0.054841,3,11315
1731,0.017084,1,11316
1732,0.130691,7,11323
1733,-0.380763,1,11324
1734,0.099205,6,11330
1735,-0.196272,11,11341
1736,0.335669,19,11360
1737,0.068654,4,11364
1738,-0.116422,17,11381
1739,0.11076,6,11387
1740,0.090058,5,11392
1741,-0.255806,8,11400
1742,0.138073,8,11408
1743,0.090286,5,11413
1744,0.104014,6,11419
1745,0.184979,10,11429
1746,0.12924,7,11436
1747,0.194005,11,11447
1748,0.078973,5,11452
1749,0.086941,5,11457
1750,0.0594,3,11460
1751,0.071417,4,11464
1752,0.085226,5,11469
1753,0.299881,17,11486
1754,0.217937,12,11498
1755,0.271332,16,11514
1756,-0.570737,14,11528
1757,0.173903,10,11538
1758,-0.238032,9,11547
1759,-0.174439,13,11560
1760,0.110061,6,11566
1761,0.014808,1,11567
1762,0.071471,4,11571
1763,0.105112,6,11577
1764,0.075793,6,11583
1765,0.058166,3,11586
1766,-0.306714,5,11591
1767,-0.291613,6,11597
1768,0.094807,5,11602
1769,0.072507,5,11607
1770,0.130113,7,11614
1771,0.043069,3,11617
1772,0.13518,8,11625
1773,0.075796,4,11629
1774,-0.671292,7,11636
1775,0.06807,4,11640
1776,0.038074,2,11642
1777,0.127028,7,11649
1778,-0.017777,22,11671
1779,-0.268197,7,11678
1780,0.120396,7,11685
1781,0.093731,5,11690
1782,0.037232,2,11692
1783,-0.323367,4,11696
1784,0.05851,3,11699
1785,0.090967,5,11704
1786,-0.312867,5,11709
1787,0.16684,9,11718
1788,0.054411,3,11721
1789,0.131045,7,11728
1790,0.154265,9,11737
1791,0.113721,6,11743
1792,-0.267183,9,11752
1793,0.086113,5,11757
1794,0.018535,1,11758
1795,0.125404,7,11765
1796,0.026281,2,11767
1797,0.055582,3,11770
1798,-0.658259,8,11778
1799,0.039669,2,11780
1800,-0.323469,4,11784
1801,0.042668,3,11787
1802,0.03931,3,11790
1803,0.069623,4,11794
1804,-0.352876,3,11797
1805,0.146322,8,11805
1806,0.107855,6,11811
1807,-0.270054,7,11818
1808,-0.255109,8,11826
1809,0.019466,1,11827
1810,0.018975,1,11828
1811,-0.286194,6,11834
1812,0.037235,3,11837
1813,0.057888,3,11840
1814,0.057337,3,11843
1815,0.094012,5,11848
1816,0.019966,1,11849
1817,0.030666,2,11851
1818,0.019582,1,11852
1819,0.185318,12,11864
1820,0.093744,5,11869
1821,0.077686,4,11873
1822,0.039792,3,11876
1823,0.0527,3,11879
1824,0.056907,3,11882
1825,-0.291303,6,11888
1826,-0.271344,7,11895
1827,0.07613,4,11899
1828,0.200799,11,11910
1829,0.143294,9,11919
1830,0.131079,7,11926
1831,-0.671601,7,11933
1832,0.124291,8,11941
1833,0.067913,5,11946
1834,0.143246,8,11954
1835,0.00185,23,11977
1836,0.039039,2,11979
1837,0.09525,5,11984
1838,0.112871,6,11990
1839,-0.323415,4,11994
1840,-0.298813,6,12000
1841,0.037151,2,12002
1842,0.224631,12,12014
1843,0.168493,9,12023
1844,0.091243,5,12028
1845,0.08736,5,12033
1846,0.077105,4,12037
1847,0.165007,9,12046
1848,0.047301,3,12049
1849,0.059825,3,12052
1850,-0.334723,4,12056
1851,0.086246,5,12061
1852,0.018045,1,12062
1853,0.046154,3,12065
1854,-0.727365,4,12069
1855,0.019751,1,12070
1856,0.076896,4,12074
1857,0.038241,2,12076
1858,0.088531,5,12081
1859,0.058238,3,12084
1860,0.165689,9,12093
1861,-0.343428,3,12096
1862,0.105927,6,12102
1863,0.067253,4,12106
1864,0.056655,3,12109
1865,0.212242,12,12121
1866,0.039433,2,12123
1867,0.072685,4,12127
1868,0.094389,5,12132
1869,0.284506,15,12147
1870,0.095021,5,12152
1871,0.018637,1,12153
1872,0.018587,1,12154
1873,0.019768,1,12155
1874,-0.327355,4,12159
1875,0.019043,1,12160
1876,0.057865,3,12163
1877,-0.32502,4,12167
1878,-0.303437,5,12172
1879,-0.162115,13,12185
1880,0.102121,6,12191
1881,0.07124,4,12195
1882,0.070943,5,12200
1883,-0.140037,14,12214
1884,-0.345542,3,12217
1885,-0.235942,9,12226
1886,0.036224,2,12228
1887,0.0728,5,12233
1888,0.230695,13,12246
1889,0.074379,4,12250
1890,0.069812,4,12254
1891,0.129636,7,12261
1892,0.047471,3,12264
1893,0.18283,10,12274
1894,0.072631,4,12278
1895,0.093681,5,12283
1896,0.097782,5,12288
1897,0.064517,4,12292
1898,0.053814,3,12295
1899,0.019331,1,12296
1900,0.128623,7,12303
1901,0.057232,3,12306
1902,-0.363654,3,12309
1903,0.13058,7,12316
1904,-0.327736,4,12320
1905,0.09419,5,12325
1906,-0.280683,7,12332
1907,-0.733523,4,12336
1908,0.085339,5,12341
1909,0.186335,12,12353
1910,-0.307883,5,12358
1911,0.075736,4,12362
1912,-0.252569,8,12370
1913,0.081775,5,12375
1914,0.067729,4,12379
1915,0.183257,11,12390
1916,0.074487,5,12395
1917,0.094705,5,12400
1918,-0.483961,18,12418
1919,0.034837,2,12420
1920,0.073476,4,12424
1921,-0.137083,16,12440
1922,0.057753,3,12443
1923,-0.185759,12,12455
1924,-0.160835,14,12469
1925,0.039691,2,12471
1926,0.091015,5,12476
1927,0.056446,3,12479
1928,0.091622,5,12484
1929,0.052057,3,12487
1930,0.055505,3,12490
1931,-0.132095,16,12506
1932,0.127259,7,12513
1933,0.109551,6,12519
1934,0.157303,9,12528
1935,0.283978,16,12544
1936,0.126405,7,12551
1937,0.072871,4,12555
1938,0.057458,3,12558
1939,0.037703,2,12560
1940,0.054937,3,12563
1941,-0.272195,7,12570
1942,0.090426,5,12575
1943,0.019712,1,12576
1944,-0.289341,6,12582
1945,0.187345,12,12594
1946,0.035102,2,12596
1947,0.094163,5,12601
1948,0.094392,5,12606
1949,0.071575,4,12610
1950,0.056444,3,12613
1951,0.093742,5,12618
1952,0.123858,7,12625
1953,0.045348,3,12628
1954,-0.257245,8,12636
1955,0.203795,11,12647
1956,-0.310774,5,12652
1957,-0.290307,6,12658
1958,-0.311335,5,12663
1959,0.020054,1,12664
1960,0.076675,4,12668
1961,0.280277,15,12683
1962,0.090204,5,12688
1963,0.128577,7,12695
1964,0.163825,9,12704
1965,0.083968,5,12709
1966,0.031497,2,12711
1967,0.085251,6,12717
1968,-0.654532,8,12725
1969,0.09407,5,12730
1970,0.186742,11,12741
1971,0.29128,16,12757
1972,-0.278434,8,12765
1973,0.051969,3,12768
1974,0.089651,5,12773
1975,-0.217101,10,12783
1976,0.057638,3,12786
1977,0.057492,3,12789
1978,0.119598,7,12796
1979,0.092677,5,12801
1980,0.072438,4,12805
1981,0.0868,5,12810
1982,0.246044,14,12824
1983,0.074137,4,12828
1984,0.049219,3,12831
1985,0.148751,8,12839
1986,0.057357,3,12842
1987,0.166734,9,12851
1988,0.018124,1,12852
1989,-0.740412,3,12855
1990,0.106376,6,12861
1991,-0.346766,3,12864
1992,0.071338,4,12868
1993,0.090742,5,12873
1994,0.111905,6,12879
1995,0.212086,12,12891
1996,-0.272528,7,12898
1997,0.192067,11,12909
1998,-0.183816,12,12921
1999,0.129431,7,12928
2000,0.055736,3,12931
2001,0.048919,3,12934
2002,-0.279599,7,12941
2003,0.088453,5,12946
2004,0.155461,9,12955
2005,-0.348003,3,12958
2006,0.139149,8,12966
2007,0.141062,8,12974
2008,0.037021,2,12976
2009,0.035831,2,12978
2010,0.10804,6,12984
2011,0.049583,3,12987
2012,0.038215,2,12989
2013,0.057096,3,12992
2014,0.111595,6,12998
2015,0.057442,3,13001
2016,0.055563,3,13004
2017,0.08777,5,13009
2018,-0.304619,5,13014
2019,0.097419,5,13019
2020,0.093736,5,13024
2021,0.143465,8,13032
2022,0.034673,2,13034
2023,0.057676,3,13037
2024,0.076904,4,13041
2025,0.060274,4,13045
2026,-0.288676,6,13051
2027,0.050252,3,13054
2028,0.036537,2,13056
2029,-0.162303,13,13069
2030,0.071448,4,13073
2031,0.089733,5,13078
2032,0.056963,3,13081
2033,0.092141,5,13086
2034,0.054005,3,13089
2035,-0.690973,6,13095
2036,0.14776,8,13103
2037,0.10131,6,13109
2038,-0.236646,9,13118
2039,-0.141412,15,13133
2040,0.176942,10,13143
2041,0.046669,3,13146
2042,0.127177,7,13153
2043,0.11232,7,13160
2044,-0.251332,8,13168
2045,0.093683,5,13173
2046,0.038603,2,13175
2047,-0.361152,2,13177
2048,-0.309959,5,13182
2049,0.065137,4,13186
2050,0.112404,6,13192
2051,0.114405,6,13198
2052,0.108262,6,13204
2053,0.090584,5,13209
2054,0.090703,5,13214
2055,0.017404,1,13215
2056,0.057175,3,13218
2057,-0.299197,6,13224
2058,0.057455,4,13228
2059,0.156373,9,13237
2060,0.058096,3,13240
2061,0.039854,2,13242
2062,0.123975,8,13250
2063,-0.255222,8,13258
2064,-0.304118,6,13264
2065,0.126394,7,13271
2066,0.11088,6,13277
2067,0.088054,5,13282
2068,-0.815155,21,13303
2069,0.046295,3,13306
2070,0.196566,11,13317
2071,0.038384,2,13319
2072,0.142056,8,13327
2073,0.019034,1,13328
2074,0.148044,8,13336
2075,0.058216,3,13339
2076,0.055152,3,13342
2077,0.069617,4,13346
2078,0.070725,4,13350
2079,0.104587,6,13356
2080,0.254929,15,13371
2081,0.054983,3,13374
2082,0.095886,6,13380
2083,0.249108,14,13394
2084,0.178261,11,13405
2085,0.07259,4,13409
2086,0.03939,2,13411
2087,0.129203,7,13418
2088,0.155526,9,13427
2089,0.084673,6,13433
2090,0.186517,11,13444
2091,0.106483,7,13451
2092,0.110112,6,13457
2093,0.054737,3,13460
2094,0.018479,1,13461
2095,0.020267,1,13462
2096,0.09313,5,13467
2097,0.09737,5,13472
2098,0.089548,5,13477
2099,0.05576,3,13480
2100,0.020149,1,13481
2101,0.134248,8,13489
2102,-0.336641,4,13493
2103,0.191259,11,13504
2104,0.050164,3,13507
2105,0.133902,7,13514
2106,0.019417,1,13515
2107,0.073371,4,13519
2108,0.123396,7,13526
2109,0.036821,2,13528
2110,0.112022,6,13534
2111,-0.526413,15,13549
2112,-0.282364,8,13557
2113,0.126021,7,13564
2114,-0.159149,15,13579
2115,0.071939,4,13583
2116,0.095566,5,13588
2117,0.216547,12,13600
2118,-0.726305,4,13604
2119,-0.236793,9,13613
2120,0.324054,18,13631
2121,-0.027177,21,13652
2122,0.150105,8,13660
2123,-0.174985,14,13674
2124,0.162596,9,13683
2125,0.066426,4,13687
2126,0.06513,5,13692
2127,0.089961,5,13697
2128,0.058497,3,13700
2129,-0.229208,9,13709
2130,0.053367,3,13712
2131,0.106826,6,13718
2132,0.217932,12,13730
2133,0.057728,3,13733
2134,0.078068,4,13737
2135,0.11475,6,13743
2136,-0.31042,5,13748
2137,0.062673,4,13752
2138,0.047722,3,13755
2139,0.292967,17,13772
2140,0.204925,12,13784
2141,0.230604,13,13797
2142,-0.163383,15,13812
2143,-0.179228,12,13824
2144,0.011346,1,13825
2145,-0.303695,5,13830
2146,0.126586,7,13837
2147,0.05558,3,13840
2148,0.145086,9,13849
2149,0.019765,1,13850
2150,0.170807,9,13859
2151,0.054984,3,13862
2152,0.053913,3,13865
2153,0.052469,3,13868
2154,-0.234143,9,13877
2155,0.072966,4,13881
2156,0.052499,3,13884
2157,-0.3506,3,13887
2158,0.238139,13,13900
2159,0.05307,3,13903
2160,0.147397,8,13911
2161,0.093662,5,13916
2162,0.062784,4,13920
2163,-0.356231,3,13923
2164,0.108351,6,13929
2165,0.153712,9,13938
2166,0.347349,21,13959
2167,0.117419,7,13966
2168,0.107812,6,13972
2169,-0.305531,5,13977
2170,0.204481,12,13989
2171,0.077106,4,13993
2172,0.137424,8,14001
2173,-0.264774,8,14009
2174,0.071293,4,14013
2175,0.019759,1,14014
2176,0.16303,9,14023
2177,0.018388,1,14024
2178,0.074362,4,14028
2179,-0.203987,11,14039
2180,0.053413,3,14042
2181,0.135233,7,14049
2182,0.105539,7,14056
2183,0.053796,3,14059
2184,-0.363791,2,14061
2185,0.019799,1,14062
2186,-0.27631,7,14069
2187,0.065911,4,14073
2188,0.052314,3,14076
2189,0.074428,4,14080
2190,0.14529,8,14088
2191,0.08429,5,14093
2192,0.038492,2,14095
2193,0.099287,6,14101
2194,-0.315586,5,14106
2195,-0.202669,11,14117
2196,0.056373,3,14120
2197,-0.272744,7,14127
2198,0.074741,4,14131
2199,0.039477,2,14133
2200,0.0199,1,14134
2201,0.115395,6,14140
2202,-0.69372,6,14146
2203,0.01898,1,14147
2204,0.108835,6,14153
2205,0.094333,5,14158
2206,0.055385,3,14161
2207,0.054219,3,14164
2208,-0.302867,6,14170
2209,0.091058,5,14175
2210,-0.208243,11,14186
2211,0.073299,4,14190
2212,0.075684,4,14194
2213,0.047628,3,14197
2214,0.073547,4,14201
2215,0.087342,6,14207
2216,-0.074593,18,14225
2217,0.154091,9,14234
2218,-0.621256,10,14244
2219,0.073695,4,14248
2220,0.159487,9,14257
2221,-0.269032,7,14264
2222,-0.363016,2,14266
2223,0.149338,9,14275
2224,0.14744,8,14283
2225,0.095577,6,14289
2226,0.070802,4,14293
2227,0.127325,7,14300
2228,0.131688,7,14307
2229,0.038642,2,14309
2230,0.205299,11,14320
2231,0.148447,8,14328
2232,0.076186,4,14332
2233,0.046762,3,14335
2234,0.068571,4,14339
2235,0.057986,3,14342
2236,0.115932,6,14348
2237,0.075132,4,14352
2238,0.069402,4,14356
2239,-0.276003,7,14363
2240,0.103194,6,14369
2241,0.078631,4,14373
2242,0.230352,13,14386
2243,0.075055,4,14390
2244,0.164828,9,14399
2245,0.110619,6,14405
2246,0.056975,3,14408
2247,-0.336703,4,14412
2248,0.09915,6,14418
2249,0.117774,7,14425
2250,0.071425,4,14429
2251,0.201255,12,14441
2252,0.144586,8,14449
2253,0.223464,12,14461
2254,0.094996,5,14466
2255,0.075739,4,14470
2256,0.111908,7,14477
2257,0.099307,6,14483
2258,0.148199,8,14491
2259,0.091382,5,14496
2260,0.181711,10,14506
2261,-0.345272,3,14509
2262,0.019691,1,14510
2263,0.034225,2,14512
2264,0.09154,5,14517
2265,0.055343,4,14521
2266,0.076749,4,14525
2267,0.094465,5,14530
2268,0.203127,11,14541
2269,0.077465,4,14545
2270,-0.271231,7,14552
2271,-0.34466,3,14555
2272,0.017594,1,14556
2273,0.085392,5,14561
2274,0.217239,12,14573
2275,-0.152904,14,14587
2276,0.056448,3,14590
2277,0.06815,4,14594
2278,-0.176074,13,14607
2279,0.019371,1,14608
2280,-0.336968,4,14612
2281,0.047955,3,14615
2282,-0.323834,4,14619
2283,0.039576,2,14621
2284,0.052304,3,14624
2285,0.059503,3,14627
2286,-0.620539,10,14637
2287,0.013465,1,14638
2288,0.036727,2,14640
2289,0.050891,3,14643
2290,0.092251,5,14648
2291,0.097194,5,14653
2292,0.104258,6,14659
2293,-0.34677,3,14662
2294,0.058257,3,14665
2295,0.111929,6,14671
2296,0.037354,2,14673
2297,0.037405,2,14675
2298,-0.216253,10,14685
2299,0.130875,9,14694
2300,-0.247786,8,14702
2301,0.050487,3,14705
2302,0.147132,10,14715
2303,0.104118,6,14721
2304,0.074869,4,14725
2305,-0.360198,2,14727
2306,0.057634,3,14730
2307,0.038897,2,14732
2308,0.184773,10,14742
2309,0.057472,3,14745
2310,0.038889,2,14747
2311,0.090774,5,14752
2312,0.068038,5,14757
2313,0.059126,4,14761
2314,0.081077,5,14766
2315,0.134808,7,14773
2316,0.073574,4,14777
2317,-0.489587,17,14794
2318,0.018783,1,14795
2319,0.038387,2,14797
2320,0.036264,2,14799
2321,0.056275,3,14802
2322,0.02064,1,14803
2323,-0.271572,7,14810
2324,0.136841,8,14818
2325,0.052828,3,14821
2326,0.054949,3,14824
2327,0.181005,10,14834
2328,0.156442,10,14844
2329,-0.305473,5,14849
2330,0.01919,1,14850
2331,0.129906,7,14857
2332,0.092496,5,14862
2333,0.15178,8,14870
2334,0.039194,2,14872
2335,0.066966,4,14876
2336,0.075975,5,14881
2337,0.208733,11,14892
2338,0.094505,5,14897
2339,-0.32733,4,14901
2340,0.058148,3,14904
2341,0.228911,13,14917
2342,0.139423,9,14926
2343,0.055458,4,14930
2344,0.117468,6,14936
2345,-0.271227,7,14943
2346,0.067284,4,14947
2347,0.164285,9,14956
2348,0.05628,3,14959
2349,0.053547,3,14962
2350,0.272087,15,14977
2351,0.107589,6,14983
2352,0.28589,16,14999
2353,0.075316,4,15003
2354,-0.308509,5,15008
2355,0.069577,4,15012
2356,0.037479,2,15014
2357,0.071237,4,15018
2358,0.037565,2,15020
2359,0.190228,11,15031
2360,-0.252647,8,15039
2361,0.089983,5,15044
2362,0.094517,5,15049
2363,0.380408,22,15071
2364,0.018063,1,15072
2365,0.089224,5,15077
2366,0.201668,12,15089
2367,0.071311,4,15093
2368,0.22085,12,15105
2369,0.08426,5,15110
2370,0.125152,7,15117
2371,0.217781,12,15129
2372,0.048134,3,15132
2373,0.036301,2,15134
2374,-0.238155,9,15143
2375,0.144281,8,15151
2376,0.035943,2,15153
2377,0.099716,6,15159
2378,0.218297,12,15171
2379,0.168762,9,15180
2380,0.163158,10,15190
2381,0.111617,6,15196
2382,0.168375,10,15206
2383,0.097458,5,15211
2384,0.222015,15,15226
2385,-0.184714,13,15239
2386,0.237782,13,15252
2387,0.01887,1,15253
2388,0.074318,4,15257
2389,0.077399,4,15261
2390,0.070859,4,15265
2391,-0.300251,6,15271
2392,-0.224721,11,15282
2393,0.178536,10,15292
2394,0.095655,5,15297
2395,0.090591,5,15302
2396,0.144438,8,15310
2397,0.019901,1,15311
2398,0.216149,12,15323
2399,0.096918,5,15328
2400,0.074159,4,15332
2401,0.108227,6,15338
2402,0.141844,8,15346
2403,0.317219,18,15364
2404,0.256599,14,15378
2405,-0.297498,6,15384
2406,0.206866,12,15396
2407,0.124956,7,15403
2408,0.110644,6,15409
2409,-0.186592,12,15421
2410,-0.273811,7,15428
2411,0.056145,3,15431
2412,0.182501,10,15441
2413,0.07099,4,15445
2414,-0.111805,16,15461
2415,0.095169,5,15466
2416,0.160689,9,15475
2417,0.215686,12,15487
2418,0.055828,3,15490
2419,0.234756,13,15503
2420,0.275373,15,15518
2421,0.162624,9,15527
2422,-0.236941,9,15536
2423,-0.807838,25,15561
2424,0.076018,4,15565
2425,0.058559,3,15568
2426,0.309516,17,15585
2427,0.161894,10,15595
2428,0.134016,8,15603
2429,0.081682,5,15608
2430,0.125307,7,15615
2431,0.09336,5,15620
2432,0.117842,7,15627
2433,0.203933,12,15639
2434,0.081227,5,15644
2435,0.177523,10,15654
2436,0.205589,12,15666
2437,0.01995,1,15667
2438,0.039401,2,15669
2439,-0.291538,6,15675
2440,-0.296783,6,15681
2441,-0.290391,6,15687
2442,0.073588,4,15691
2443,0.216878,12,15703
2444,0.052435,3,15706
2445,0.073766,4,15710
2446,0.055007,3,15713
2447,0.015955,1,15714
2448,0.071297,4,15718
2449,0.087016,5,15723
2450,-0.361319,3,15726
2451,0.574888,34,15760
2452,0.064519,4,15764
2453,0.145597,9,15773
2454,0.054496,3,15776
2455,0.094558,5,15781
2456,0.103063,6,15787
2457,0.108011,6,15793
2458,0.11268,6,15799
2459,0.109973,6,15805
2460,0.130257,7,15812
2461,0.069457,4,15816
2462,0.046013,3,15819
2463,0.077381,5,15824
2464,0.061661,4,15828
2465,0.037768,2,15830
2466,0.121682,7,15837
2467,0.110292,6,15843
2468,-0.158925,14,15857
2469,0.094128,5,15862
2470,0.107201,6,15868
2471,0.072327,4,15872
2472,0.129608,7,15879
2473,-0.323871,4,15883
2474,0.055362,4,15887
2475,0.07368,5,15892
2476,-0.093891,19,15911
2477,0.052448,3,15914
2478,0.056572,3,15917
2479,0.102483,6,15923
2480,0.039333,2,15925
2481,0.07529,4,15929
2482,-0.287786,6,15935
2483,0.038,2,15937
2484,0.129864,7,15944
2485,0.116064,8,15952
2486,0.073943,4,15956
2487,-0.29407,6,15962
2488,0.146219,8,15970
2489,0.08484,5,15975
2490,0.075769,4,15979
2491,-0.253934,8,15987
2492,0.122801,7,15994
2493,0.104863,6,16000
2494,0.14767,8,16008
2495,-0.253877,8,16016
2496,0.129124,7,16023
2497,0.053791,3,16026
2498,0.240491,13,16039
2499,0.075357,4,16043
2500,0.103301,6,16049
2501,0.066061,4,16053
2502,0.126991,7,16060
2503,0.074739,4,16064
2504,0.070619,4,16068
2505,0.109264,6,16074
2506,-0.344534,3,16077
2507,0.117247,7,16084
2508,0.050745,3,16087
2509,0.138665,8,16095
2510,0.157481,12,16107
2511,0.127439,8,16115
2512,-0.286514,6,16121
2513,0.077017,4,16125
2514,-0.330764,4,16129
2515,-0.727929,4,16133
2516,-0.685109,7,16140
2517,0.122215,7,16147
2518,0.073784,4,16151
2519,0.057235,3,16154
2520,0.179254,10,16164
2521,0.056824,3,16167
2522,-0.366776,2,16169
2523,0.188004,10,16179
2524,0.170442,9,16188
2525,0.123886,7,16195
2526,0.110675,6,16201
2527,0.034626,2,16203
2528,0.092129,5,16208
2529,0.088987,5,16213
2530,0.089723,5,16218
2531,0.058149,3,16221
2532,0.101828,6,16227
2533,0.070885,4,16231
2534,-0.160156,13,16244
2535,-0.294122,7,16251
2536,0.058502,3,16254
2537,0.076216,4,16258
2538,0.188812,10,16268
2539,-0.080001,24,16292
2540,0.093966,5,16297
2541,0.10905,6,16303
2542,0.117952,7,16310
2543,0.148511,8,16318
2544,0.104512,6,16324
2545,0.129043,7,16331
2546,-0.291856,6,16337
2547,0.15636,9,16346
2548,0.280671,15,16361
2549,0.092822,5,16366
2550,0.134318,7,16373
2551,0.062039,4,16377
2552,0.094881,5,16382
2553,0.019756,1,16383
2554,0.067848,4,16387
2555,0.047315,3,16390
2556,0.102365,6,16396
2557,0.212515,12,16408
2558,0.077462,4,16412
2559,0.2129,14,16426
2560,0.052561,3,16429
2561,0.109561,6,16435
2562,0.051302,3,16438
2563,0.119072,7,16445
2564,0.181873,10,16455
2565,0.094995,5,16460
2566,0.138221,9,16469
2567,0.249484,14,16483
2568,0.212671,12,16495
2569,-0.326612,4,16499
2570,0.06835,4,16503
2571,0.118926,7,16510
2572,0.09297,5,16515
2573,0.095587,5,16520
2574,0.021581,1,16521
2575,0.057073,3,16524
2576,0.119876,7,16531
2577,0.097227,5,16536
2578,0.128298,7,16543
2579,0.050472,3,16546
2580,0.058734,3,16549
2581,0.084526,5,16554
2582,-0.326677,4,16558
2583,0.216089,12,16570
2584,0.071113,4,16574
2585,0.051541,3,16577
2586,0.0397,2,16579
2587,0.39196,21,16600
2588,0.075065,4,16604
2589,0.019607,1,16605
2590,0.093163,5,16610
2591,0.01918,1,16611
2592,0.095555,5,16616
2593,-0.34306,3,16619
2594,-0.251737,8,16627
2595,0.038499,2,16629
2596,0.115436,6,16635
2597,0.113575,6,16641
2598,0.057297,3,16644
2599,0.058884,3,16647
2600,0.122647,7,16654
2601,0.093243,5,16659
2602,0.092402,5,16664
2603,0.146591,9,16673
2604,0.072723,4,16677
2605,0.056524,3,16680
2606,0.109631,6,16686
2607,0.288315,16,16702
2608,0.167823,10,16712
2609,0.034182,2,16714
2610,0.129849,7,16721
2611,0.019437,1,16722
2612,0.07043,4,16726
2613,0.063816,4,16730
2614,0.093941,5,16735
2615,0.126537,7,16742
2616,0.110841,6,16748
2617,-0.342888,3,16751
2618,0.108374,6,16757
2619,0.166034,9,16766
2620,0.058774,3,16769
2621,0.057858,3,16772
2622,0.018052,1,16773
2623,0.248221,14,16787
2624,0.069647,4,16791
2625,0.403024,23,16814
2626,0.148336,8,16822
2627,-0.31773,5,16827
2628,0.065886,4,16831
2629,0.058306,5,16836
2630,0.017865,1,16837
2631,0.083216,5,16842
2632,0.030953,2,16844
2633,0.058642,3,16847
2634,0.093616,5,16852
2635,0.068446,4,16856
2636,0.112328,6,16862
2637,0.132162,8,16870
2638,0.15129,9,16879
2639,0.117331,6,16885
2640,0.038051,2,16887
2641,0.068326,4,16891
2642,0.328858,18,16909
2643,0.072661,4,16913
2644,0.159246,9,16922
2645,0.086528,6,16928
2646,0.349402,21,16949
2647,0.182116,10,16959
2648,0.139129,8,16967
2649,0.107022,6,16973
2650,0.038613,2,16975
2651,0.098792,6,16981
2652,0.087126,5,16986
2653,0.107407,7,16993
2654,0.094369,5,16998
2655,0.182404,10,17008
2656,-0.233023,9,17017
2657,0.044305,3,17020
2658,0.054717,3,17023
2659,0.080382,5,17028
2660,0.055967,3,17031
2661,0.187602,12,17043
2662,0.091423,5,17048
2663,-0.307933,5,17053
2664,0.125661,7,17060
2665,0.084169,5,17065
2666,0.129027,7,17072
2667,0.0504,3,17075
2668,0.094667,5,17080
2669,0.220134,12,17092
2670,0.180787,10,17102
2671,0.091851,5,17107
2672,0.16308,9,17116
2673,0.109037,6,17122
2674,0.200954,11,17133
2675,0.15734,9,17142
2676,0.144403,8,17150
2677,0.059376,4,17154
2678,0.16028,9,17163
2679,-0.180695,15,17178
2680,0.016951,1,17179
2681,0.269143,15,17194
2682,0.074051,4,17198
2683,0.017252,1,17199
2684,0.015488,1,17200
2685,0.125867,7,17207
2686,0.054208,3,17210
2687,-0.704928,5,17215
2688,0.074345,4,17219
2689,-0.30736,5,17224
2690,0.057788,3,17227
2691,0.137804,8,17235
2692,0.199599,11,17246
2693,0.075772,4,17250
2694,0.15752,10,17260
2695,0.255578,14,17274
2696,0.192961,11,17285
2697,0.144134,8,17293
2698,0.091931,5,17298
2699,0.053648,4,17302
2700,-0.341287,3,17305
2701,0.107442,6,17311
2702,0.060999,4,17315
2703,0.174664,13,17328
2704,0.107126,6,17334
2705,0.07758,4,17338
2706,0.068042,4,17342
2707,0.093535,5,17347
2708,0.148018,8,17355
2709,0.043384,3,17358
2710,0.094503,5,17363
2711,0.212736,12,17375
2712,0.275135,17,17392
2713,0.022935,25,17417
2714,0.065902,4,17421
2715,0.128822,7,17428
2716,0.157214,9,17437
2717,0.109778,6,17443
2718,0.051673,3,17446
2719,0.074217,4,17450
2720,0.076949,4,17454
2721,0.081417,5,17459
2722,0.059023,3,17462
2723,0.164341,9,17471
2724,-0.723607,4,17475
2725,-0.228021,12,17487
2726,0.095184,5,17492
2727,0.020235,1,17493
2728,0.013004,1,17494
2729,0.052234,3,17497
2730,0.017767,1,17498
2731,0.073398,4,17502
2732,0.057564,3,17505
2733,0.03936,2,17507
2734,0.165121,10,17517
2735,0.074157,4,17521
2736,0.016488,1,17522
2737,0.037753,2,17524
2738,-0.235487,9,17533
2739,0.13769,8,17541
2740,0.127791,8,17549
2741,0.017241,1,17550
2742,0.090063,5,17555
2743,0.086675,5,17560
2744,0.019508,1,17561
2745,0.092215,5,17566
2746,0.057106,3,17569
2747,0.093203,5,17574
2748,0.057172,3,17577
2749,0.148598,9,17586
2750,0.124718,7,17593
2751,0.129326,9,17602
2752,0.132917,8,17610
2753,0.075929,4,17614
2754,0.210806,12,17626
2755,0.127181,7,17633
2756,-0.240613,9,17642
2757,0.091567,5,17647
2758,0.196812,11,17658
2759,0.018619,1,17659
2760,0.05821,3,17662
2761,0.05849,5,17667
2762,0.196604,11,17678
2763,0.028318,2,17680
2764,0.066502,5,17685
2765,0.037056,2,17687
2766,0.039216,2,17689
2767,0.177642,10,17699
2768,0.030671,2,17701
2769,0.074896,4,17705
2770,0.056242,3,17708
2771,0.036794,2,17710
2772,0.095152,5,17715
2773,0.118407,7,17722
2774,0.019285,1,17723
2775,0.087729,5,17728
2776,-0.342282,3,17731
2777,0.07576,4,17735
2778,0.093227,5,17740
2779,-0.312289,5,17745
2780,0.094698,5,17750
2781,0.106297,6,17756
2782,0.090459,5,17761
2783,0.153954,8,17769
2784,0.088638,5,17774
2785,0.170375,9,17783
2786,0.317561,18,17801
2787,0.331495,18,17819
2788,-0.217616,11,17830
2789,0.084644,5,17835
2790,0.185185,10,17845
2791,0.019937,1,17846
2792,0.133733,8,17854
2793,0.072906,4,17858
2794,0.10775,6,17864
2795,0.08697,5,17869
2796,0.070148,5,17874
2797,0.073195,4,17878
2798,-0.264598,8,17886
2799,0.03992,2,17888
2800,0.118994,7,17895
2801,0.162968,9,17904
2802,0.019199,1,17905
2803,0.188914,11,17916
2804,0.220701,12,17928
2805,0.067581,4,17932
2806,0.074089,4,17936
2807,-0.170729,15,17951
2808,0.131198,7,17958
2809,0.109007,6,17964
2810,0.122636,7,17971
2811,0.221041,12,17983
2812,0.132025,7,17990
2813,-0.309444,5,17995
2814,0.075642,5,18000
2815,0.091584,5,18005
2816,0.123993,7,18012
2817,0.019917,1,18013
2818,0.112256,6,18019
2819,-0.326471,4,18023
2820,0.029844,2,18025
2821,0.164867,9,18034
2822,0.074459,4,18038
2823,0.166623,9,18047
2824,0.181631,10,18057
2825,0.068708,4,18061
2826,0.01924,1,18062
2827,0.118578,7,18069
2828,-0.281058,7,18076
2829,0.107023,6,18082
2830,0.123659,7,18089
2831,0.093,5,18094
2832,0.049958,3,18097
2833,0.06821,4,18101
2834,0.153962,9,18110
2835,0.128063,7,18117
2836,-0.269481,7,18124
2837,0.037295,2,18126
2838,-0.350367,3,18129
2839,0.130256,7,18136
2840,0.019165,1,18137
2841,0.037166,2,18139
2842,-0.575751,13,18152
2843,0.233403,13,18165
2844,0.076934,4,18169
2845,0.062963,4,18173
2846,0.072962,4,18177
2847,0.178808,10,18187
2848,0.062585,4,18191
2849,0.192639,10,18201
2850,0.050732,3,18204
2851,0.128076,7,18211
2852,0.033367,2,18213
2853,0.057171,3,18216
2854,0.252078,14,18230
2855,0.236275,13,18243
2856,-0.323803,4,18247
2857,0.036332,2,18249
2858,0.166466,10,18259
2859,0.035586,2,18261
2860,0.051641,3,18264
2861,0.07093,4,18268
2862,0.111085,6,18274
2863,0.111901,6,18280
2864,0.324975,18,18298
2865,0.150194,8,18306
2866,0.167526,9,18315
2867,0.039675,2,18317
2868,-0.095706,17,18334
2869,0.094767,5,18339
2870,0.106107,6,18345
2871,0.20757,14,18359
2872,0.093344,5,18364
2873,-0.293553,6,18370
2874,0.051612,3,18373
2875,0.194567,11,18384
2876,-0.293556,6,18390
2877,0.077413,4,18394
2878,0.157305,9,18403
2879,0.059389,3,18406
2880,-0.622506,11,18417
2881,0.278684,15,18432
2882,0.180406,10,18442
2883,0.123893,7,18449
2884,0.107048,6,18455
2885,0.075514,4,18459
2886,0.058128,3,18462
2887,0.054619,3,18465
2888,0.072833,4,18469
2889,0.1094,6,18475
2890,0.093208,5,18480
2891,0.045654,3,18483
2892,0.022004,1,18484
2893,0.153907,9,18493
2894,0.05792,3,18496
2895,0.072106,4,18500
2896,0.050872,3,18503
2897,0.19544,11,18514
2898,0.080792,5,18519
2899,-0.28638,7,18526
2900,0.089743,5,18531
2901,0.140418,8,18539
2902,0.039679,2,18541
2903,0.019331,1,18542
2904,0.089498,5,18547
2905,0.135199,8,18555
2906,0.128435,8,18563
2907,0.020708,1,18564
2908,0.141043,8,18572
2909,0.086428,5,18577
2910,0.113169,6,18583
2911,0.122448,7,18590
2912,0.229335,12,18602
2913,0.253101,14,18616
2914,0.16889,10,18626
2915,0.015719,1,18627
2916,0.129754,8,18635
2917,0.071426,4,18639
2918,0.092893,5,18644
2919,0.019587,1,18645
2920,0.132523,7,18652
2921,0.164832,9,18661
2922,0.11038,6,18667
2923,0.075111,4,18671
2924,0.104505,6,18677
2925,0.089947,5,18682
2926,0.086483,5,18687
2927,0.126486,7,18694
2928,0.170713,10,18704
2929,0.071888,4,18708
2930,0.055168,3,18711
2931,0.035909,2,18713
2932,0.140722,8,18721
2933,0.056588,3,18724
2934,0.128612,7,18731
2935,0.185051,10,18741
2936,0.049727,3,18744
2937,0.056054,3,18747
2938,-0.340657,3,18750
2939,0.158344,11,18761
2940,0.519563,28,18789
2941,0.140338,8,18797
2942,0.059021,3,18800
2943,0.220005,13,18813
2944,0.179081,10,18823
2945,0.056778,3,18826
2946,-0.238951,9,18835
2947,0.058938,4,18839
2948,0.078341,5,18844
2949,0.157047,9,18853
2950,-0.129565,17,18870
2951,0.202781,11,18881
2952,0.01931,1,18882
2953,0.038143,2,18884
2954,0.117201,6,18890
2955,0.137556,8,18898
2956,0.057158,3,18901
2957,0.103623,6,18907
2958,0.156814,9,18916
2959,-0.200132,11,18927
2960,0.104662,6,18933
2961,0.056827,3,18936
2962,0.12904,8,18944
2963,0.185194,10,18954
2964,0.02895,2,18956
2965,0.091324,5,18961
2966,0.196429,11,18972
2967,0.066983,4,18976
2968,0.112918,6,18982
2969,0.123183,7,18989
2970,0.069641,4,18993
2971,0.051819,3,18996
2972,0.144781,8,19004
2973,0.055036,3,19007
2974,0.06455,4,19011
2975,0.200245,11,19022
2976,0.126814,7,19029
2977,0.020869,1,19030
2978,0.132402,7,19037
2979,0.065216,4,19041
2980,0.037888,2,19043
2981,0.059628,4,19047
2982,0.206788,11,19058
2983,0.147816,8,19066
2984,0.092036,5,19071
2985,0.180933,10,19081
2986,0.068415,4,19085
2987,0.051573,3,19088
2988,0.055695,4,19092
2989,0.05382,3,19095
2990,0.091792,5,19100
2991,0.143172,8,19108
2992,0.07602,4,19112
2993,-0.341661,3,19115
2994,0.053931,3,19118
2995,0.074168,4,19122
2996,0.047062,3,19125
2997,0.037589,2,19127
2998,0.057131,3,19130
2999,0.094205,5,19135
3000,0.109802,6,19141
3001,0.088324,5,19146
3002,0.056038,3,19149
3003,0.073189,4,19153
3004,0.113758,6,19159
3005,0.091085,5,19164
3006,0.092886,6,19170
3007,0.073231,4,19174
3008,0.01648,1,19175
3009,0.078363,4,19179
3010,0.260106,14,19193
3011,0.015367,1,19194
3012,0.049944,3,19197
3013,0.197312,12,19209
3014,0.228672,16,19225
3015,0.050886,3,19228
3016,0.039021,2,19230
3017,0.112267,6,19236
3018,0.092136,5,19241
3019,0.153211,8,19249
3020,0.078756,5,19254
3021,0.056251,3,19257
3022,0.043487,3,19260
3023,0.074909,4,19264
3024,0.035141,2,19266
3025,0.113451,6,19272
3026,0.020452,23,19295
3027,0.256204,14,19309
3028,0.138717,9,19318
3029,0.071478,4,19322
3030,0.082361,5,19327
3031,0.03892,2,19329
3032,0.108944,6,19335
3033,0.05577,3,19338
3034,0.033213,2,19340
3035,-0.304769,6,19346
3036,0.171569,9,19355
3037,0.063828,4,19359
3038,0.110399,6,19365
3039,0.017885,1,19366
3040,0.160326,9,19375
3041,0.216908,12,19387
3042,0.139458,8,19395
3043,0.073991,4,19399
3044,0.123802,7,19406
3045,0.27267,15,19421
3046,0.099731,6,19427
3047,-0.290475,6,19433
3048,0.071223,4,19437
3049,0.150581,9,19446
3050,0.149629,8,19454
3051,0.196606,11,19465
3052,0.050945,3,19468
3053,-0.344131,3,19471
3054,0.168557,9,19480
3055,0.114839,6,19486
3056,0.056253,3,19489
3057,0.083151,5,19494
3058,0.054053,3,19497
3059,0.112225,6,19503
3060,0.040459,2,19505
3061,0.077176,4,19509
3062,0.142957,9,19518
3063,0.059863,3,19521
3064,0.08886,5,19526
3065,0.044154,3,19529
3066,-0.330354,4,19533
3067,0.367011,21,19554
3068,-0.135762,15,19569
3069,0.110653,6,19575
3070,0.265752,16,19591
3071,0.095805,5,19596
3072,0.257436,14,19610
3073,0.08357,5,19615
3074,0.058069,4,19619
3075,0.09556,5,19624
3076,0.386718,21,19645
3077,0.130483,7,19652
3078,0.231627,14,19666
3079,0.07696,5,19671
3080,0.096556,6,19677
3081,0.018172,1,19678
3082,0.06984,4,19682
3083,0.164757,10,19692
3084,0.109846,6,19698
3085,0.074359,4,19702
3086,0.025506,2,19704
3087,0.075267,4,19708
3088,0.072883,4,19712
3089,0.077178,4,19716
3090,-0.186744,12,19728
3091,0.185764,10,19738
3092,0.05708,3,19741
3093,0.05756,3,19744
3094,0.039585,2,19746
3095,0.052129,3,19749
3096,0.184536,10,19759
3097,0.068147,4,19763
3098,0.033218,2,19765
3099,0.112725,6,19771
3100,0.082572,5,19776
3101,0.090461,5,19781
3102,0.055211,3,19784
3103,0.111995,7,19791
3104,0.034049,2,19793
3105,0.15909,9,19802
3106,0.154079,9,19811
3107,0.121516,7,19818
3108,0.110669,6,19824
3109,0.444722,26,19850
3110,0.127144,7,19857
3111,0.048339,3,19860
3112,0.050641,3,19863
3113,0.057608,3,19866
3114,0.168956,10,19876
3115,0.074584,4,19880
3116,0.12467,7,19887
3117,0.118192,7,19894
3118,0.077188,4,19898
3119,0.076871,4,19902
3120,0.062449,4,19906
3121,0.124099,7,19913
3122,0.037609,2,19915
3123,0.038839,2,19917
3124,0.139705,8,19925
3125,0.1215,7,19932
3126,0.125898,7,19939
3127,0.108083,6,19945
3128,0.018529,1,19946
3129,0.373199,21,19967
3130,0.038284,3,19970
3131,-0.256558,8,19978
3132,0.053758,3,19981
3133,0.205267,11,19992
3134,0.125326,7,19999
3135,0.18193,10,20009
3136,0.15815,9,20018
3137,0.039304,2,20020
3138,0.019131,1,20021
3139,0.063623,4,20025
3140,0.075293,4,20029
3141,0.055944,3,20032
3142,0.06997,4,20036
3143,0.021767,1,20037
3144,-0.128529,16,20053
3145,0.056421,3,20056
3146,0.126711,7,20063
3147,0.407569,28,20091
3148,0.194013,11,20102
3149,0.095151,6,20108
3150,0.174701,10,20118
3151,0.018631,1,20119
3152,0.18553,11,20130
3153,0.266922,15,20145
3154,0.245077,13,20158
3155,0.140588,8,20166
3156,-0.123297,16,20182
3157,0.280831,16,20198
3158,0.094085,5,20203
3159,0.11188,6,20209
3160,0.186462,10,20219
3161,0.237406,14,20233
3162,0.141875,8,20241
3163,0.083599,5,20246
3164,0.160103,9,20255
3165,0.03762,3,20258
3166,0.187426,10,20268
3167,0.046843,3,20271
3168,0.034917,2,20273
3169,0.05691,3,20276
3170,0.221952,12,20288
3171,0.21334,13,20301
3172,0.038706,2,20303
3173,0.18214,10,20313
3174,0.035008,2,20315
3175,-0.264813,8,20323
3176,0.075281,4,20327
3177,-0.322066,4,20331
3178,0.055632,3,20334
3179,0.101572,6,20340
3180,0.057474,3,20343
3181,0.144223,8,20351
3182,0.03841,2,20353
3183,0.021902,1,20354
3184,0.056354,3,20357
3185,0.05438,3,20360
3186,0.077817,5,20365
3187,0.192256,12,20377
3188,0.062904,4,20381
3189,0.10808,7,20388
3190,0.054773,3,20391
3191,0.038231,2,20393
3192,0.248136,14,20407
3193,-0.304018,6,20413
3194,0.144561,8,20421
3195,0.251396,14,20435
3196,0.201323,11,20446
3197,0.139899,9,20455
3198,0.087329,5,20460
3199,0.152435,9,20469
3200,0.065058,4,20473
3201,0.288254,16,20489
3202,0.036773,2,20491
3203,0.019827,1,20492
3204,0.094355,5,20497
3205,0.090788,5,20502
3206,0.069281,4,20506
3207,0.056803,4,20510
3208,0.079615,5,20515
3209,0.187295,10,20525
3210,0.092796,5,20530
3211,0.112017,6,20536
3212,0.032935,2,20538
3213,0.032835,2,20540
3214,0.019227,1,20541
3215,0.162658,9,20550
3216,0.093019,5,20555
3217,-0.302417,6,20561
3218,0.20609,13,20574
3219,0.111632,6,20580
3220,0.056811,3,20583
3221,0.058988,3,20586
3222,0.243357,13,20599
3223,0.068754,4,20603
3224,0.067036,5,20608
3225,0.07185,4,20612
3226,0.042986,3,20615
3227,-0.017223,22,20637
3228,-0.282762,7,20644
3229,0.082052,5,20649
3230,0.090422,5,20654
3231,0.205381,12,20666
3232,0.126126,7,20673
3233,0.225952,12,20685
3234,0.074127,4,20689
3235,0.109849,6,20695
3236,0.160142,9,20704
3237,0.093276,5,20709
3238,0.143287,8,20717
3239,-0.026164,21,20738
3240,-0.101875,17,20755
3241,0.126257,7,20762
3242,0.019878,1,20763
3243,0.102002,6,20769
3244,0.017733,1,20770
3245,0.109566,6,20776
3246,0.129667,7,20783
3247,0.074978,4,20787
3248,0.039767,2,20789
3249,0.058513,3,20792
3250,0.153388,9,20801
3251,0.162846,9,20810
3252,0.113392,7,20817
3253,0.124788,7,20824
3254,0.104219,6,20830
3255,0.039217,2,20832
3256,0.203099,11,20843
3257,0.03196,2,20845
3258,0.270528,15,20860
3259,0.035882,2,20862
3260,-0.049442,20,20882
3261,0.095604,5,20887
3262,0.094414,5,20892
3263,0.150429,9,20901
3264,0.071683,4,20905
3265,0.069468,4,20909
3266,0.072578,4,20913
3267,0.039591,2,20915
3268,-0.140015,14,20929
3269,0.252183,14,20943
3270,0.093339,5,20948
3271,0.072137,4,20952
3272,0.075634,4,20956
3273,0.376439,21,20977
3274,0.125347,7,20984
3275,0.108968,6,20990
3276,0.108017,6,20996
3277,0.095752,5,21001
3278,0.160401,9,21010
3279,0.088312,5,21015
3280,-0.163385,13,21028
3281,0.280073,16,21044
3282,0.018423,1,21045
3283,0.197825,11,21056
3284,0.055031,3,21059
3285,0.089887,5,21064
3286,0.096251,5,21069
3287,0.021339,1,21070
3288,0.08798,5,21075
3289,0.144528,8,21083
3290,0.018466,1,21084
3291,0.131337,7,21091
3292,0.090775,5,21096
3293,0.0188,1,21097
3294,0.173045,10,21107
3295,0.146467,8,21115
3296,0.170225,9,21124
3297,0.096768,5,21129
3298,0.093008,5,21134
3299,0.06627,4,21138
3300,0.08345,5,21143
3301,0.105134,6,21149
3302,-0.304129,6,21155
3303,0.112626,6,21161
3304,0.018185,1,21162
3305,0.147617,8,21170
3306,0.094263,5,21175
3307,0.205834,12,21187
3308,0.03696,2,21189
3309,0.10632,6,21195
3310,0.070608,4,21199
3311,0.082353,5,21204
3312,0.33128,20,21224
3313,0.136731,7,21231
3314,0.201294,12,21243
3315,0.375585,21,21264
3316,0.145765,8,21272
3317,0.133806,7,21279
3318,0.089832,5,21284
3319,0.120325,7,21291
3320,0.10413,6,21297
3321,0.140064,8,21305
3322,0.099952,6,21311
3323,0.184174,10,21321
3324,0.109219,6,21327
3325,0.228251,12,21339
3326,0.150055,8,21347
3327,0.086707,5,21352
3328,0.095223,5,21357
3329,0.104839,6,21363
3330,0.284434,17,21380
3331,0.087461,5,21385
3332,0.088586,5,21390
3333,0.116493,7,21397
3334,0.125416,7,21404
3335,0.208467,12,21416
3336,0.10164,6,21422
3337,0.161322,10,21432
3338,0.088452,5,21437
3339,0.054893,3,21440
3340,0.145631,8,21448
3341,0.056614,3,21451
3342,0.087163,5,21456
3343,0.268795,15,21471
3344,0.19196,10,21481
3345,0.392276,22,21503
3346,0.126175,7,21510
3347,0.036927,2,21512
3348,0.059275,3,21515
3349,0.113064,6,21521
3350,0.104183,6,21527
3351,0.108716,6,21533
3352,0.092529,5,21538
3353,0.1127,6,21544
3354,0.282654,16,21560
3355,0.296641,17,21577
3356,0.033025,2,21579
3357,0.163187,9,21588
3358,0.138229,8,21596
3359,0.158277,10,21606
3360,0.143109,8,21614
3361,0.151269,8,21622
3362,0.133507,8,21630
3363,0.093257,5,21635
3364,0.201949,11,21646
3365,0.163378,9,21655
3366,0.052554,3,21658
3367,0.139513,8,21666
3368,0.062612,5,21671
3369,0.261594,15,21686
3370,0.176776,10,21696
3371,0.058015,3,21699
3372,0.361232,21,21720
3373,0.183724,10,21730
3374,0.360582,20,21750
3375,0.166475,10,21760
3376,0.164036,9,21769
3377,0.086153,5,21774
3378,0.03654,2,21776
3379,0.072789,4,21780
3380,0.073061,4,21784
3381,0.055918,3,21787
3382,0.201606,11,21798
3383,0.108486,6,21804
3384,0.126063,7,21811
3385,0.062621,4,21815
3386,0.220525,13,21828
3387,0.129712,7,21835
3388,-0.274028,7,21842
3389,0.1105,6,21848
3390,0.182757,10,21858
3391,0.230331,13,21871
3392,0.019955,1,21872
3393,0.05604,3,21875
3394,0.26761,15,21890
3395,0.080704,5,21895
3396,0.078105,4,21899
3397,0.055052,3,21902
3398,0.253075,14,21916
3399,0.366133,21,21937
3400,0.058575,3,21940
3401,0.126473,7,21947
3402,0.208704,11,21958
3403,0.075661,4,21962
3404,-0.235634,9,21971
3405,0.285677,16,21987
3406,0.032797,2,21989
3407,0.058121,4,21993
3408,0.10546,6,21999
3409,-0.327922,4,22003
3410,0.089287,5,22008
3411,0.103883,6,22014
3412,0.146771,8,22022
3413,0.107299,6,22028
3414,0.11026,6,22034
3415,0.058894,3,22037
3416,0.057484,3,22040
3417,0.186872,11,22051
3418,0.281245,16,22067
3419,0.053675,3,22070
3420,0.056782,3,22073
3421,0.146491,8,22081
3422,0.091087,5,22086
3423,-0.205625,11,22097
3424,0.059604,3,22100
3425,0.131776,8,22108
3426,0.339888,19,22127
3427,0.183193,10,22137
3428,0.322621,18,22155
3429,0.040483,2,22157
3430,0.194045,11,22168
3431,0.128308,7,22175
3432,0.236837,13,22188
3433,0.178455,10,22198
3434,0.090752,5,22203
3435,-0.182253,14,22217
3436,0.076188,4,22221
3437,0.242612,13,22234
3438,0.147955,8,22242
3439,0.094043,5,22247
3440,0.093152,5,22252
3441,-0.148367,14,22266
3442,0.126545,7,22273
3443,0.019081,1,22274
3444,0.083831,5,22279
3445,0.147899,8,22287
3446,0.053078,3,22290
3447,0.136895,8,22298
3448,0.073399,4,22302
3449,0.074466,4,22306
3450,0.112869,6,22312
3451,0.039612,2,22314
3452,0.070714,4,22318
3453,0.135558,8,22326
3454,0.056135,3,22329
3455,0.087589,6,22335
3456,0.211748,12,22347
3457,0.020701,1,22348
3458,-0.071866,20,22368
3459,0.091143,5,22373
3460,0.053795,3,22376
3461,0.112224,6,22382
3462,0.071868,4,22386
3463,0.103957,6,22392
3464,0.073986,4,22396
3465,0.127407,7,22403
3466,0.052752,3,22406
3467,0.057881,4,22410
3468,0.093878,5,22415
3469,0.068687,4,22419
3470,0.090053,5,22424
3471,0.147682,8,22432
3472,-0.149494,15,22447
3473,0.129599,7,22454
3474,0.091287,5,22459
3475,0.074652,4,22463
3476,0.109607,6,22469
3477,0.110289,6,22475
3478,0.347504,19,22494
3479,0.079927,5,22499
3480,0.050224,3,22502
3481,0.095613,5,22507
3482,0.131441,7,22514
3483,0.089212,5,22519
3484,-0.305164,5,22524
3485,0.300148,17,22541
3486,0.089186,5,22546
3487,0.035689,2,22548
3488,0.085474,5,22553
3489,0.134152,9,22562
3490,0.053013,3,22565
3491,0.151626,8,22573
3492,0.087778,5,22578
3493,0.093559,5,22583
3494,0.12224,7,22590
3495,0.412678,22,22612
3496,0.077244,4,22616
3497,0.12606,7,22623
3498,0.037676,2,22625
3499,0.038524,2,22627
3500,0.19881,11,22638
3501,0.109173,6,22644
3502,0.017861,1,22645
3503,0.095353,6,22651
3504,0.178401,10,22661
3505,-0.30562,5,22666
3506,0.204591,11,22677
3507,0.464739,26,22703
3508,0.227342,12,22715
3509,0.091571,5,22720
3510,-0.100576,18,22738
3511,0.126446,7,22745
3512,0.109298,6,22751
3513,0.089558,5,22756
3514,-0.326983,4,22760
3515,0.104416,6,22766
3516,0.087695,5,22771
3517,0.057378,3,22774
3518,0.080419,5,22779
3519,0.039252,2,22781
3520,0.070469,4,22785
3521,0.108937,6,22791
3522,0.082351,5,22796
3523,0.055767,3,22799
3524,0.089102,5,22804
3525,0.052777,3,22807
3526,0.128438,7,22814
3527,0.055237,3,22817
3528,0.055721,4,22821
3529,0.163512,9,22830
3530,0.39674,22,22852
3531,0.074058,4,22856
3532,0.084805,6,22862
3533,0.052125,3,22865
3534,0.199238,11,22876
3535,0.247329,15,22891
3536,0.155824,9,22900
3537,0.159503,9,22909
3538,0.105457,7,22916
3539,0.117268,7,22923
3540,0.088992,5,22928
3541,0.391485,22,22950
3542,0.199695,11,22961
3543,0.098827,6,22967
3544,0.055914,3,22970
3545,0.091,5,22975
3546,0.074983,4,22979
3547,0.091443,5,22984
3548,0.054814,3,22987
3549,0.020256,1,22988
3550,0.273325,16,23004
3551,0.033321,2,23006
3552,0.141221,8,23014
3553,0.074323,4,23018
3554,0.090196,5,23023
3555,0.087432,5,23028
3556,0.29219,17,23045
3557,0.163002,9,23054
3558,0.076899,4,23058
3559,0.092924,5,23063
3560,0.018844,1,23064
3561,0.150074,9,23073
3562,0.113735,6,23079
3563,0.120354,7,23086
3564,0.094898,5,23091
3565,0.181388,10,23101
3566,0.058347,3,23104
3567,0.090524,5,23109
3568,0.088836,6,23115
3569,0.300877,18,23133
3570,0.166173,9,23142
3571,0.163641,9,23151
3572,0.039618,2,23153
3573,0.057036,3,23156
3574,0.101756,6,23162
3575,0.038619,2,23164
3576,0.089174,5,23169
3577,0.093944,5,23174
3578,0.426937,29,23203
3579,0.06611,4,23207
3580,0.145476,8,23215
3581,-0.075437,18,23233
3582,0.145426,8,23241
3583,0.16055,9,23250
3584,0.128047,8,23258
3585,0.109023,6,23264
3586,-0.324582,4,23268
3587,-0.309191,5,23273
3588,0.123557,7,23280
3589,0.372276,21,23301
3590,0.222546,13,23314
3591,0.046255,3,23317
3592,-0.283724,7,23324
3593,0.094423,5,23329
3594,0.091248,5,23334
3595,0.088566,5,23339
3596,0.105453,6,23345
3597,0.094807,5,23350
3598,0.180814,10,23360
3599,0.107358,6,23366
3600,0.109781,6,23372
3601,0.137855,9,23381
3602,0.174245,10,23391
3603,0.072129,4,23395
3604,0.066629,4,23399
3605,0.073409,4,23403
3606,0.117603,7,23410
3607,0.0581,3,23413
3608,0.12517,7,23420
3609,0.080984,5,23425
3610,0.567301,32,23457
3611,0.092412,5,23462
3612,-0.017099,21,23483
3613,0.019908,1,23484
3614,0.017954,1,23485
3615,0.090336,5,23490
3616,0.07171,4,23494
3617,0.105352,6,23500
3618,0.017843,1,23501
3619,-0.271171,8,23509
3620,0.039011,2,23511
3621,0.12864,7,23518
3622,0.124944,7,23525
3623,0.084381,6,23531
3624,0.277747,16,23547
3625,0.09656,5,23552
3626,0.019359,1,23553
3627,0.181218,10,23563
3628,0.105643,6,23569
3629,0.078315,4,23573
3630,0.107231,6,23579
3631,0.074135,4,23583
3632,0.052899,3,23586
3633,0.402393,22,23608
3634,0.054499,3,23611
3635,0.058233,3,23614
3636,0.144398,8,23622
3637,0.15276,11,23633
3638,0.273434,15,23648
3639,0.183697,10,23658
3640,0.076189,4,23662
3641,0.055598,3,23665
3642,0.061968,4,23669
3643,0.115787,7,23676
3644,-0.304797,5,23681
3645,0.105708,6,23687
3646,0.108611,7,23694
3647,0.050675,3,23697
3648,0.07529,4,23701
3649,0.15053,8,23709
3650,0.049998,3,23712
3651,0.095981,5,23717
3652,0.088238,5,23722
3653,-0.127017,15,23737
3654,0.137952,9,23746
3655,0.014844,1,23747
3656,0.043484,3,23750
3657,0.03627,2,23752
3658,0.068458,5,23757
3659,0.068078,4,23761
3660,0.175583,10,23771
3661,0.180886,10,23781
3662,0.108223,6,23787
3663,0.140264,8,23795
3664,0.160313,9,23804
3665,0.019934,1,23805
3666,0.208778,12,23817
3667,0.09024,7,23824
3668,-0.15851,14,23838
3669,0.063782,4,23842
3670,-0.195774,11,23853
3671,0.106597,6,23859
3672,0.113454,6,23865
3673,-0.228959,10,23875
3674,0.097599,6,23881
3675,0.235988,13,23894
3676,0.056808,3,23897
3677,0.056208,3,23900
3678,0.228482,13,23913
3679,0.110809,6,23919
3680,0.142294,8,23927
3681,0.321215,18,23945
3682,0.097233,5,23950
3683,0.264969,15,23965
3684,0.107453,6,23971
3685,0.18353,10,23981
3686,0.05823,3,23984
3687,0.057669,3,23987
3688,0.052475,3,23990
3689,0.094472,5,23995
3690,0.057162,3,23998
3691,0.302952,17,24015
3692,0.057702,3,24018
3693,0.017993,1,24019
3694,-0.16578,13,24032
3695,0.037432,2,24034
3696,0.141489,8,24042
3697,0.017532,1,24043
3698,0.099395,6,24049
3699,0.113136,6,24055
3700,0.057448,3,24058
3701,0.11142,6,24064
3702,0.149165,8,24072
3703,0.337224,20,24092
3704,0.073755,4,24096
3705,0.144952,8,24104
3706,0.175253,10,24114
3707,0.345574,21,24135
3708,0.11206,6,24141
3709,0.096419,5,24146
3710,0.019831,1,24147
3711,0.127472,8,24155
3712,0.29229,16,24171
3713,0.106775,6,24177
3714,0.407666,23,24200
3715,0.076424,4,24204
3716,0.054246,3,24207
3717,-0.148201,14,24221
3718,0.263236,15,24236
3719,0.051182,3,24239
3720,0.039054,2,24241
3721,0.104121,6,24247
3722,0.071351,4,24251
3723,0.212782,12,24263
3724,0.064776,4,24267
3725,-0.322415,4,24271
3726,0.188236,10,24281
3727,0.137262,8,24289
3728,0.053273,3,24292
3729,0.056363,3,24295
3730,0.128004,7,24302
3731,0.186335,10,24312
3732,0.084428,5,24317
3733,0.179383,10,24327
3734,0.020569,1,24328
3735,0.018252,1,24329
3736,0.173456,9,24338
3737,0.051957,3,24341
3738,0.096536,6,24347
3739,0.220044,12,24359
3740,0.040277,3,24362
3741,0.107968,6,24368
3742,0.019676,1,24369
3743,0.038399,2,24371
3744,0.157499,9,24380
3745,0.131174,7,24387
3746,-0.165775,13,24400
3747,0.075316,4,24404
3748,0.165243,10,24414
3749,0.072107,4,24418
3750,0.135302,8,24426
3751,0.069055,4,24430
3752,0.117481,7,24437
3753,0.057639,4,24441
3754,0.056943,3,24444
3755,0.095977,5,24449
3756,0.161502,10,24459
3757,0.142394,8,24467
3758,0.226386,13,24480
3759,0.125317,7,24487
3760,0.129272,7,24494
3761,0.110342,6,24500
3762,0.016436,1,24501
3763,0.392951,26,24527
3764,0.223636,12,24539
3765,0.152158,9,24548
3766,0.031417,2,24550
3767,0.03913,2,24552
3768,0.064794,4,24556
3769,0.183293,11,24567
3770,0.061788,4,24571
3771,0.088952,5,24576
3772,0.095344,5,24581
3773,0.072996,4,24585
3774,0.13201,9,24594
3775,0.057839,3,24597
3776,0.018868,1,24598
3777,0.199502,11,24609
3778,0.073045,4,24613
3779,0.139382,8,24621
3780,0.073277,4,24625
3781,0.094974,5,24630
3782,0.217192,12,24642
3783,0.051717,3,24645
3784,0.058023,3,24648
3785,0.052825,3,24651
3786,0.305991,17,24668
3787,0.084899,5,24673
3788,0.114656,7,24680
3789,0.314069,21,24701
3790,0.135078,8,24709
3791,0.074697,4,24713
3792,0.156067,9,24722
3793,0.108814,6,24728
3794,-0.166376,13,24741
3795,0.050335,3,24744
3796,0.094128,5,24749
3797,0.077178,4,24753
3798,0.064284,5,24758
3799,0.242352,14,24772
3800,0.095206,5,24777
3801,0.111257,6,24783
3802,0.073899,4,24787
3803,0.111153,6,24793
3804,0.112849,6,24799
3805,0.072238,4,24803
3806,0.017373,1,24804
3807,0.148761,8,24812
3808,0.017371,1,24813
3809,0.146048,8,24821
3810,0.245431,13,24834
3811,0.038055,2,24836
3812,0.182131,10,24846
3813,0.075581,4,24850
3814,0.185706,10,24860
3815,0.064245,4,24864
3816,0.158316,9,24873
3817,0.083645,5,24878
3818,0.096634,5,24883
3819,0.258505,14,24897
3820,0.165671,9,24906
3821,0.128455,7,24913
3822,0.092862,5,24918
3823,0.08648,5,24923
3824,0.058696,3,24926
3825,0.13158,7,24933
3826,0.134734,7,24940
3827,0.006363,27,24967
3828,0.154949,10,24977
3829,0.077411,4,24981
3830,0.154702,10,24991
3831,0.173227,10,25001
3832,0.175606,10,25011
3833,0.054321,3,25014
3834,0.072984,4,25018
3835,0.058811,3,25021
3836,0.106282,6,25027
3837,0.109833,6,25033
3838,0.168289,10,25043
3839,0.110558,6,25049
3840,0.124876,8,25057
3841,0.049481,3,25060
3842,0.106146,6,25066
3843,0.091865,5,25071
3844,-0.234081,9,25080
3845,0.234746,13,25093
3846,0.08701,6,25099
3847,0.164454,9,25108
3848,0.057994,3,25111
3849,0.109699,6,25117
3850,0.180813,10,25127
3851,0.280368,16,25143
3852,0.09825,6,25149
3853,0.167584,10,25159
3854,-0.165749,13,25172
3855,0.129976,7,25179
3856,0.100039,6,25185
3857,0.131844,7,25192
3858,0.073849,4,25196
3859,0.067578,4,25200
3860,0.075881,4,25204
3861,0.109753,6,25210
3862,0.217307,12,25222
3863,0.077072,4,25226
3864,0.527306,30,25256
3865,0.185803,10,25266
3866,0.099582,6,25272
3867,-0.288203,6,25278
3868,0.077377,4,25282
3869,0.110806,7,25289
3870,0.1398,8,25297
3871,0.235268,14,25311
3872,0.117183,7,25318
3873,0.508163,28,25346
3874,0.055269,3,25349
3875,0.057681,3,25352
3876,0.089485,5,25357
3877,0.152658,8,25365
3878,-0.304638,6,25371
3879,0.420086,23,25394
3880,0.05561,4,25398
3881,0.055426,3,25401
3882,0.052582,3,25404
3883,0.089382,5,25409
3884,0.132359,7,25416
3885,0.151699,9,25425
3886,0.152586,10,25435
3887,0.074623,4,25439
3888,0.085491,5,25444
3889,0.038115,2,25446
3890,0.14778,8,25454
3891,0.234366,14,25468
3892,0.26762,16,25484
3893,0.163057,9,25493
3894,0.021174,1,25494
3895,0.110459,6,25500
3896,0.165532,9,25509
3897,0.046757,3,25512
3898,0.181684,11,25523
3899,0.090959,5,25528
3900,-0.229011,10,25538
3901,0.184447,10,25548
3902,0.075697,4,25552
3903,0.054188,3,25555
3904,0.686087,40,25595
3905,0.019112,1,25596
3906,0.353835,21,25617
3907,0.2256,15,25632
3908,0.198756,11,25643
3909,0.153012,8,25651
3910,0.093662,5,25656
3911,0.075984,4,25660
3912,0.058094,3,25663
3913,0.146625,8,25671
3914,0.113589,6,25677
3915,0.119315,7,25684
3916,0.098581,5,25689
3917,0.072153,4,25693
3918,0.090104,5,25698
3919,0.082544,5,25703
3920,0.043253,3,25706
3921,0.154273,9,25715
3922,0.032145,2,25717
3923,0.111793,6,25723
3924,0.115641,7,25730
3925,0.036497,2,25732
3926,0.018394,1,25733
3927,0.104119,6,25739
3928,0.23527,13,25752
3929,0.259431,15,25767
3930,0.075819,4,25771
3931,0.060113,4,25775
3932,0.197106,11,25786
3933,0.084216,5,25791
3934,-0.687576,6,25797
3935,0.112351,6,25803
3936,0.280689,16,25819
3937,0.128353,7,25826
3938,0.064867,4,25830
3939,0.273858,17,25847
3940,0.114432,7,25854
3941,0.113882,6,25860
3942,0.096298,6,25866
3943,0.156584,9,25875
3944,0.335562,20,25895
3945,0.247007,14,25909
3946,0.074529,4,25913
3947,0.075976,4,25917
3948,0.056977,3,25920
3949,0.556328,38,25958
3950,0.050683,3,25961
3951,0.151545,8,25969
3952,0.035186,2,25971
3953,0.056388,3,25974
3954,0.146494,8,25982
3955,0.087143,5,25987
3956,0.293356,18,26005
3957,0.188338,10,26015
3958,0.153196,9,26024
3959,0.178526,10,26034
3960,0.103799,6,26040
3961,-0.28533,7,26047
3962,0.100669,6,26053
3963,0.216834,13,26066
3964,0.089068,5,26071
3965,0.291393,16,26087
3966,0.112541,6,26093
3967,0.08994,5,26098
3968,0.11214,6,26104
3969,0.076114,5,26109
3970,0.119121,7,26116
3971,0.038492,2,26118
3972,0.183197,10,26128
3973,0.075921,4,26132
3974,0.107628,6,26138
3975,0.064623,5,26143
3976,0.24482,14,26157
3977,0.21772,12,26169
3978,0.370948,21,26190
3979,0.078302,5,26195
3980,0.049523,3,26198
3981,0.244936,14,26212
3982,0.019939,1,26213
3983,0.153365,8,26221
3984,0.230758,13,26234
3985,0.095305,5,26239
3986,0.070949,4,26243
3987,0.114297,6,26249
3988,0.137114,8,26257
3989,0.149619,10,26267
3990,0.0579,3,26270
3991,0.018737,1,26271
3992,0.07291,4,26275
3993,0.038382,2,26277
3994,0.398212,24,26301
3995,0.197545,11,26312
3996,0.10729,6,26318
3997,0.057706,3,26321
3998,-0.220891,10,26331
3999,0.347795,19,26350
4000,0.191789,10,26360
4001,0.077194,4,26364
4002,0.214735,12,26376
4003,0.204793,12,26388
4004,0.315893,20,26408
4005,0.071674,4,26412
4006,0.094116,5,26417
4007,0.208821,11,26428
4008,0.085569,5,26433
4009,0.10195,6,26439
4010,0.176095,10,26449
4011,0.080312,6,26455
4012,0.116293,6,26461
4013,0.069086,4,26465
4014,0.05739,3,26468
4015,0.034522,2,26470
4016,0.111976,6,26476
4017,0.153481,9,26485
4018,0.19914,11,26496
4019,0.057134,3,26499
4020,0.059715,3,26502
4021,0.201313,11,26513
4022,0.09131,5,26518
4023,0.071201,4,26522
4024,0.019287,1,26523
4025,0.109524,6,26529
4026,0.019916,1,26530
4027,0.292192,16,26546
4028,0.136244,9,26555
4029,0.065305,4,26559
4030,0.083413,5,26564
4031,0.057358,3,26567
4032,0.265079,15,26582
4033,0.090331,5,26587
4034,-0.272729,7,26594
4035,0.236296,15,26609
4036,0.017694,1,26610
4037,0.022032,1,26611
4038,-0.160636,14,26625
4039,0.08835,5,26630
4040,0.108309,6,26636
4041,0.015908,24,26660
4042,0.105858,6,26666
4043,0.092024,5,26671
4044,0.038173,2,26673
4045,0.072632,4,26677
4046,0.157923,9,26686
4047,0.124897,7,26693
4048,0.237459,13,26706
4049,0.01588,1,26707
4050,0.074285,4,26711
4051,0.021089,1,26712
4052,0.036535,2,26714
4053,0.034641,2,26716
4054,0.053808,3,26719
4055,0.018087,1,26720
4056,0.037116,2,26722
4057,0.212743,13,26735
4058,0.14751,9,26744
4059,0.016899,1,26745
4060,0.076818,4,26749
4061,0.087829,5,26754
4062,0.07499,4,26758
4063,0.143701,8,26766
4064,0.188499,11,26777
4065,-0.340795,3,26780
4066,0.215181,13,26793
4067,-0.272037,7,26800
4068,0.146632,8,26808
4069,-0.252339,8,26816
4070,0.106665,6,26822
4071,0.168735,10,26832
4072,0.160458,11,26843
4073,0.176739,10,26853
4074,0.16842,10,26863
4075,-0.215776,11,26874
4076,0.273844,16,26890
4077,0.087595,5,26895
4078,0.18533,10,26905
4079,0.229376,13,26918
4080,0.164235,9,26927
4081,0.07699,5,26932
4082,0.134338,8,26940
4083,0.039747,2,26942
4084,0.03912,2,26944
4085,0.128462,7,26951
4086,0.073546,4,26955
4087,0.073281,4,26959
4088,0.131472,7,26966
4089,0.103538,6,26972
4090,0.215695,13,26985
4091,0.089472,5,26990
4092,0.126055,7,26997
4093,0.153767,8,27005
4094,0.113396,6,27011
4095,0.064707,4,27015
4096,0.137613,8,27023
4097,0.125938,7,27030
4098,0.131512,7,27037
4099,0.235374,13,27050
4100,0.133633,8,27058
4101,0.094517,5,27063
4102,0.082249,5,27068
4103,0.131996,8,27076
4104,0.207734,11,27087
4105,0.053858,3,27090
4106,0.038157,2,27092
4107,0.135197,8,27100
4108,0.019021,1,27101
4109,0.23348,13,27114
4110,0.12503,7,27121
4111,0.067584,4,27125
4112,0.14691,8,27133
4113,0.075464,4,27137
4114,0.074972,4,27141
4115,0.192675,11,27152
4116,0.122477,7,27159
4117,0.015275,1,27160
4118,0.033018,2,27162
4119,0.131497,7,27169
4120,0.068779,4,27173
4121,0.068384,4,27177
4122,0.115141,6,27183
4123,0.088142,5,27188
4124,0.221683,13,27201
4125,0.136363,9,27210
4126,0.072551,4,27214
4127,0.036576,2,27216
4128,0.067287,4,27220
4129,0.13289,8,27228
4130,0.066457,4,27232
4131,0.058943,4,27236
4132,-0.276572,7,27243
4133,0.056017,3,27246
4134,0.141578,8,27254
4135,0.153638,9,27263
4136,0.052726,3,27266
4137,-0.249016,11,27277
4138,0.106235,6,27283
4139,0.108726,6,27289
4140,0.033731,2,27291
4141,0.147351,9,27300
4142,0.14967,9,27309
4143,0.091491,5,27314
4144,0.245512,16,27330
4145,0.26847,16,27346
4146,0.116582,6,27352
4147,0.086115,5,27357
4148,0.199887,11,27368
4149,0.111782,7,27375
4150,0.150097,8,27383
4151,0.143273,8,27391
4152,0.092715,5,27396
4153,0.080668,5,27401
4154,0.242256,13,27414
4155,0.215315,12,27426
4156,0.205213,11,27437
4157,0.169394,10,27447
4158,0.221677,12,27459
4159,0.239253,15,27474
4160,0.175322,10,27484
4161,0.133921,7,27491
4162,0.086673,5,27496
4163,0.188308,11,27507
4164,0.092188,5,27512
4165,0.109523,6,27518
4166,0.017661,1,27519
4167,0.266709,15,27534
4168,0.120812,7,27541
4169,0.112499,6,27547
4170,0.09089,5,27552
4171,0.258344,17,27569
4172,0.019892,1,27570
4173,0.093106,5,27575
4174,0.161968,9,27584
4175,0.337731,19,27603
4176,0.110621,6,27609
4177,0.094919,5,27614
4178,0.075997,4,27618
4179,0.131455,8,27626
4180,0.135332,7,27633
4181,0.091316,5,27638
4182,0.128605,7,27645
4183,-0.124718,18,27663
4184,0.056384,3,27666
4185,0.125548,7,27673
4186,0.098043,5,27678
4187,0.087064,5,27683
4188,0.265597,15,27698
4189,0.108172,6,27704
4190,0.296792,19,27723
4191,0.119184,7,27730
4192,0.087713,6,27736
4193,0.130733,7,27743
4194,0.039417,2,27745
4195,0.077264,4,27749
4196,0.108979,6,27755
4197,0.073712,4,27759
4198,0.094961,5,27764
4199,0.229872,13,27777
4200,0.112399,6,27783
4201,0.056804,3,27786
4202,0.019691,1,27787
4203,0.176795,10,27797
4204,0.131919,7,27804
4205,0.063955,4,27808
4206,0.119992,7,27815
4207,0.093979,5,27820
4208,0.250957,14,27834
4209,0.253976,14,27848
4210,0.255799,14,27862
4211,0.056567,3,27865
4212,0.180255,10,27875
4213,0.132344,8,27883
4214,0.090804,5,27888
4215,0.177436,10,27898
4216,0.216138,13,27911
4217,0.216662,12,27923
4218,0.132172,7,27930
4219,0.048782,3,27933
4220,0.130149,7,27940
4221,0.122726,7,27947
4222,0.177102,10,27957
4223,0.106604,6,27963
4224,0.111737,6,27969
4225,0.173222,10,27979
4226,0.13014,7,27986
4227,0.055056,3,27989
4228,0.074658,4,27993
4229,0.202971,13,28006
4230,0.07389,4,28010
4231,0.094572,5,28015
4232,0.564389,32,28047
4233,0.108213,6,28053
4234,0.073213,4,28057
4235,0.145129,8,28065
4236,0.164974,9,28074
4237,0.109702,6,28080
4238,0.488125,28,28108
4239,0.038187,2,28110
4240,0.066698,4,28114
4241,0.020639,1,28115
4242,0.112653,6,28121
4243,0.037173,2,28123
4244,0.162262,10,28133
4245,0.10216,6,28139
4246,0.115187,7,28146
4247,0.117036,7,28153
4248,0.089451,5,28158
4249,0.26246,14,28172
4250,0.178778,10,28182
4251,0.235817,15,28197
4252,0.21357,12,28209
4253,0.085464,5,28214
4254,0.05811,3,28217
4255,0.18116,10,28227
4256,0.076725,5,28232
4257,0.09456,6,28238
4258,0.06798,4,28242
4259,0.260111,14,28256
4260,0.372008,23,28279
4261,0.118352,7,28286
4262,0.051616,3,28289
4263,0.367836,21,28310
4264,0.020273,1,28311
4265,0.226007,14,28325
4266,0.05704,3,28328
4267,0.475704,32,28360
4268,0.112419,6,28366
4269,0.126041,7,28373
4270,0.068164,4,28377
4271,0.216446,14,28391
4272,0.039595,2,28393
4273,0.019908,1,28394
4274,0.357404,20,28414
4275,0.172437,10,28424
4276,0.019657,1,28425
4277,0.203835,11,28436
4278,0.300822,23,28459
4279,0.192253,11,28470
4280,0.018369,1,28471
4281,0.180339,10,28481
4282,0.124908,7,28488
4283,0.186576,11,28499
4284,0.154585,9,28508
4285,0.148605,9,28517
4286,0.251508,14,28531
4287,0.077657,4,28535
4288,0.096065,5,28540
4289,0.088304,6,28546
4290,0.059054,3,28549
4291,0.038681,2,28551
4292,0.235809,13,28564
4293,0.347218,19,28583
4294,0.107674,6,28589
4295,0.188318,10,28599
4296,0.125714,8,28607
4297,0.101314,6,28613
4298,0.107027,6,28619
4299,-0.18603,12,28631
4300,0.10858,6,28637
4301,0.099928,6,28643
4302,0.218601,14,28657
4303,0.09049,5,28662
4304,0.12727,7,28669
4305,0.112156,6,28675
4306,-0.199175,11,28686
4307,0.142118,8,28694
4308,0.047366,3,28697
4309,0.16258,9,28706
4310,0.070164,4,28710
4311,0.097409,6,28716
4312,0.104763,7,28723
4313,0.155174,8,28731
4314,0.200311,11,28742
4315,-0.079123,17,28759
4316,0.017062,1,28760
4317,0.176878,10,28770
4318,0.210688,12,28782
4319,0.128174,7,28789
4320,0.167205,10,28799
4321,0.325499,18,28817
4322,0.050749,3,28820
4323,0.056908,3,28823
4324,0.2684,16,28839
4325,0.063648,4,28843
4326,0.057216,3,28846
4327,0.087423,5,28851
4328,0.128685,8,28859
4329,0.144174,8,28867
4330,0.142057,8,28875
4331,0.054007,3,28878
4332,0.127436,7,28885
4333,0.121108,7,28892
4334,0.079555,5,28897
4335,0.059069,3,28900
4336,0.138597,8,28908
4337,0.170996,10,28918
4338,0.157608,9,28927
4339,0.020288,1,28928
4340,0.144161,8,28936
4341,0.071854,4,28940
4342,0.131537,7,28947
4343,0.219901,13,28960
4344,0.094248,5,28965
4345,0.094514,5,28970
4346,0.109529,6,28976
4347,0.019199,1,28977
4348,0.05525,3,28980
4349,0.083579,6,28986
4350,0.055261,3,28989
4351,0.185717,10,28999
4352,-0.331823,4,29003
4353,0.055583,3,29006
4354,0.112866,6,29012
4355,0.083575,5,29017
4356,0.096185,6,29023
4357,-0.019706,26,29049
4358,0.049416,3,29052
4359,0.213936,12,29064
4360,0.091974,5,29069
4361,0.179736,10,29079
4362,0.076112,4,29083
4363,0.345002,19,29102
4364,0.117137,6,29108
4365,0.166955,9,29117
4366,0.098447,6,29123
4367,0.229862,12,29135
4368,0.018471,1,29136
4369,0.091755,5,29141
4370,0.183364,10,29151
4371,0.166754,11,29162
4372,0.23814,13,29175
4373,0.069639,4,29179
4374,0.23656,14,29193
4375,0.07163,4,29197
4376,0.132292,7,29204
4377,0.083793,5,29209
4378,0.058063,3,29212
4379,0.051509,3,29215
4380,0.10339,7,29222
4381,0.099267,6,29228
4382,0.12984,9,29237
4383,0.213149,15,29252
4384,0.125473,7,29259
4385,0.249724,14,29273
4386,0.090818,5,29278
4387,0.121989,7,29285
4388,0.071343,6,29291
4389,0.128025,7,29298
4390,0.101192,6,29304
4391,0.123309,7,29311
4392,0.166967,12,29323
4393,0.091279,5,29328
4394,0.233596,14,29342
4395,0.102138,6,29348
4396,0.10699,6,29354
4397,0.123862,7,29361
4398,0.05839,3,29364
4399,0.427987,27,29391
4400,0.101133,6,29397
4401,0.296008,17,29414
4402,0.164584,9,29423
4403,0.256384,14,29437
4404,0.064524,5,29442
4405,0.091663,5,29447
4406,0.102935,6,29453
4407,0.081739,5,29458
4408,0.543715,31,29489
4409,0.20675,12,29501
4410,0.018236,1,29502
4411,0.054672,3,29505
4412,0.073564,4,29509
4413,0.117564,7,29516
4414,0.110487,6,29522
4415,0.054191,3,29525
4416,0.06378,4,29529
4417,0.071384,4,29533
4418,0.093657,5,29538
4419,0.165196,10,29548
4420,0.427841,24,29572
4421,-0.252742,8,29580
4422,0.216961,12,29592
4423,0.136927,8,29600
4424,0.228166,12,29612
4425,0.091013,5,29617
4426,0.283792,19,29636
4427,0.181651,10,29646
4428,0.149019,8,29654
4429,0.092771,6,29660
4430,0.09698,5,29665
4431,0.144972,8,29673
4432,0.098648,6,29679
4433,0.166555,9,29688
4434,0.126185,7,29695
4435,0.093874,5,29700
4436,0.189539,10,29710
4437,0.067084,4,29714
4438,0.090688,5,29719
4439,0.052577,3,29722
4440,0.171552,11,29733
4441,0.151472,8,29741
4442,0.42018,23,29764
4443,-0.33447,4,29768
4444,0.277372,16,29784
4445,0.105659,6,29790
4446,0.073039,4,29794
4447,0.066581,5,29799
4448,0.259956,15,29814
4449,0.052006,3,29817
4450,0.276485,15,29832
4451,0.220547,12,29844
4452,0.072139,5,29849
4453,0.046929,3,29852
4454,0.152012,9,29861
4455,0.071972,4,29865
4456,0.102,6,29871
4457,0.018551,1,29872
4458,0.075956,4,29876
4459,0.076752,4,29880
4460,0.17622,10,29890
4461,0.038372,2,29892
4462,0.101261,7,29899
4463,0.114595,6,29905
4464,0.13983,8,29913
4465,0.066902,4,29917
4466,0.133718,9,29926
4467,0.092244,5,29931
4468,0.261546,16,29947
4469,0.037517,2,29949
4470,0.085218,5,29954
4471,0.029373,2,29956
4472,0.146526,8,29964
4473,0.06885,4,29968
4474,0.058311,3,29971
4475,0.129025,7,29978
4476,0.092468,5,29983
4477,0.132669,8,29991
4478,0.175956,10,30001
4479,0.072327,4,30005
4480,0.11022,7,30012
4481,0.020304,1,30013
4482,0.018676,1,30014
4483,0.018558,1,30015
4484,0.243613,14,30029
4485,0.10497,6,30035
4486,0.199096,11,30046
4487,0.072979,4,30050
4488,0.152618,9,30059
4489,0.067325,4,30063
4490,0.107161,6,30069
4491,0.055793,3,30072
4492,0.241864,14,30086
4493,0.341802,20,30106
4494,0.092265,5,30111
4495,0.213874,12,30123
4496,0.110752,7,30130
4497,-0.25191,8,30138
4498,0.07249,4,30142
4499,0.105583,6,30148
4500,0.167867,10,30158
4501,-0.302471,6,30164
4502,0.079716,5,30169
4503,0.288555,16,30185
4504,0.058681,4,30189
4505,0.467249,27,30216
4506,0.234079,13,30229
4507,0.164634,9,30238
4508,0.145955,8,30246
4509,0.039552,2,30248
4510,0.091,5,30253
4511,0.114726,6,30259
4512,0.049369,3,30262
4513,0.156216,10,30272
4514,-0.311707,5,30277
4515,0.191824,13,30290
4516,0.323499,19,30309
4517,0.073694,4,30313
4518,0.148633,8,30321
4519,0.091579,6,30327
4520,0.238105,13,30340
4521,0.185026,12,30352
4522,0.080873,5,30357
4523,0.109568,6,30363
4524,0.132707,7,30370
4525,0.101903,6,30376
4526,0.136487,7,30383
4527,0.132051,8,30391
4528,0.204938,11,30402
4529,0.056062,3,30405
4530,0.089562,5,30410
4531,0.130473,8,30418
4532,0.112253,6,30424
4533,0.21593,17,30441
4534,0.128985,7,30448
4535,0.59133,33,30481
4536,0.086792,5,30486
4537,0.019216,1,30487
4538,0.180675,10,30497
4539,0.087542,5,30502
4540,0.116005,6,30508
4541,0.14741,8,30516
4542,0.073382,4,30520
4543,0.451794,26,30546
4544,0.142786,8,30554
4545,0.089824,5,30559
4546,0.078703,5,30564
4547,0.068674,4,30568
4548,0.293518,17,30585
4549,0.05731,3,30588
4550,0.053577,3,30591
4551,0.236931,13,30604
4552,0.198625,11,30615
4553,0.109831,6,30621
4554,0.116939,7,30628
4555,0.104175,6,30634
4556,0.05051,3,30637
4557,0.103774,7,30644
4558,0.090983,6,30650
4559,0.208446,12,30662
4560,0.455204,27,30689
4561,0.153303,9,30698
4562,0.10444,7,30705
4563,0.072871,5,30710
4564,0.083252,5,30715
4565,0.185364,12,30727
4566,0.121251,7,30734
4567,0.305366,17,30751
4568,0.096368,6,30757
4569,0.159433,9,30766
4570,0.253218,14,30780
4571,0.067599,4,30784
4572,0.090671,5,30789
4573,0.169215,9,30798
4574,0.097961,6,30804
4575,0.287896,16,30820
4576,0.101917,6,30826
4577,0.133176,7,30833
4578,0.146262,8,30841
4579,0.087979,5,30846
4580,0.072363,4,30850
4581,0.230168,13,30863
4582,0.081261,5,30868
4583,0.14466,8,30876
4584,0.19661,11,30887
4585,0.090956,5,30892
4586,0.073713,4,30896
4587,0.094164,5,30901
4588,0.16746,10,30911
4589,0.097349,6,30917
4590,0.14069,8,30925
4591,0.34158,21,30946
4592,0.347778,19,30965
4593,0.098114,6,30971
4594,0.096367,6,30977
4595,0.114289,6,30983
4596,0.159909,9,30992
4597,0.087048,5,30997
4598,0.070688,4,31001
4599,0.087749,5,31006
4600,0.345185,25,31031
4601,0.100017,6,31037
4602,0.353881,23,31060
4603,0.217292,12,31072
4604,0.076137,4,31076
4605,0.104457,6,31082
4606,0.18861,11,31093
4607,0.106711,6,31099
4608,0.240744,14,31113
4609,0.127834,7,31120
4610,0.173317,10,31130
4611,0.123071,7,31137
4612,0.119956,7,31144
4613,-0.162264,14,31158
4614,0.150671,8,31166
4615,0.150017,9,31175
4616,0.090641,5,31180
4617,0.021169,1,31181
4618,0.056938,3,31184
4619,0.092975,5,31189
4620,0.068503,4,31193
4621,0.048102,3,31196
4622,0.087515,5,31201
4623,0.034903,2,31203
4624,0.16348,10,31213
4625,0.151335,9,31222
4626,0.039514,2,31224
4627,0.140538,8,31232
4628,0.10837,6,31238
4629,0.127206,7,31245
4630,0.127643,7,31252
4631,0.294747,16,31268
4632,0.091507,5,31273
4633,0.093444,6,31279
4634,0.127116,7,31286
4635,0.107538,6,31292
4636,0.160859,9,31301
4637,0.020747,1,31302
4638,0.067894,4,31306
4639,0.11269,6,31312
4640,0.140123,8,31320
4641,0.180689,11,31331
4642,0.057148,3,31334
4643,0.019587,1,31335
4644,0.072695,4,31339
4645,0.132119,8,31347
4646,0.186481,11,31358
4647,0.123982,7,31365
4648,0.140653,8,31373
4649,0.122298,7,31380
4650,0.083772,5,31385
4651,0.108407,6,31391
4652,0.187174,11,31402
4653,0.139906,8,31410
4654,0.127575,9,31419
4655,0.086885,5,31424
4656,0.073279,4,31428
4657,0.091678,5,31433
4658,0.093462,6,31439
4659,0.118337,7,31446
4660,0.12879,9,31455
4661,0.017295,1,31456
4662,0.018623,1,31457
4663,0.212622,13,31470
4664,0.144017,8,31478
4665,0.376224,21,31499
4666,0.101852,7,31506
4667,0.10621,7,31513
4668,0.161688,10,31523
4669,0.125932,7,31530
4670,0.06963,5,31535
4671,0.099991,7,31542
4672,0.232694,13,31555
4673,0.058754,3,31558
4674,0.120361,8,31566
4675,0.01858,1,31567
4676,0.054375,3,31570
4677,0.299207,18,31588
4678,0.020339,1,31589
4679,0.035969,2,31591
4680,0.178035,10,31601
4681,0.09914,6,31607
4682,0.082245,5,31612
4683,0.092068,5,31617
4684,0.052284,3,31620
4685,-0.17258,13,31633
4686,0.090588,5,31638
4687,0.150268,8,31646
4688,0.059002,3,31649
4689,0.22755,13,31662
4690,0.236817,15,31677
4691,0.13009,7,31684
4692,0.098946,6,31690
4693,0.157128,9,31699
4694,0.154139,10,31709
4695,0.068137,4,31713
4696,0.453279,26,31739
4697,0.240066,13,31752
4698,0.039264,2,31754
4699,0.28364,18,31772
4700,0.10038,6,31778
4701,0.172635,10,31788
4702,0.085848,5,31793
4703,0.074157,4,31797
4704,0.140338,9,31806
4705,0.106051,6,31812
4706,0.058217,4,31816
4707,0.075666,4,31820
4708,0.090364,5,31825
4709,0.424272,28,31853
4710,0.125213,7,31860
4711,0.040019,2,31862
4712,0.07216,4,31866
4713,0.047233,3,31869
4714,0.134582,8,31877
4715,0.071342,4,31881
4716,0.160616,10,31891
4717,0.039198,2,31893
4718,0.018865,1,31894
4719,0.186761,11,31905
4720,0.200349,12,31917
4721,0.254972,14,31931
4722,0.039519,2,31933
4723,0.020459,1,31934
4724,0.181208,10,31944
4725,0.10209,6,31950
4726,0.151094,8,31958
4727,0.158792,9,31967
4728,0.122766,7,31974
4729,-0.17151,12,31986
4730,0.113743,6,31992
4731,0.090591,5,31997
4732,0.192565,10,32007
4733,0.130391,7,32014
4734,-0.094829,19,32033
4735,0.117755,7,32040
4736,0.140247,8,32048
4737,0.409229,23,32071
4738,0.245032,15,32086
4739,0.076558,4,32090
4740,0.162543,9,32099
4741,0.333989,21,32120
4742,0.021206,1,32121
4743,0.106542,6,32127
4744,0.019893,1,32128
4745,0.124804,7,32135
4746,0.121255,7,32142
4747,0.369677,22,32164
4748,0.19056,11,32175
4749,0.235504,13,32188
4750,0.183638,10,32198
4751,0.149939,9,32207
4752,0.115563,6,32213
4753,0.155989,11,32224
4754,0.020133,1,32225
4755,0.151129,9,32234
4756,0.091749,6,32240
4757,0.054668,3,32243
4758,0.121509,7,32250
4759,0.108297,8,32258
4760,0.254186,15,32273
4761,0.214136,12,32285
4762,0.05682,4,32289
4763,0.160516,9,32298
4764,0.093354,5,32303
4765,0.095096,5,32308
4766,0.14488,8,32316
4767,0.229433,13,32329
4768,0.192219,12,32341
4769,0.147154,8,32349
4770,0.089319,5,32354
4771,0.01948,1,32355
4772,0.218341,13,32368
4773,0.350983,19,32387
4774,0.093708,5,32392
4775,0.169071,10,32402
4776,0.095498,6,32408
4777,0.055356,3,32411
4778,0.132071,8,32419
4779,0.146134,8,32427
4780,0.091263,5,32432
4781,0.119516,7,32439
4782,0.189645,10,32449
4783,0.055769,3,32452
4784,0.338247,19,32471
4785,0.08162,5,32476
4786,0.104047,6,32482
4787,0.072637,5,32487
4788,0.055174,3,32490
4789,0.049388,3,32493
4790,0.080824,5,32498
4791,0.059612,5,32503
4792,0.255071,15,32518
4793,0.080243,5,32523
4794,0.180643,11,32534
4795,0.084639,5,32539
4796,0.08973,5,32544
4797,0.217684,12,32556
4798,0.157083,9,32565
4799,0.158596,9,32574
4800,0.055839,3,32577
4801,0.185609,11,32588
4802,0.019075,1,32589
4803,0.091445,5,32594
4804,0.08549,5,32599
4805,0.241894,13,32612
4806,0.065194,4,32616
4807,0.517207,29,32645
4808,0.072042,4,32649
4809,-0.236507,9,32658
4810,0.140256,8,32666
4811,0.120013,7,32673
4812,0.057703,3,32676
4813,0.12344,7,32683
4814,0.167842,10,32693
4815,0.243468,13,32706
4816,0.109236,7,32713
4817,0.179054,10,32723
4818,0.157997,9,32732
4819,0.046358,3,32735
4820,0.16397,9,32744
4821,0.168696,10,32754
4822,0.054094,3,32757
4823,0.069324,5,32762
4824,0.090202,5,32767
4825,0.07605,4,32771
4826,0.221946,14,32785
4827,-0.239179,9,32794
4828,0.280852,17,32811
4829,0.089013,6,32817
4830,0.237983,15,32832
4831,0.190921,11,32843
4832,-0.216997,10,32853
4833,0.211142,13,32866
4834,0.019307,1,32867
4835,0.1099,6,32873
4836,0.074963,4,32877
4837,0.14675,8,32885
4838,0.13487,9,32894
4839,0.073363,4,32898
4840,0.158964,9,32907
4841,0.148002,8,32915
4842,0.283639,16,32931
4843,0.082625,5,32936
4844,0.189326,10,32946
4845,0.058033,3,32949
4846,0.179696,10,32959
4847,0.076097,4,32963
4848,0.130646,8,32971
4849,0.142087,8,32979
4850,0.073295,4,32983
4851,0.129937,7,32990
4852,0.203856,12,33002
4853,-0.322545,4,33006
4854,0.115087,7,33013
4855,0.243958,14,33027
4856,0.154496,9,33036
4857,0.167161,11,33047
4858,0.308487,17,33064
4859,0.095498,5,33069
4860,0.019889,1,33070
4861,0.072981,4,33074
4862,0.159552,9,33083
4863,0.09059,6,33089
4864,0.122747,8,33097
4865,0.020162,1,33098
4866,0.062215,4,33102
4867,-0.269487,7,33109
4868,0.234301,13,33122
4869,0.070135,4,33126
4870,0.074323,4,33130
4871,0.129864,7,33137
4872,0.165131,10,33147
4873,0.016598,1,33148
4874,0.069497,4,33152
4875,0.168849,11,33163
4876,0.13807,8,33171
4877,0.077276,5,33176
4878,0.171298,9,33185
4879,0.091803,5,33190
4880,0.240656,14,33204
4881,0.018842,1,33205
4882,0.132174,9,33214
4883,0.24997,13,33227
4884,0.199983,14,33241
4885,0.061532,4,33245
4886,0.117462,7,33252
4887,0.091055,5,33257
4888,0.071245,5,33262
4889,0.105583,6,33268
4890,0.016078,1,33269
4891,0.123393,7,33276
4892,0.145351,9,33285
4893,0.053855,3,33288
4894,0.158226,9,33297
4895,0.102523,6,33303
4896,0.124593,7,33310
4897,0.07376,4,33314
4898,0.092152,6,33320
4899,0.159551,9,33329
4900,0.176263,10,33339
4901,0.020079,1,33340
4902,0.070257,4,33344
4903,0.142788,8,33352
4904,0.094542,6,33358
4905,0.128127,7,33365
4906,0.089802,5,33370
4907,0.156524,9,33379
4908,0.141455,8,33387
4909,0.018007,1,33388
4910,0.116686,8,33396
4911,0.07482,4,33400
4912,0.053218,3,33403
4913,0.1355,8,33411
4914,0.218679,12,33423
4915,0.111176,6,33429
4916,0.166444,9,33438
4917,0.145019,8,33446
4918,0.161938,9,33455
4919,0.132449,7,33462
4920,0.274791,15,33477
4921,0.19658,11,33488
4922,0.016597,1,33489
4923,0.092731,5,33494
4924,0.094705,5,33499
4925,0.015177,1,33500
4926,0.095456,5,33505
4927,0.094547,5,33510
4928,0.244792,14,33524
4929,0.057496,3,33527
4930,0.157061,9,33536
4931,0.066194,4,33540
4932,0.302301,16,33556
4933,0.123169,7,33563
4934,0.110238,6,33569
4935,0.157534,9,33578
4936,0.16448,10,33588
4937,0.274229,15,33603
4938,0.01872,1,33604
4939,0.18122,10,33614
4940,0.255451,14,33628
4941,0.074318,4,33632
4942,0.251361,15,33647
4943,-0.216782,10,33657
4944,0.129353,7,33664
4945,0.092982,5,33669
4946,0.194405,11,33680
4947,0.113209,7,33687
4948,0.01965,1,33688
4949,0.097326,5,33693
4950,0.490906,28,33721
4951,0.159822,9,33730
4952,0.433278,26,33756
4953,0.275165,15,33771
4954,0.172614,10,33781
4955,0.133087,10,33791
4956,0.133513,8,33799
4957,0.259025,17,33816
4958,0.053592,3,33819
4959,0.099571,6,33825
4960,0.036645,2,33827
4961,0.104043,6,33833
4962,0.227792,13,33846
4963,0.038825,2,33848
4964,0.130753,8,33856
4965,0.106743,6,33862
4966,0.230807,13,33875
4967,0.167106,9,33884
4968,0.168302,9,33893
4969,-0.142363,14,33907
4970,0.14293,8,33915
4971,0.14341,10,33925
4972,0.14004,8,33933
4973,0.378668,22,33955
4974,0.173553,10,33965
4975,0.194117,11,33976
4976,0.161648,9,33985
4977,0.487485,33,34018
4978,0.130569,7,34025
4979,0.272425,15,34040
4980,0.058248,3,34043
4981,0.289433,17,34060
4982,0.172299,9,34069
4983,0.22892,13,34082
4984,0.141883,8,34090
4985,0.150088,8,34098
4986,0.129808,7,34105
4987,0.094019,5,34110
4988,0.057602,3,34113
4989,0.073484,4,34117
4990,0.207293,12,34129
4991,0.31223,17,34146
4992,0.111108,11,34157
4993,0.10662,6,34163
4994,0.06664,4,34167
4995,0.096318,5,34172
4996,0.049912,3,34175
4997,0.18628,10,34185
4998,0.070567,4,34189
4999,0.207398,12,34201
5000,0.224137,12,34213
5001,0.085169,5,34218
5002,0.090973,5,34223
5003,0.252274,18,34241
5004,0.263023,14,34255
5005,0.090069,5,34260
5006,0.120684,7,34267
5007,0.110936,6,34273
5008,0.073044,4,34277
5009,0.216096,12,34289
5010,0.258888,15,34304
5011,0.098676,6,34310
5012,0.158089,9,34319
5013,0.112713,9,34328
5014,0.071736,4,34332
5015,0.02009,1,34333
5016,0.109424,6,34339
5017,0.144585,8,34347
5018,0.141183,8,34355
5019,0.092379,5,34360
5020,0.141978,8,34368
5021,0.30964,18,34386
5022,0.221526,13,34399
5023,0.0923,5,34404
5024,0.092139,5,34409
5025,0.057947,3,34412
5026,0.149793,10,34422
5027,0.104244,6,34428
5028,0.196502,11,34439
5029,0.095328,5,34444
5030,0.12848,7,34451
5031,0.128004,7,34458
5032,0.108987,6,34464
5033,0.165577,9,34473
5034,0.169472,10,34483
5035,0.017695,1,34484
5036,0.09513,6,34490
5037,0.018381,1,34491
5038,0.092416,5,34496
5039,0.11385,6,34502
5040,0.249073,18,34520
5041,0.090261,5,34525
5042,0.093801,5,34530
5043,0.039126,2,34532
5044,0.185117,10,34542
5045,0.101215,6,34548
5046,0.056649,3,34551
5047,0.020695,1,34552
5048,0.094737,6,34558
5049,0.12415,7,34565
5050,0.108562,6,34571
5051,0.093826,5,34576
5052,0.252833,14,34590
5053,0.145871,8,34598
5054,0.142092,8,34606
5055,0.0913,6,34612
5056,0.09348,6,34618
5057,0.148289,8,34626
5058,0.293123,16,34642
5059,0.199355,11,34653
5060,0.230789,13,34666
5061,0.275092,16,34682
5062,0.26562,15,34697
5063,0.125736,7,34704
5064,0.068981,4,34708
5065,0.220945,12,34720
5066,0.313352,17,34737
5067,0.085834,5,34742
5068,0.107136,6,34748
5069,0.296624,17,34765
5070,0.320233,19,34784
5071,0.124433,7,34791
5072,0.218522,13,34804
5073,0.130578,7,34811
5074,0.132022,7,34818
5075,0.372712,21,34839
5076,0.182817,10,34849
5077,0.178222,10,34859
5078,0.164155,9,34868
5079,0.103815,8,34876
5080,0.113147,6,34882
5081,0.233673,13,34895
5082,0.17832,10,34905
5083,0.117887,7,34912
5084,0.198536,11,34923
5085,0.090244,6,34929
5086,0.294766,17,34946
5087,0.039212,2,34948
5088,0.127972,7,34955
5089,0.169522,10,34965
5090,0.177448,10,34975
5091,0.127553,7,34982
5092,0.08087,5,34987
5093,0.243179,15,35002
5094,0.146952,8,35010
5095,0.313637,18,35028
5096,0.245527,13,35041
5097,0.125708,9,35050
5098,0.051367,3,35053
5099,0.081758,5,35058
5100,0.148814,8,35066
5101,0.058604,3,35069
5102,0.121472,7,35076
5103,0.187759,10,35086
5104,0.130812,8,35094
5105,0.147452,9,35103
5106,0.130821,7,35110
5107,0.088486,5,35115
5108,0.088912,5,35120
5109,0.143796,8,35128
5110,0.14758,8,35136
5111,0.075953,4,35140
5112,0.095737,5,35145
5113,0.130653,7,35152
5114,-0.138294,15,35167
5115,0.159326,9,35176
5116,0.143333,9,35185
5117,0.257721,14,35199
5118,-0.240846,10,35209
5119,0.091034,5,35214
5120,0.168349,9,35223
5121,0.119507,7,35230
5122,0.123747,7,35237
5123,0.116487,7,35244
5124,0.161535,10,35254
5125,0.090567,5,35259
5126,0.116659,6,35265
5127,0.056354,4,35269
5128,0.053479,3,35272
5129,0.109605,6,35278
5130,0.140251,8,35286
5131,0.071377,4,35290
5132,0.104226,6,35296
5133,0.118618,7,35303
5134,0.139855,8,35311
5135,0.029929,2,35313
5136,0.089028,5,35318
5137,0.090813,5,35323
5138,0.177103,10,35333
5139,0.108549,6,35339
5140,0.090204,5,35344
5141,0.265559,16,35360
5142,0.16002,9,35369
5143,0.090132,5,35374
5144,0.308459,17,35391
5145,0.174852,10,35401
5146,0.124754,7,35408
5147,0.090719,5,35413
5148,0.133558,7,35420
5149,0.155544,9,35429
5150,0.293366,17,35446
5151,0.143605,8,35454
5152,0.082293,5,35459
5153,0.114423,6,35465
5154,0.214292,12,35477
5155,0.036625,2,35479
5156,0.095939,6,35485
5157,0.250473,16,35501
5158,0.184773,11,35512
5159,0.039701,2,35514
5160,0.204953,12,35526
5161,0.246043,14,35540
5162,0.057256,3,35543
5163,0.164925,9,35552
5164,0.2478,15,35567
5165,0.076338,4,35571
5166,0.159889,9,35580
5167,0.127179,7,35587
5168,0.056649,3,35590
5169,0.126376,7,35597
5170,0.19302,11,35608
5171,0.159141,9,35617
5172,0.161194,9,35626
5173,0.15803,9,35635
5174,0.095845,5,35640
5175,0.094286,5,35645
5176,0.12949,7,35652
5177,0.174731,10,35662
5178,0.144988,8,35670
5179,0.057415,3,35673
5180,0.088633,5,35678
5181,0.231957,14,35692
5182,0.01721,1,35693
5183,0.287491,16,35709
5184,0.224624,12,35721
5185,0.084235,5,35726
5186,0.130616,7,35733
5187,0.180457,10,35743
5188,0.125592,7,35750
5189,0.019224,1,35751
5190,0.142122,8,35759
5191,0.157258,9,35768
5192,0.145452,8,35776
5193,0.182283,10,35786
5194,0.235192,13,35799
5195,0.141638,10,35809
5196,0.130817,8,35817
5197,0.09198,5,35822
5198,0.16384,9,35831
5199,0.142443,8,35839
5200,0.222972,12,35851
5201,0.128596,7,35858
5202,0.179003,10,35868
5203,0.073652,4,35872
5204,0.05572,3,35875
5205,0.179813,10,35885
5206,0.229575,13,35898
5207,0.060377,4,35902
5208,0.088238,5,35907
5209,0.091289,5,35912
5210,0.20517,12,35924
5211,0.16658,10,35934
5212,0.260236,17,35951
5213,0.186066,11,35962
5214,0.15299,8,35970
5215,0.110937,6,35976
5216,0.185697,11,35987
5217,0.22065,12,35999
5218,0.054755,3,36002
5219,0.256299,15,36017
5220,0.125412,7,36024
5221,0.203313,11,36035
5222,0.211801,12,36047
5223,0.076874,4,36051
5224,0.077097,4,36055
5225,0.056769,3,36058
5226,0.164065,10,36068
5227,0.235913,14,36082
5228,0.073806,4,36086
5229,0.076345,4,36090
5230,0.263761,15,36105
5231,0.091683,5,36110
5232,0.125398,7,36117
5233,0.017307,1,36118
5234,0.143207,9,36127
5235,0.087532,5,36132
5236,0.164209,10,36142
5237,0.315028,17,36159
5238,0.161945,9,36168
5239,0.071108,4,36172
5240,0.057238,3,36175
5241,0.088637,6,36181
5242,0.07586,4,36185
5243,0.107589,6,36191
5244,0.110332,6,36197
5245,0.123558,7,36204
5246,0.243868,20,36224
5247,0.08985,5,36229
5248,0.119885,7,36236
5249,0.144774,8,36244
5250,0.296684,16,36260
5251,0.067209,4,36264
5252,0.106785,6,36270
5253,0.117708,8,36278
5254,0.106638,6,36284
5255,0.0713,4,36288
5256,0.148628,8,36296
5257,0.018496,1,36297
5258,0.069692,4,36301
5259,0.300487,16,36317
5260,0.236009,13,36330
5261,0.150542,8,36338
5262,0.015055,1,36339
5263,0.127173,8,36347
5264,0.148849,10,36357
5265,0.238621,14,36371
5266,0.224446,13,36384
5267,0.17746,10,36394
5268,0.018885,1,36395
5269,0.182434,10,36405
5270,-0.23822,9,36414
5271,0.065396,4,36418
5272,0.120753,7,36425
5273,0.154689,9,36434
5274,0.05765,3,36437
5275,0.093493,5,36442
5276,0.108716,6,36448
5277,0.274253,15,36463
5278,0.252211,15,36478
5279,0.136241,8,36486
5280,0.093527,5,36491
5281,0.086281,5,36496
5282,0.216086,12,36508
5283,0.07206,4,36512
5284,0.108618,6,36518
5285,0.056944,3,36521
5286,0.186857,10,36531
5287,0.143119,9,36540
5288,0.206102,12,36552
5289,0.035876,2,36554
5290,0.116077,7,36561
5291,0.108302,6,36567
5292,0.0725,4,36571
5293,0.181023,10,36581
5294,0.06671,4,36585
5295,0.131716,7,36592
5296,0.144541,8,36600
5297,0.158547,9,36609
5298,0.108632,6,36615
5299,0.170711,10,36625
5300,0.097415,6,36631
5301,0.28264,16,36647
5302,0.122556,7,36654
5303,0.181704,10,36664
5304,0.1012,6,36670
5305,0.091683,5,36675
5306,0.122471,7,36682
5307,0.120736,7,36689
5308,0.056413,3,36692
5309,0.160784,9,36701
5310,0.070193,4,36705
5311,0.336759,19,36724
5312,0.171649,10,36734
5313,0.091887,5,36739
5314,0.076414,4,36743
5315,0.113437,6,36749
5316,0.203284,12,36761
5317,0.171223,10,36771
5318,0.147054,8,36779
5319,0.264285,16,36795
5320,0.255171,14,36809
5321,0.076706,4,36813
5322,0.130981,7,36820
5323,0.192332,11,36831
5324,0.318614,17,36848
5325,0.348664,19,36867
5326,0.085956,5,36872
5327,0.105492,6,36878
5328,0.144759,9,36887
5329,0.205987,11,36898
5330,0.182209,10,36908
5331,0.111226,6,36914
5332,0.223367,13,36927
5333,0.076916,4,36931
5334,0.136569,8,36939
5335,0.264582,15,36954
5336,0.241618,14,36968
5337,0.150754,9,36977
5338,0.140663,8,36985
5339,0.07533,4,36989
5340,0.142539,8,36997
5341,0.114148,7,37004
5342,0.179017,10,37014
5343,0.188246,11,37025
5344,0.143208,8,37033
5345,0.059177,4,37037
5346,0.088055,5,37042
5347,0.228295,13,37055
5348,0.273222,16,37071
5349,0.020619,1,37072
5350,0.239021,13,37085
5351,0.313794,17,37102
5352,0.230392,13,37115
5353,0.110039,6,37121
5354,0.184678,10,37131
5355,0.172623,10,37141
5356,0.136891,8,37149
5357,0.541425,30,37179
5358,0.049889,3,37182
5359,0.111189,6,37188
5360,0.089436,5,37193
5361,0.059437,3,37196
5362,0.111293,6,37202
5363,0.644576,39,37241
5364,0.087977,5,37246
5365,0.243975,14,37260
5366,0.107927,6,37266
5367,0.248251,15,37281
5368,0.27429,15,37296
5369,0.229499,14,37310
5370,0.066095,4,37314
5371,0.175686,10,37324
5372,0.11383,8,37332
5373,0.105098,6,37338
5374,0.26097,14,37352
5375,0.055362,3,37355
5376,0.216322,13,37368
5377,0.358042,20,37388
5378,0.076224,4,37392
5379,0.03299,2,37394
5380,0.189846,11,37405
5381,0.16351,9,37414
5382,0.224421,14,37428
5383,-0.199768,11,37439
5384,0.055381,3,37442
5385,0.107369,6,37448
5386,0.269793,17,37465
5387,0.089853,5,37470
5388,0.155193,9,37479
5389,0.056309,3,37482
5390,0.076284,4,37486
5391,0.174464,10,37496
5392,0.220592,13,37509
5393,0.138589,9,37518
5394,0.021836,1,37519
5395,0.131554,7,37526
5396,0.091169,5,37531
5397,0.083181,5,37536
5398,0.074481,4,37540
5399,0.328934,19,37559
5400,0.13208,7,37566
5401,0.197434,11,37577
5402,0.083056,5,37582
5403,0.090081,5,37587
5404,0.213355,13,37600
5405,0.093675,5,37605
5406,0.055184,3,37608
5407,0.114879,6,37614
5408,0.131298,8,37622
5409,0.13261,7,37629
5410,0.143921,8,37637
5411,0.192941,10,37647
5412,0.11041,7,37654
5413,0.172496,9,37663
5414,0.238615,13,37676
5415,0.197947,14,37690
5416,0.093967,5,37695
5417,0.176048,10,37705
5418,0.128725,7,37712
5419,0.074307,4,37716
5420,0.155109,9,37725
5421,0.052699,3,37728
5422,0.191955,11,37739
5423,0.076093,4,37743
5424,0.078994,5,37748
5425,0.035555,2,37750
5426,0.071045,4,37754
5427,0.019914,1,37755
5428,0.120844,7,37762
5429,0.130006,7,37769
5430,0.059817,3,37772
5431,0.080239,5,37777
5432,0.09438,5,37782
5433,0.090021,5,37787
5434,0.144019,8,37795
5435,0.278282,16,37811
5436,0.021677,1,37812
5437,0.266463,15,37827
5438,0.141381,8,37835
5439,0.32935,19,37854
5440,0.113151,6,37860
5441,0.110282,6,37866
5442,-0.209924,10,37876
5443,0.107364,6,37882
5444,0.11247,6,37888
5445,0.037714,2,37890
5446,0.049678,3,37893
5447,0.127628,7,37900
5448,0.149434,8,37908
5449,0.111344,6,37914
5450,0.076467,4,37918
5451,0.038368,2,37920
5452,0.142998,8,37928
5453,0.077404,4,37932
5454,0.129383,7,37939
5455,0.14381,8,37947
5456,0.235715,13,37960
5457,0.146977,8,37968
5458,0.056665,3,37971
5459,0.108838,6,37977
5460,0.114527,6,37983
5461,0.283663,16,37999
5462,0.021355,1,38000
5463,0.123498,7,38007
5464,0.092635,5,38012
5465,0.092146,5,38017
5466,0.160643,9,38026
5467,0.21958,12,38038
5468,0.184777,11,38049
5469,0.067362,4,38053
5470,0.113914,6,38059
5471,0.07691,4,38063
5472,0.076792,4,38067
5473,0.136381,8,38075
5474,0.112194,6,38081
5475,0.185329,11,38092
5476,0.225786,12,38104
5477,0.385445,23,38127
5478,0.09674,6,38133
5479,0.092933,5,38138
5480,0.073549,5,38143
5481,0.065763,4,38147
5482,0.065743,4,38151
5483,0.126877,7,38158
5484,0.123911,7,38165
5485,0.016782,1,38166
5486,0.20589,12,38178
5487,0.023521,2,38180
5488,0.062161,4,38184
5489,0.071634,5,38189
5490,0.101379,6,38195
5491,0.019982,1,38196
5492,0.203574,12,38208
5493,0.131973,8,38216
5494,0.116728,8,38224
5495,0.088325,5,38229
5496,0.11077,6,38235
5497,0.136547,8,38243
5498,0.13003,7,38250
5499,0.127063,7,38257
5500,0.092179,5,38262
5501,0.114549,7,38269
5502,0.103723,6,38275
5503,0.10023,7,38282
5504,0.400261,22,38304
5505,0.104678,6,38310
5506,0.196335,11,38321
5507,0.127379,7,38328
5508,0.114991,7,38335
5509,0.088924,5,38340
5510,0.161329,9,38349
5511,0.073235,4,38353
5512,0.283414,15,38368
5513,0.128906,7,38375
5514,0.306538,18,38393
5515,0.195033,11,38404
5516,0.344571,19,38423
5517,0.100288,6,38429
5518,0.126554,7,38436
5519,0.142828,9,38445
5520,0.201599,11,38456
5521,0.125249,7,38463
5522,0.22038,13,38476
5523,0.047899,3,38479
5524,0.089195,5,38484
5525,0.019235,1,38485
5526,0.110799,6,38491
5527,0.058515,3,38494
5528,0.090196,5,38499
5529,0.074547,4,38503
5530,0.070937,4,38507
5531,0.091379,5,38512
5532,0.120125,7,38519
5533,0.149694,8,38527
5534,0.088842,5,38532
5535,0.144097,8,38540
5536,0.12868,7,38547
5537,0.181617,11,38558
5538,0.149494,8,38566
5539,0.18748,11,38577
5540,0.069788,4,38581
5541,0.233717,14,38595
5542,0.074667,4,38599
5543,0.09006,5,38604
5544,0.104741,7,38611
5545,0.277426,15,38626
5546,0.109933,6,38632
5547,0.187218,10,38642
5548,0.078581,5,38647
5549,0.271229,16,38663
5550,0.186592,11,38674
5551,0.125418,7,38681
5552,0.180041,10,38691
5553,0.188484,10,38701
5554,0.258821,16,38717
5555,0.126061,7,38724
5556,0.070847,4,38728
5557,0.160643,9,38737
5558,0.056926,4,38741
5559,-0.157796,13,38754
5560,0.159353,9,38763
5561,0.123248,7,38770
5562,0.164588,11,38781
5563,0.104032,8,38789
5564,0.094189,6,38795
5565,0.158033,9,38804
5566,-0.273478,7,38811
5567,0.165964,9,38820
5568,0.101981,6,38826
5569,0.057918,3,38829
5570,0.091391,5,38834
5571,0.275933,16,38850
5572,0.282326,16,38866
5573,0.124432,7,38873
5574,0.320161,17,38890
5575,0.186735,10,38900
5576,0.111359,6,38906
5577,0.103871,6,38912
5578,0.130005,7,38919
5579,0.084938,5,38924
5580,0.072352,4,38928
5581,0.12409,7,38935
5582,0.112261,7,38942
5583,0.123817,7,38949
5584,0.228351,13,38962
5585,0.124637,7,38969
5586,0.104896,6,38975
5587,0.092044,5,38980
5588,0.214422,12,38992
5589,0.196291,11,39003
5590,0.115814,6,39009
5591,0.139792,8,39017
5592,0.17331,10,39027
5593,0.108289,6,39033
5594,0.085252,5,39038
5595,0.116454,7,39045
5596,0.098404,6,39051
5597,0.108145,6,39057
5598,0.158453,9,39066
5599,0.341351,20,39086
5600,0.34924,21,39107
5601,0.12578,9,39116
5602,0.105639,6,39122
5603,-0.196126,13,39135
5604,0.090387,5,39140
5605,0.069206,4,39144
5606,0.123253,7,39151
5607,0.074344,4,39155
5608,0.160895,9,39164
5609,0.019697,1,39165
5610,0.115161,6,39171
5611,0.03668,2,39173
5612,0.248964,14,39187
5613,0.395558,22,39209
5614,0.213699,12,39221
5615,0.099117,6,39227
5616,0.178675,10,39237
5617,0.197238,12,39249
5618,0.020083,1,39250
5619,0.181888,10,39260
5620,0.118806,7,39267
5621,0.094023,5,39272
5622,0.258388,15,39287
5623,0.147777,9,39296
5624,0.116355,6,39302
5625,0.198001,11,39313
5626,0.146404,8,39321
5627,0.194944,11,39332
5628,0.178191,11,39343
5629,-0.126179,16,39359
5630,0.067628,4,39363
5631,0.153466,9,39372
5632,0.01818,1,39373
5633,0.092324,5,39378
5634,0.093457,5,39383
5635,0.212764,12,39395
5636,0.145313,8,39403
5637,0.088631,6,39409
5638,0.110935,6,39415
5639,0.091826,5,39420
5640,0.151977,8,39428
5641,0.178508,10,39438
5642,0.072615,4,39442
5643,0.163568,9,39451
5644,0.016918,1,39452
5645,0.164362,9,39461
5646,0.148276,8,39469
5647,0.244582,15,39484
5648,0.124402,7,39491
5649,0.107001,6,39497
5650,0.131548,7,39504
5651,0.125429,7,39511
5652,0.138313,8,39519
5653,0.147667,8,39527
5654,0.129653,7,39534
5655,0.019859,1,39535
5656,0.156279,9,39544
5657,0.180982,10,39554
5658,0.238336,13,39567
5659,0.113525,6,39573
5660,0.316876,18,39591
5661,0.140309,8,39599
5662,0.200601,11,39610
5663,0.01635,1,39611
5664,0.125115,7,39618
5665,0.15697,9,39627
5666,0.129599,7,39634
5667,0.181412,10,39644
5668,0.213295,12,39656
5669,0.108378,6,39662
5670,0.021056,1,39663
5671,0.126113,8,39671
5672,0.256959,14,39685
5673,0.187912,11,39696
5674,0.236839,13,39709
5675,0.165753,9,39718
5676,0.165796,12,39730
5677,0.165164,10,39740
5678,0.123915,7,39747
5679,0.131762,7,39754
5680,0.094571,5,39759
5681,0.134409,8,39767
5682,0.276102,15,39782
5683,0.091761,5,39787
5684,0.103555,6,39793
5685,0.257831,15,39808
5686,0.158395,9,39817
5687,0.079831,5,39822
5688,0.085409,6,39828
5689,0.080887,5,39833
5690,0.413394,24,39857
5691,0.169557,9,39866
5692,0.158283,9,39875
5693,0.148104,8,39883
5694,0.016762,1,39884
5695,0.141394,8,39892
5696,0.242428,14,39906
5697,0.247234,14,39920
5698,-0.212815,11,39931
5699,0.108942,6,39937
5700,0.133225,8,39945
5701,0.092455,5,39950
5702,0.116436,8,39958
5703,0.11815,8,39966
5704,0.084052,5,39971
5705,0.111233,7,39978
5706,0.09224,5,39983
5707,0.058489,3,39986
5708,0.138398,8,39994
5709,0.113623,6,40000
5710,0.219049,13,40013
5711,0.08378,5,40018
5712,0.172106,13,40031
5713,0.101641,6,40037
5714,0.133797,8,40045
5715,0.2407,13,40058
5716,0.134228,9,40067
5717,0.152023,10,40077
5718,0.267558,16,40093
5719,0.053843,3,40096
5720,0.146677,8,40104
5721,0.269097,15,40119
5722,0.204432,12,40131
5723,0.234323,13,40144
5724,0.124822,7,40151
5725,0.252772,14,40165
5726,0.051475,3,40168
5727,0.172017,10,40178
5728,0.157534,9,40187
5729,0.134598,7,40194
5730,0.180619,10,40204
5731,0.08301,5,40209
5732,0.145111,8,40217
5733,0.114988,8,40225
5734,0.345683,19,40244
5735,0.155364,9,40253
5736,0.09008,5,40258
5737,0.137182,8,40266
5738,0.043704,3,40269
5739,0.01554,1,40270
5740,0.158453,9,40279
5741,0.184111,11,40290
5742,0.333721,23,40313
5743,0.099784,6,40319
5744,0.105942,6,40325
5745,0.180601,11,40336
5746,0.018386,1,40337
5747,0.119939,7,40344
5748,0.074154,4,40348
5749,0.197115,11,40359
5750,0.235383,14,40373
5751,0.090152,5,40378
5752,0.106223,6,40384
5753,0.010701,1,40385
5754,0.166217,9,40394
5755,0.142412,9,40403
5756,0.019272,1,40404
5757,0.186326,10,40414
5758,0.01952,1,40415
5759,0.329099,20,40435
5760,0.238397,14,40449
5761,0.141316,8,40457
5762,0.154338,9,40466
5763,0.196973,11,40477
5764,0.095775,5,40482
5765,0.208645,12,40494
5766,0.138687,8,40502
5767,0.142748,8,40510
5768,0.203773,12,40522
5769,0.327476,19,40541
5770,0.117422,7,40548
5771,0.440789,24,40572
5772,0.148129,8,40580
5773,0.164862,9,40589
5774,0.124045,7,40596
5775,0.08461,5,40601
5776,0.29977,17,40618
5777,0.180056,10,40628
5778,0.073004,4,40632
5779,0.12598,7,40639
5780,0.460612,26,40665
5781,0.133756,8,40673
5782,0.180749,10,40683
5783,0.063985,4,40687
5784,0.122914,7,40694
5785,0.093402,5,40699
5786,0.227952,13,40712
5787,0.103424,6,40718
5788,0.085339,5,40723
5789,0.10909,6,40729
5790,0.074159,5,40734
5791,0.106908,6,40740
5792,0.208694,13,40753
5793,0.123679,7,40760
5794,0.054964,3,40763
5795,0.208797,14,40777
5796,0.167271,9,40786
5797,0.248368,21,40807
5798,0.141787,8,40815
5799,0.159925,9,40824
5800,0.126942,7,40831
5801,0.093135,5,40836
5802,0.152033,9,40845
5803,0.110713,6,40851
5804,0.29671,17,40868
5805,0.371395,24,40892
5806,0.17118,11,40903
5807,0.343276,21,40924
5808,0.21728,12,40936
5809,0.084794,5,40941
5810,0.161484,9,40950
5811,0.199227,12,40962
5812,0.094632,5,40967
5813,0.092519,5,40972
5814,0.195426,11,40983
5815,0.238302,13,40996
5816,0.130189,7,41003
5817,0.0771,4,41007
5818,0.127866,7,41014
5819,0.019161,1,41015
5820,0.307809,18,41033
5821,0.314257,18,41051
5822,0.054506,3,41054
5823,0.125984,7,41061
5824,0.264088,15,41076
5825,0.107993,6,41082
5826,0.126022,8,41090
5827,0.203556,12,41102
5828,0.095484,5,41107
5829,0.156602,9,41116
5830,0.105358,6,41122
5831,0.219109,12,41134
5832,0.513527,30,41164
5833,0.10442,6,41170
5834,0.13699,8,41178
5835,0.092849,5,41183
5836,0.164985,9,41192
5837,0.01811,1,41193
5838,0.091674,6,41199
5839,0.067699,4,41203
5840,0.132189,7,41210
5841,0.103442,6,41216
5842,0.181357,10,41226
5843,0.183821,10,41236
5844,0.4676,26,41262
5845,0.016357,1,41263
5846,0.282197,15,41278
5847,0.16383,10,41288
5848,0.162833,9,41297
5849,0.275495,18,41315
5850,0.192979,11,41326
5851,0.146231,8,41334
5852,0.177414,11,41345
5853,0.155833,9,41354
5854,0.217251,12,41366
5855,0.075845,5,41371
5856,0.162453,9,41380
5857,0.067782,4,41384
5858,0.055483,3,41387
5859,0.122168,7,41394
5860,0.246059,14,41408
5861,-0.148188,14,41422
5862,0.252789,14,41436
5863,-0.174047,13,41449
5864,0.235951,13,41462
5865,0.021119,1,41463
5866,0.272423,15,41478
5867,0.122007,7,41485
5868,0.165655,10,41495
5869,0.123293,7,41502
5870,0.095228,6,41508
5871,0.096108,6,41514
5872,0.063571,4,41518
5873,0.190339,11,41529
5874,0.116059,8,41537
5875,0.120626,7,41544
5876,0.138814,8,41552
5877,0.103009,6,41558
5878,0.156698,9,41567
5879,0.191673,11,41578
5880,0.184494,11,41589
5881,0.075425,4,41593
5882,0.188157,10,41603
5883,0.24584,13,41616
5884,0.188247,11,41627
5885,0.076314,4,41631
5886,0.43213,25,41656
5887,0.076129,4,41660
5888,0.017772,1,41661
5889,0.092156,5,41666
5890,0.128824,7,41673
5891,0.130296,7,41680
5892,0.156461,9,41689
5893,0.193514,12,41701
5894,0.073392,4,41705
5895,0.143188,9,41714
5896,0.178489,10,41724
5897,0.137916,9,41733
5898,0.077364,4,41737
5899,0.141378,9,41746
5900,0.157659,9,41755
5901,0.239754,15,41770
5902,0.202028,12,41782
5903,0.27613,22,41804
5904,0.163654,9,41813
5905,0.220477,12,41825
5906,0.054814,3,41828
5907,0.312102,18,41846
5908,0.269388,19,41865
5909,0.445948,26,41891
5910,0.146474,8,41899
5911,0.130318,8,41907
5912,0.121163,8,41915
5913,0.160263,9,41924
5914,0.235717,15,41939
5915,0.132756,8,41947
5916,0.075417,4,41951
5917,0.150771,8,41959
5918,0.03931,2,41961
5919,0.240558,13,41974
5920,0.256054,15,41989
5921,0.146865,8,41997
5922,0.209781,12,42009
5923,0.109715,6,42015
5924,0.156928,9,42024
5925,0.112672,7,42031
5926,0.111291,7,42038
5927,0.142655,8,42046
5928,0.187408,11,42057
5929,0.089134,5,42062
5930,0.127904,7,42069
5931,0.121999,7,42076
5932,0.113802,7,42083
5933,0.241882,15,42098
5934,0.345218,20,42118
5935,0.247968,14,42132
5936,0.116127,7,42139
5937,0.137963,8,42147
5938,0.133949,9,42156
5939,0.052707,3,42159
5940,0.175654,10,42169
5941,0.141488,9,42178
5942,0.145758,8,42186
5943,-0.291662,6,42192
5944,0.28253,16,42208
5945,0.213397,13,42221
5946,0.127473,7,42228
5947,0.143349,8,42236
5948,0.020324,1,42237
5949,0.015449,1,42238
5950,0.224898,13,42251
5951,0.256872,14,42265
5952,0.097373,6,42271
5953,0.09193,5,42276
5954,0.202445,11,42287
5955,0.018497,1,42288
5956,0.22405,14,42302
5957,0.159387,9,42311
5958,0.153752,8,42319
5959,0.090402,5,42324
5960,0.038548,2,42326
5961,0.108067,6,42332
5962,0.262173,14,42346
5963,0.291854,16,42362
5964,0.05389,3,42365
5965,0.195163,12,42377
5966,0.130879,7,42384
5967,0.169614,12,42396
5968,0.108408,6,42402
5969,0.130239,7,42409
5970,0.127913,7,42416
5971,0.212979,12,42428
5972,0.091769,5,42433
5973,0.20199,12,42445
5974,0.15505,10,42455
5975,0.14841,8,42463
5976,0.082531,5,42468
5977,0.325672,18,42486
5978,0.091604,5,42491
5979,0.090958,5,42496
5980,0.095196,6,42502
5981,0.145429,8,42510
5982,0.078527,5,42515
5983,0.108892,6,42521
5984,0.35528,21,42542
5985,0.249242,13,42555
5986,0.090095,5,42560
5987,0.118561,7,42567
5988,0.190424,10,42577
5989,0.143478,8,42585
5990,0.128973,7,42592
5991,0.161459,9,42601
5992,0.251186,14,42615
5993,0.130438,7,42622
5994,0.3116,19,42641
5995,0.123382,8,42649
5996,0.096997,5,42654
5997,-0.316778,5,42659
5998,0.088871,5,42664
5999,0.110753,6,42670
6000,0.265552,15,42685
6001,0.113903,6,42691
6002,0.103377,7,42698
6003,0.125819,7,42705
6004,0.175739,10,42715
6005,0.25473,16,42731
6006,0.093012,5,42736
6007,0.112908,6,42742
6008,0.138326,8,42750
6009,0.088073,5,42755
6010,0.141402,8,42763
6011,0.300232,18,42781
6012,0.096843,5,42786
6013,0.102258,6,42792
6014,0.103442,6,42798
6015,0.211048,12,42810
6016,0.180437,10,42820
6017,0.120288,7,42827
6018,0.110453,6,42833
6019,0.146833,8,42841
6020,0.184492,12,42853
6021,0.141955,8,42861
6022,0.163047,9,42870
6023,0.019523,1,42871
6024,0.363213,20,42891
6025,0.085373,5,42896
6026,0.125451,7,42903
6027,0.141169,8,42911
6028,0.202751,12,42923
6029,0.111481,6,42929
6030,0.091361,5,42934
6031,0.212581,12,42946
6032,0.071162,4,42950
6033,0.093601,5,42955
6034,0.101933,6,42961
6035,0.123098,7,42968
6036,0.218707,12,42980
6037,0.104385,6,42986
6038,0.016802,1,42987
6039,0.017802,1,42988
6040,0.115861,8,42996
6041,0.038178,2,42998
6042,0.164612,9,43007
6043,0.107801,6,43013
6044,0.217288,12,43025
6045,0.12342,7,43032
6046,0.017349,1,43033
6047,0.069567,4,43037
6048,0.266879,17,43054
6049,0.058231,3,43057
6050,0.130754,7,43064
6051,0.074689,4,43068
6052,0.020201,1,43069
6053,0.115323,7,43076
6054,0.135849,8,43084
6055,0.100077,6,43090
6056,0.152289,8,43098
6057,0.053508,3,43101
6058,0.095702,5,43106
6059,0.149369,9,43115
6060,0.145203,8,43123
6061,0.019063,1,43124
6062,0.094115,5,43129
6063,0.238477,14,43143
6064,0.171762,11,43154
6065,0.108639,6,43160
6066,0.109943,7,43167
6067,0.225358,13,43180
6068,0.072724,6,43186
6069,0.181262,11,43197
6070,0.140269,8,43205
6071,0.10746,6,43211
6072,-0.177004,12,43223
6073,0.053481,3,43226
6074,0.039422,2,43228
6075,0.22996,14,43242
6076,0.128898,7,43249
6077,0.018394,1,43250
6078,0.126989,7,43257
6079,0.102373,6,43263
6080,0.108477,6,43269
6081,0.159326,9,43278
6082,0.142536,10,43288
6083,0.101598,6,43294
6084,0.097242,5,43299
6085,0.076995,4,43303
6086,0.056172,3,43306
6087,0.123489,7,43313
6088,0.271646,15,43328
6089,0.26029,14,43342
6090,0.201651,11,43353
6091,0.03925,2,43355
6092,0.198582,12,43367
6093,0.092042,5,43372
6094,0.180976,11,43383
6095,0.249191,15,43398
6096,0.222392,13,43411
6097,0.118462,7,43418
6098,0.130739,8,43426
6099,0.092489,5,43431
6100,0.159465,9,43440
6101,0.20717,13,43453
6102,0.29183,16,43469
6103,0.216092,12,43481
6104,0.108854,6,43487
6105,0.127107,8,43495
6106,0.393701,23,43518
6107,0.214179,12,43530
6108,0.249271,15,43545
6109,0.110047,6,43551
6110,0.153798,8,43559
6111,0.259631,14,43573
6112,0.235958,13,43586
6113,0.144178,8,43594
6114,0.154711,9,43603
6115,0.059224,3,43606
6116,0.133494,8,43614
6117,0.162791,9,43623
6118,0.269207,15,43638
6119,0.122777,7,43645
6120,0.108136,6,43651
6121,-0.158627,14,43665
6122,0.227081,12,43677
6123,0.194961,13,43690
6124,0.137827,8,43698
6125,0.167687,9,43707
6126,0.202838,12,43719
6127,0.125002,7,43726
6128,0.187232,11,43737
6129,0.312055,21,43758
6130,0.12955,7,43765
6131,0.144654,8,43773
6132,0.139871,8,43781
6133,0.158071,9,43790
6134,0.307681,17,43807
6135,0.150834,8,43815
6136,0.114046,6,43821
6137,0.107344,6,43827
6138,0.157372,9,43836
6139,0.071887,4,43840
6140,0.093306,5,43845
6141,0.188827,14,43859
6142,0.319543,18,43877
6143,0.068607,4,43881
6144,0.247844,16,43897
6145,0.152324,8,43905
6146,0.088881,7,43912
6147,0.139397,8,43920
6148,0.108002,6,43926
6149,0.519751,30,43956
6150,0.138632,8,43964
6151,0.09427,5,43969
6152,0.109587,6,43975
6153,0.47417,29,44004
6154,0.01716,1,44005
6155,0.334571,18,44023
6156,0.104888,6,44029
6157,0.093341,5,44034
6158,0.285503,16,44050
6159,0.161509,9,44059
6160,0.18722,10,44069
6161,0.33003,19,44088
6162,0.139553,8,44096
6163,0.249055,14,44110
6164,0.162655,9,44119
6165,0.06705,4,44123
6166,0.121049,7,44130
6167,0.103442,6,44136
6168,0.10999,6,44142
6169,0.122437,7,44149
6170,0.020623,1,44150
6171,0.153275,11,44161
6172,0.306817,17,44178
6173,0.159857,10,44188
6174,0.17345,10,44198
6175,0.095638,5,44203
6176,0.143698,8,44211
6177,0.129388,7,44218
6178,0.150065,8,44226
6179,0.122617,7,44233
6180,0.154025,12,44245
6181,0.100956,6,44251
6182,0.034394,2,44253
6183,0.380416,22,44275
6184,0.094003,5,44280
6185,0.113941,6,44286
6186,0.11053,6,44292
6187,0.116108,7,44299
6188,0.019936,1,44300
6189,0.127267,7,44307
6190,0.123531,7,44314
6191,0.152035,8,44322
6192,0.163172,9,44331
6193,0.169473,9,44340
6194,0.075643,4,44344
6195,0.128771,7,44351
6196,0.14983,9,44360
6197,0.12906,8,44368
6198,0.137337,8,44376
6199,0.144309,8,44384
6200,0.141972,8,44392
6201,0.019168,1,44393
6202,0.177026,10,44403
6203,0.22491,13,44416
6204,0.094824,5,44421
6205,0.129298,9,44430
6206,0.169418,10,44440
6207,0.197636,11,44451
6208,0.226511,13,44464
6209,0.166473,9,44473
6210,0.290002,16,44489
6211,0.089927,5,44494
6212,0.162294,10,44504
6213,0.109437,6,44510
6214,0.20853,12,44522
6215,0.054982,3,44525
6216,0.156323,10,44535
6217,0.183458,11,44546
6218,0.110284,6,44552
6219,0.177933,10,44562
6220,0.08848,5,44567
6221,0.094557,5,44572
6222,0.113794,7,44579
6223,0.162671,9,44588
6224,0.038222,2,44590
6225,0.119673,7,44597
6226,0.237691,13,44610
6227,0.112286,7,44617
6228,0.251914,14,44631
6229,0.107748,6,44637
6230,0.09373,6,44643
6231,0.148289,9,44652
6232,0.181528,10,44662
6233,0.364737,21,44683
6234,0.106497,6,44689
6235,0.08812,6,44695
6236,0.039526,2,44697
6237,0.121435,7,44704
6238,0.23053,13,44717
6239,0.134979,8,44725
6240,0.059199,3,44728
6241,0.270232,15,44743
6242,0.075321,4,44747
6243,0.08458,5,44752
6244,0.101538,6,44758
6245,0.149505,8,44766
6246,0.244611,13,44779
6247,0.154516,10,44789
6248,0.222191,13,44802
6249,0.031196,2,44804
6250,0.125131,8,44812
6251,0.123437,7,44819
6252,0.373405,23,44842
6253,0.138688,8,44850
6254,0.047034,3,44853
6255,0.093513,5,44858
6256,0.3887,24,44882
6257,0.090795,6,44888
6258,0.172819,10,44898
6259,0.088872,5,44903
6260,0.388722,21,44924
6261,0.073655,4,44928
6262,0.178249,10,44938
6263,0.135676,8,44946
6264,0.020057,1,44947
6265,0.157329,9,44956
6266,0.180081,10,44966
6267,0.164233,9,44975
6268,0.159555,9,44984
6269,0.076002,4,44988
6270,0.157072,9,44997
6271,0.303517,18,45015
6272,0.167026,9,45024
6273,0.081845,5,45029
6274,0.092001,5,45034
6275,0.244956,13,45047
6276,0.14031,8,45055
6277,0.092229,5,45060
6278,0.093948,5,45065
6279,0.090768,5,45070
6280,0.147539,10,45080
6281,0.018664,1,45081
6282,0.061768,4,45085
6283,0.166774,9,45094
6284,0.196947,36,45130
6285,0.104236,6,45136
6286,0.07165,4,45140
6287,0.24208,13,45153
6288,0.031019,2,45155
6289,0.077213,4,45159
6290,0.150486,9,45168
6291,0.159854,9,45177
6292,0.032547,2,45179
6293,0.11383,7,45186
6294,0.017019,1,45187
6295,0.08736,5,45192
6296,0.129406,7,45199
6297,0.129472,7,45206
6298,0.08824,5,45211
6299,0.125546,8,45219
6300,0.362875,22,45241
6301,0.163334,9,45250
6302,0.401803,26,45276
6303,0.16275,10,45286
6304,0.200187,11,45297
6305,0.077615,4,45301
6306,0.174367,10,45311
6307,0.197941,11,45322
6308,0.111457,7,45329
6309,0.207273,12,45341
6310,0.089849,6,45347
6311,0.203489,12,45359
6312,0.047586,3,45362
6313,0.239199,14,45376
6314,0.284534,16,45392
6315,0.157379,9,45401
6316,0.378471,21,45422
6317,0.243824,14,45436
6318,0.280407,17,45453
6319,-0.13889,16,45469
6320,0.307337,19,45488
6321,0.32585,19,45507
6322,0.234562,14,45521
6323,0.213864,12,45533
6324,0.095349,5,45538
6325,0.083418,5,45543
6326,0.213893,12,45555
6327,0.177239,10,45565
6328,0.108993,6,45571
6329,0.188534,12,45583
6330,0.252603,14,45597
6331,0.019836,1,45598
6332,0.23537,14,45612
6333,0.266937,17,45629
6334,0.495772,28,45657
6335,0.069144,4,45661
6336,0.232744,14,45675
6337,0.039283,2,45677
6338,0.109591,6,45683
6339,0.2159,13,45696
6340,0.164995,9,45705
6341,0.192333,11,45716
6342,0.128292,7,45723
6343,0.089138,5,45728
6344,0.054525,3,45731
6345,0.081392,5,45736
6346,0.123881,7,45743
6347,0.151561,8,45751
6348,0.289441,17,45768
6349,0.03937,2,45770
6350,0.10039,6,45776
6351,0.286418,16,45792
6352,-0.031991,22,45814
6353,0.230342,14,45828
6354,0.114441,6,45834
6355,0.338462,20,45854
6356,0.172145,10,45864
6357,0.162772,9,45873
6358,-0.270009,7,45880
6359,0.120835,7,45887
6360,0.187421,10,45897
6361,0.155721,9,45906
6362,0.181462,10,45916
6363,0.109307,6,45922
6364,0.202751,11,45933
6365,0.259176,15,45948
6366,0.165625,9,45957
6367,0.108635,6,45963
6368,0.260799,14,45977
6369,0.039079,2,45979
6370,-0.186127,12,45991
6371,0.309186,17,46008
6372,0.111562,7,46015
6373,0.160368,9,46024
6374,0.313498,19,46043
6375,0.30724,18,46061
6376,0.235606,14,46075
6377,0.211297,12,46087
6378,0.114524,6,46093
6379,0.075364,4,46097
6380,0.104542,6,46103
6381,0.126918,7,46110
6382,0.0933,5,46115
6383,0.220274,12,46127
6384,0.128307,7,46134
6385,0.13489,8,46142
6386,0.08874,5,46147
6387,0.170601,10,46157
6388,0.221732,14,46171
6389,0.108367,6,46177
6390,0.237035,16,46193
6391,0.147998,8,46201
6392,0.170382,10,46211
6393,0.231103,13,46224
6394,0.206963,12,46236
6395,0.038142,2,46238
6396,0.121038,7,46245
6397,0.140059,8,46253
6398,0.168894,9,46262
6399,0.039482,2,46264
6400,0.128028,7,46271
6401,0.092808,5,46276
6402,0.214458,12,46288
6403,-0.241957,9,46297
6404,0.080674,5,46302
6405,0.121684,7,46309
6406,0.076285,4,46313
6407,0.020744,1,46314
6408,0.188059,11,46325
6409,0.019678,1,46326
6410,0.470653,26,46352
6411,0.162773,9,46361
6412,0.10877,6,46367
6413,0.296188,16,46383
6414,0.273696,18,46401
6415,0.124023,7,46408
6416,0.389612,22,46430
6417,0.175447,10,46440
6418,0.140341,8,46448
6419,0.091791,5,46453
6420,0.21799,12,46465
6421,0.160284,9,46474
6422,0.130209,7,46481
6423,0.114437,6,46487
6424,0.188996,12,46499
6425,0.076357,4,46503
6426,0.115486,6,46509
6427,0.143207,8,46517
6428,0.131183,7,46524
6429,0.115454,7,46531
6430,0.032536,2,46533
6431,0.013339,1,46534
6432,0.129573,7,46541
6433,0.073662,5,46546
6434,0.225541,12,46558
6435,0.111176,6,46564
6436,0.176997,10,46574
6437,0.073278,4,46578
6438,0.047287,3,46581
6439,0.136538,8,46589
6440,0.055768,3,46592
6441,0.254083,15,46607
6442,0.319527,29,46636
6443,0.020502,1,46637
6444,0.164722,9,46646
6445,0.194056,11,46657
6446,0.146041,8,46665
6447,0.112865,7,46672
6448,0.091112,5,46677
6449,0.092038,5,46682
6450,0.248499,14,46696
6451,0.14396,9,46705
6452,0.107646,7,46712
6453,0.106861,6,46718
6454,0.198954,11,46729
6455,0.10475,6,46735
6456,0.020077,1,46736
6457,0.13922,8,46744
6458,0.100817,6,46750
6459,0.178742,10,46760
6460,0.132077,9,46769
6461,0.1754,10,46779
6462,0.110559,6,46785
6463,0.09427,5,46790
6464,0.214385,12,46802
6465,0.056414,3,46805
6466,0.077881,4,46809
6467,0.103122,6,46815
6468,0.374772,21,46836
6469,0.019996,1,46837
6470,0.230476,19,46856
6471,0.140799,8,46864
6472,-0.042182,23,46887
6473,0.157474,9,46896
6474,0.112617,6,46902
6475,0.070668,4,46906
6476,0.021161,1,46907
6477,0.095829,5,46912
6478,0.073156,4,46916
6479,0.146112,8,46924
6480,0.358216,20,46944
6481,0.14571,8,46952
6482,0.126773,7,46959
6483,0.101388,6,46965
6484,0.131588,7,46972
6485,0.14314,8,46980
6486,0.204887,12,46992
6487,0.141068,8,47000
6488,0.057253,3,47003
6489,0.178315,10,47013
6490,0.137245,8,47021
6491,0.069453,4,47025
6492,0.242017,13,47038
6493,0.117131,7,47045
6494,0.037368,2,47047
6495,0.016261,1,47048
6496,0.182559,10,47058
6497,0.275586,16,47074
6498,0.20241,11,47085
6499,0.123241,7,47092
6500,0.209451,12,47104
6501,0.047743,3,47107
6502,0.178393,10,47117
6503,0.201115,11,47128
6504,0.191496,11,47139
6505,0.015809,1,47140
6506,0.093948,6,47146
6507,0.050425,3,47149
6508,0.068237,4,47153
6509,0.093548,5,47158
6510,-0.344408,3,47161
6511,0.184156,12,47173
6512,0.06269,4,47177
6513,0.170675,10,47187
6514,0.153817,9,47196
6515,0.121636,8,47204
6516,0.193393,12,47216
6517,0.146693,8,47224
6518,0.15134,8,47232
6519,0.086811,5,47237
6520,0.096302,5,47242
6521,0.107436,6,47248
6522,0.147729,8,47256
6523,0.110161,6,47262
6524,0.242027,13,47275
6525,0.389602,28,47303
6526,0.133975,7,47310
6527,0.020094,1,47311
6528,0.064672,4,47315
6529,0.017709,1,47316
6530,0.123392,7,47323
6531,0.13272,7,47330
6532,0.168901,9,47339
6533,0.038808,2,47341
6534,0.220582,12,47353
6535,0.502492,29,47382
6536,0.197961,11,47393
6537,0.191796,12,47405
6538,0.268279,14,47419
6539,0.162651,10,47429
6540,0.549551,30,47459
6541,0.276216,15,47474
6542,0.323363,18,47492
6543,0.0202,1,47493
6544,0.096604,5,47498
6545,0.076238,5,47503
6546,0.156476,9,47512
6547,0.11595,7,47519
6548,0.07695,4,47523
6549,0.124781,7,47530
6550,0.139478,8,47538
6551,0.092519,6,47544
6552,0.216944,13,47557
6553,0.124148,7,47564
6554,0.045714,3,47567
6555,0.103947,6,47573
6556,0.196075,14,47587
6557,0.135415,8,47595
6558,0.23026,13,47608
6559,0.160408,9,47617
6560,0.248995,14,47631
6561,0.16697,9,47640
6562,0.154011,9,47649
6563,0.074818,4,47653
6564,0.187225,11,47664
6565,0.05762,3,47667
6566,0.170966,10,47677
6567,0.134063,8,47685
6568,0.053171,3,47688
6569,0.161875,9,47697
6570,0.133217,7,47704
6571,0.281523,15,47719
6572,0.236585,13,47732
6573,0.231289,13,47745
6574,0.285836,18,47763
6575,0.019988,1,47764
6576,0.273308,15,47779
6577,0.120195,7,47786
6578,0.148459,8,47794
6579,0.166749,9,47803
6580,0.050569,3,47806
6581,0.125335,7,47813
6582,0.168747,10,47823
6583,0.105311,7,47830
6584,0.331591,27,47857
6585,0.222744,13,47870
6586,0.162907,9,47879
6587,0.166374,9,47888
6588,0.039405,2,47890
6589,0.107254,6,47896
6590,0.421883,27,47923
6591,0.093008,5,47928
6592,0.164368,9,47937
6593,0.229599,13,47950
6594,0.32856,19,47969
6595,0.321925,20,47989
6596,0.110541,6,47995
6597,0.0738,4,47999
6598,0.089526,5,48004
6599,0.150746,9,48013
6600,0.359553,20,48033
6601,0.056058,3,48036
6602,0.020201,1,48037
6603,0.101061,7,48044
6604,0.215114,12,48056
6605,0.17309,10,48066
6606,0.32155,19,48085
6607,0.130001,7,48092
6608,0.116709,7,48099
6609,0.093151,5,48104
6610,0.311942,17,48121
6611,0.17351,10,48131
6612,0.136079,8,48139
6613,0.165676,9,48148
6614,0.125729,7,48155
6615,0.270924,15,48170
6616,0.128584,7,48177
6617,0.133181,8,48185
6618,0.19231,11,48196
6619,0.089129,6,48202
6620,0.113867,7,48209
6621,0.138896,8,48217
6622,0.217849,12,48229
6623,0.016848,1,48230
6624,0.12616,7,48237
6625,0.564269,33,48270
6626,0.152402,9,48279
6627,0.225228,13,48292
6628,0.137244,8,48300
6629,0.108234,6,48306
6630,0.263588,15,48321
6631,0.185884,11,48332
6632,0.142282,8,48340
6633,0.119196,7,48347
6634,0.204469,11,48358
6635,0.107942,6,48364
6636,0.206929,11,48375
6637,0.14822,8,48383
6638,0.298182,17,48400
6639,0.126037,7,48407
6640,0.361765,20,48427
6641,0.123309,7,48434
6642,0.093964,6,48440
6643,0.157478,9,48449
6644,0.179788,12,48461
6645,0.038696,2,48463
6646,0.227308,13,48476
6647,0.206169,19,48495
6648,0.104814,6,48501
6649,0.066281,4,48505
6650,0.040201,2,48507
6651,0.074231,4,48511
6652,0.090289,5,48516
6653,0.099143,6,48522
6654,0.123929,7,48529
6655,0.238898,16,48545
6656,0.06925,4,48549
6657,0.174381,10,48559
6658,0.163142,9,48568
6659,0.017432,1,48569
6660,0.095996,5,48574
6661,0.089911,5,48579
6662,0.133258,9,48588
6663,0.1033,6,48594
6664,0.051328,3,48597
6665,0.1429,8,48605
6666,0.367031,20,48625
6667,0.081761,5,48630
6668,0.089536,5,48635
6669,0.140783,8,48643
6670,0.200815,11,48654
6671,0.148655,8,48662
6672,0.019688,1,48663
6673,0.129491,7,48670
6674,0.062293,4,48674
6675,0.18788,10,48684
6676,0.172466,10,48694
6677,0.141036,8,48702
6678,0.22397,13,48715
6679,0.167114,9,48724
6680,0.140127,8,48732
6681,0.166804,10,48742
6682,0.209696,13,48755
6683,0.206083,11,48766
6684,0.122301,7,48773
6685,0.180818,10,48783
6686,0.191307,11,48794
6687,-0.243097,9,48803
6688,0.161611,9,48812
6689,0.113773,6,48818
6690,0.220727,13,48831
6691,0.21,13,48844
6692,0.162555,9,48853
6693,0.155885,9,48862
6694,0.159553,9,48871
6695,0.180608,10,48881
6696,0.36578,24,48905
6697,0.23912,14,48919
6698,0.069162,4,48923
6699,0.111875,6,48929
6700,0.244969,15,48944
6701,0.090177,5,48949
6702,0.125614,7,48956
6703,0.237928,13,48969
6704,0.110314,6,48975
6705,0.074094,4,48979
6706,0.092855,6,48985
6707,0.289595,18,49003
6708,0.111209,7,49010
6709,0.141103,8,49018
6710,0.146621,8,49026
6711,0.110445,6,49032
6712,0.132396,8,49040
6713,0.074104,4,49044
6714,0.165983,9,49053
6715,0.24585,13,49066
6716,0.139682,8,49074
6717,0.12018,7,49081
6718,0.089363,5,49086
6719,0.018822,1,49087
6720,0.165752,9,49096
6721,0.07563,4,49100
6722,0.072314,4,49104
6723,0.039316,2,49106
6724,0.108704,6,49112
6725,0.159897,9,49121
6726,0.128858,7,49128
6727,0.38938,25,49153
6728,0.140949,8,49161
6729,0.18331,11,49172
6730,0.145489,8,49180
6731,0.020139,1,49181
6732,0.020471,1,49182
6733,0.158128,9,49191
6734,0.192563,12,49203
6735,0.153541,9,49212
6736,0.055943,3,49215
6737,0.019497,1,49216
6738,0.290991,18,49234
6739,0.20174,11,49245
6740,0.130566,7,49252
6741,0.174192,10,49262
6742,0.11425,7,49269
6743,0.091777,5,49274
6744,0.099438,6,49280
6745,0.184946,10,49290
6746,0.212334,12,49302
6747,0.110872,6,49308
6748,0.235686,16,49324
6749,0.220965,12,49336
6750,0.15254,9,49345
6751,0.12453,7,49352
6752,0.250144,14,49366
6753,0.171174,10,49376
6754,0.168506,9,49385
6755,0.073842,4,49389
6756,0.214661,12,49401
6757,0.445108,24,49425
6758,0.110908,6,49431
6759,0.216742,12,49443
6760,0.309369,18,49461
6761,0.019719,1,49462
6762,0.144318,8,49470
6763,0.209292,13,49483
6764,0.091117,5,49488
6765,0.164681,9,49497
6766,0.038392,2,49499
6767,0.089683,6,49505
6768,0.144292,9,49514
6769,0.13995,8,49522
6770,0.15958,9,49531
6771,0.019137,1,49532
6772,0.459469,28,49560
6773,0.375593,20,49580
6774,0.092607,5,49585
6775,0.295981,16,49601
6776,0.118712,7,49608
6777,0.09724,5,49613
6778,0.126726,7,49620
6779,0.144765,8,49628
6780,0.134827,8,49636
6781,0.178245,10,49646
6782,0.132714,8,49654
6783,0.102567,6,49660
6784,0.096339,5,49665
6785,0.08937,5,49670
6786,0.150801,8,49678
6787,0.142343,8,49686
6788,0.396497,22,49708
6789,0.095084,5,49713
6790,0.218372,12,49725
6791,0.180001,10,49735
6792,0.144151,8,49743
6793,0.233495,14,49757
6794,0.159923,9,49766
6795,0.071508,4,49770
6796,0.130423,7,49777
6797,0.221358,13,49790
6798,0.111557,6,49796
6799,0.469595,30,49826
6800,0.100383,6,49832
6801,0.109037,6,49838
6802,0.31529,18,49856
6803,0.198712,11,49867
6804,0.112501,7,49874
6805,0.243106,13,49887
6806,0.072759,4,49891
6807,0.018726,1,49892
6808,0.307199,17,49909
6809,0.020747,1,49910
6810,0.211498,12,49922
6811,0.163928,9,49931
6812,0.017663,1,49932
6813,0.121934,7,49939
6814,0.091328,6,49945
6815,0.171028,12,49957
6816,0.054593,4,49961
6817,0.108757,7,49968
6818,0.094418,5,49973
6819,0.14287,8,49981
6820,0.178483,10,49991
6821,0.120724,8,49999
6822,0.107352,6,50005
6823,0.123081,7,50012
6824,0.20881,11,50023
6825,0.231942,13,50036
6826,0.287144,16,50052
6827,0.118649,7,50059
6828,0.104065,6,50065
6829,0.144976,8,50073
6830,0.075225,4,50077
6831,0.157275,9,50086
6832,0.148087,8,50094
6833,0.120138,8,50102
6834,0.250398,17,50119
6835,0.099183,6,50125
6836,0.211241,12,50137
6837,0.147851,8,50145
6838,0.075185,4,50149
6839,0.192065,11,50160
6840,0.180475,10,50170
6841,0.150568,9,50179
6842,0.095947,5,50184
6843,0.073754,4,50188
6844,0.255158,17,50205
6845,0.106142,6,50211
6846,0.092209,5,50216
6847,0.073773,4,50220
6848,0.089848,5,50225
6849,0.074264,4,50229
6850,0.069599,4,50233
6851,0.214276,12,50245
6852,0.072816,4,50249
6853,0.110516,6,50255
6854,0.216088,12,50267
6855,0.331523,20,50287
6856,0.138795,8,50295
6857,0.162835,9,50304
6858,0.119623,7,50311
6859,0.167873,10,50321
6860,0.077139,6,50327
6861,0.236729,13,50340
6862,0.113652,8,50348
6863,0.124782,7,50355
6864,0.248011,14,50369
6865,0.1612,12,50381
6866,0.145874,8,50389
6867,0.110552,6,50395
6868,0.112815,6,50401
6869,0.09077,5,50406
6870,0.109887,7,50413
6871,0.238587,15,50428
6872,0.185124,12,50440
6873,0.093089,5,50445
6874,0.210354,12,50457
6875,0.112984,6,50463
6876,0.077747,4,50467
6877,0.179064,10,50477
6878,0.115734,6,50483
6879,0.140159,8,50491
6880,0.142481,8,50499
6881,0.10809,6,50505
6882,0.166043,10,50515
6883,0.367084,21,50536
6884,0.145325,8,50544
6885,0.175278,12,50556
6886,0.330917,20,50576
6887,0.087069,5,50581
6888,0.153125,10,50591
6889,0.151163,8,50599
6890,0.088855,5,50604
6891,0.091188,5,50609
6892,0.244765,16,50625
6893,0.133735,7,50632
6894,0.16661,9,50641
6895,0.198062,11,50652
6896,0.162581,9,50661
6897,0.124684,7,50668
6898,0.225856,12,50680
6899,0.158062,9,50689
6900,0.107723,6,50695
6901,0.1726,10,50705
6902,0.169354,9,50714
6903,0.111366,6,50720
6904,0.159637,9,50729
6905,0.199197,15,50744
6906,0.160073,9,50753
6907,0.328958,18,50771
6908,0.019962,1,50772
6909,0.07047,4,50776
6910,0.184386,10,50786
6911,0.385979,22,50808
6912,0.020227,1,50809
6913,0.148214,8,50817
6914,0.162418,9,50826
6915,0.342154,20,50846
6916,0.155904,9,50855
6917,0.124106,7,50862
6918,0.020711,1,50863
6919,0.163063,9,50872
6920,0.189672,11,50883
6921,0.330126,18,50901
6922,0.145341,8,50909
6923,0.075114,4,50913
6924,0.144416,8,50921
6925,0.256064,16,50937
6926,0.15155,9,50946
6927,0.193902,11,50957
6928,0.112211,7,50964
6929,0.110089,6,50970
6930,0.146423,8,50978
6931,0.160901,10,50988
6932,0.018151,1,50989
6933,0.21351,12,51001
6934,0.258103,17,51018
6935,0.136677,8,51026
6936,0.074808,4,51030
6937,0.244771,13,51043
6938,0.106641,6,51049
6939,0.239245,13,51062
6940,0.176342,10,51072
6941,0.106492,6,51078
6942,0.163918,9,51087
6943,0.175999,10,51097
6944,0.186193,12,51109
6945,0.051654,3,51112
6946,0.112575,6,51118
6947,0.133737,8,51126
6948,0.219277,13,51139
6949,0.250887,14,51153
6950,0.151845,9,51162
6951,0.240767,14,51176
6952,0.089857,5,51181
6953,0.15217,8,51189
6954,0.187003,10,51199
6955,0.252669,14,51213
6956,0.162986,9,51222
6957,0.127693,7,51229
6958,0.08793,5,51234
6959,0.169671,10,51244
6960,0.203058,12,51256
6961,0.182899,12,51268
6962,0.163735,9,51277
6963,0.202951,11,51288
6964,0.074682,4,51292
6965,0.125152,8,51300
6966,0.158741,9,51309
6967,0.195054,11,51320
6968,0.183373,11,51331
6969,0.05238,3,51334
6970,0.198064,11,51345
6971,0.192296,11,51356
6972,0.194135,11,51367
6973,0.091157,5,51372
6974,0.195801,11,51383
6975,0.141678,8,51391
6976,0.147871,9,51400
6977,0.058429,3,51403
6978,0.10686,6,51409
6979,0.171521,9,51418
6980,0.18445,10,51428
6981,0.09464,5,51433
6982,0.19075,12,51445
6983,0.123802,7,51452
6984,0.181839,10,51462
6985,0.168396,10,51472
6986,0.190443,11,51483
6987,0.148255,9,51492
6988,0.074542,4,51496
6989,0.273533,16,51512
6990,0.160445,9,51521
6991,0.238778,15,51536
6992,0.090912,5,51541
6993,0.234521,13,51554
6994,0.379152,21,51575
6995,0.178226,10,51585
6996,0.241773,13,51598
6997,0.190464,10,51608
6998,0.111956,6,51614
6999,0.073601,4,51618
7000,0.341487,18,51636
7001,0.150384,8,51644
7002,0.0868,5,51649
7003,0.069188,4,51653
7004,0.292532,17,51670
7005,0.236275,13,51683
7006,0.089895,5,51688
7007,0.258374,16,51704
7008,0.088825,5,51709
7009,0.146859,8,51717
7010,0.090765,7,51724
7011,0.130927,7,51731
7012,0.238182,13,51744
7013,0.107405,6,51750
7014,0.474601,28,51778
7015,0.295368,16,51794
7016,0.168211,9,51803
7017,0.266962,16,51819
7018,0.161899,9,51828
7019,0.278771,15,51843
7020,0.110515,6,51849
7021,0.191483,11,51860
7022,0.119171,7,51867
7023,0.10663,6,51873
7024,0.092031,5,51878
7025,0.111321,6,51884
7026,0.038189,2,51886
7027,0.149552,11,51897
7028,0.269623,15,51912
7029,0.166302,9,51921
7030,0.02044,1,51922
7031,0.225952,12,51934
7032,0.149933,8,51942
7033,0.146797,8,51950
7034,-0.037702,26,51976
7035,0.120894,9,51985
7036,0.092575,5,51990
7037,0.360512,20,52010
7038,0.166507,9,52019
7039,0.199228,11,52030
7040,0.089786,5,52035
7041,0.110841,6,52041
7042,0.194683,12,52053
7043,0.281666,16,52069
7044,0.094482,5,52074
7045,0.153348,8,52082
7046,0.121395,7,52089
7047,0.09275,5,52094
7048,0.457437,25,52119
7049,0.10787,6,52125
7050,0.199373,13,52138
7051,0.149692,9,52147
7052,0.12849,7,52154
7053,0.199297,12,52166
7054,0.107686,6,52172
7055,0.092139,5,52177
7056,0.202687,12,52189
7057,0.207293,11,52200
7058,0.208841,12,52212
7059,0.302651,17,52229
7060,0.062153,4,52233
7061,0.01707,1,52234
7062,0.165725,9,52243
7063,0.129113,7,52250
7064,0.142399,8,52258
7065,0.104059,6,52264
7066,0.22365,12,52276
7067,0.121185,7,52283
7068,0.151308,8,52291
7069,0.019671,1,52292
7070,0.147169,8,52300
7071,0.162035,9,52309
7072,0.151222,8,52317
7073,0.096249,5,52322
7074,0.190751,12,52334
7075,0.216329,12,52346
7076,0.018679,1,52347
7077,0.148293,8,52355
7078,0.156721,9,52364
7079,0.123278,7,52371
7080,0.020116,1,52372
7081,0.175647,9,52381
7082,0.226502,14,52395
7083,0.157468,9,52404
7084,0.256426,14,52418
7085,0.230474,13,52431
7086,0.074089,4,52435
7087,0.017866,1,52436
7088,0.128986,7,52443
7089,0.121617,8,52451
7090,0.316453,19,52470
7091,0.195954,11,52481
7092,0.12152,7,52488
7093,0.140598,8,52496
7094,0.299835,17,52513
7095,0.125103,7,52520
7096,0.097435,5,52525
7097,0.111751,6,52531
7098,0.128066,7,52538
7099,0.124593,7,52545
7100,0.228282,13,52558
7101,0.091202,5,52563
7102,0.169497,9,52572
7103,0.161669,10,52582
7104,0.16516,9,52591
7105,0.111906,6,52597
7106,0.087983,5,52602
7107,0.171626,10,52612
7108,0.075614,4,52616
7109,0.148008,8,52624
7110,0.103528,6,52630
7111,0.277874,17,52647
7112,0.18886,11,52658
7113,0.112417,6,52664
7114,0.21151,12,52676
7115,0.143801,8,52684
7116,0.211384,12,52696
7117,0.113195,6,52702
7118,0.110733,6,52708
7119,0.213397,18,52726
7120,0.391879,21,52747
7121,0.171981,9,52756
7122,0.225758,12,52768
7123,0.213195,12,52780
7124,0.217713,12,52792
7125,0.105738,6,52798
7126,0.139588,8,52806
7127,0.104712,6,52812
7128,0.114692,7,52819
7129,0.134979,8,52827
7130,0.088136,5,52832
7131,0.307414,19,52851
7132,0.175115,10,52861
7133,0.188353,10,52871
7134,0.150525,8,52879
7135,0.147143,9,52888
7136,0.126138,7,52895
7137,0.141156,8,52903
7138,0.1627,9,52912
7139,0.087803,5,52917
7140,0.65396,42,52959
7141,0.168395,10,52969
7142,0.076007,4,52973
7143,0.390931,23,52996
7144,0.1055,6,53002
7145,0.232127,13,53015
7146,0.090489,5,53020
7147,0.02194,1,53021
7148,0.143773,8,53029
7149,0.225909,13,53042
7150,0.210105,12,53054
7151,0.102629,6,53060
7152,0.088308,5,53065
7153,0.121883,8,53073
7154,0.107087,6,53079
7155,0.226733,14,53093
7156,0.068323,4,53097
7157,0.089735,5,53102
7158,0.233095,14,53116
7159,0.095057,5,53121
7160,0.227625,14,53135
7161,0.114854,7,53142
7162,0.065809,4,53146
7163,0.136019,8,53154
7164,0.020727,1,53155
7165,0.34143,20,53175
7166,0.403918,24,53199
7167,0.165081,9,53208
7168,0.092652,5,53213
7169,0.267232,15,53228
7170,0.113317,6,53234
7171,0.280967,15,53249
7172,0.156982,9,53258
7173,-0.130265,15,53273
7174,0.57164,43,53316
7175,0.163069,9,53325
7176,0.158813,9,53334
7177,0.170116,10,53344
7178,0.109736,6,53350
7179,0.139523,8,53358
7180,0.142683,8,53366
7181,0.134733,8,53374
7182,0.328606,18,53392
7183,0.058848,3,53395
7184,0.128444,7,53402
7185,0.139681,8,53410
7186,0.158316,9,53419
7187,0.336033,18,53437
7188,0.261797,15,53452
7189,0.102715,7,53459
7190,0.015378,1,53460
7191,0.14677,8,53468
7192,0.192422,11,53479
7193,0.094125,7,53486
7194,0.019206,1,53487
7195,0.094881,5,53492
7196,0.12769,7,53499
7197,0.517681,29,53528
7198,0.200404,11,53539
7199,0.2875,16,53555
7200,0.126844,7,53562
7201,0.113372,7,53569
7202,0.176723,10,53579
7203,0.244531,13,53592
7204,0.135431,8,53600
7205,0.126805,7,53607
7206,0.204913,12,53619
7207,0.335889,19,53638
7208,-0.073957,18,53656
7209,0.382847,22,53678
7210,0.157236,9,53687
7211,0.104749,6,53693
7212,0.072899,4,53697
7213,0.10669,7,53704
7214,0.092365,5,53709
7215,0.077614,4,53713
7216,0.159183,9,53722
7217,0.035896,2,53724
7218,0.315299,18,53742
7219,0.212161,12,53754
7220,0.35835,23,53777
7221,0.074507,4,53781
7222,0.245207,13,53794
7223,0.150737,8,53802
7224,0.140058,8,53810
7225,0.140831,8,53818
7226,0.338374,21,53839
7227,0.155206,9,53848
7228,0.054709,3,53851
7229,0.07124,4,53855
7230,0.080808,6,53861
7231,0.093217,5,53866
7232,0.13349,7,53873
7233,0.166069,9,53882
7234,0.145687,8,53890
7235,0.131627,7,53897
7236,0.281147,16,53913
7237,-0.243117,9,53922
7238,0.146934,9,53931
7239,0.211939,12,53943
7240,0.177259,10,53953
7241,0.244687,13,53966
7242,0.228578,13,53979
7243,0.169358,9,53988
7244,0.117545,6,53994
7245,0.146484,8,54002
7246,0.157269,10,54012
7247,0.296983,16,54028
7248,0.219806,12,54040
7249,0.14623,9,54049
7250,0.151175,9,54058
7251,0.140007,8,54066
7252,0.058749,3,54069
7253,0.160262,11,54080
7254,0.113203,6,54086
7255,0.381242,21,54107
7256,0.23607,17,54124
7257,0.264649,14,54138
7258,0.069897,4,54142
7259,0.257272,16,54158
7260,0.240199,14,54172
7261,0.190163,10,54182
7262,0.324743,20,54202
7263,0.438223,25,54227
7264,0.151641,9,54236
7265,0.325244,19,54255
7266,0.086693,5,54260
7267,0.142424,8,54268
7268,0.072977,6,54274
7269,0.1362,8,54282
7270,0.379568,21,54303
7271,0.140819,8,54311
7272,0.072524,4,54315
7273,0.23366,13,54328
7274,0.019292,1,54329
7275,0.064369,5,54334
7276,0.020746,1,54335
7277,0.389407,28,54363
7278,0.542607,36,54399
7279,0.109651,6,54405
7280,0.117708,8,54413
7281,0.167052,9,54422
7282,0.150153,8,54430
7283,0.14271,8,54438
7284,0.038114,2,54440
7285,0.019858,1,54441
7286,0.12195,7,54448
7287,0.146622,8,54456
7288,0.114712,6,54462
7289,0.200649,11,54473
7290,0.058277,3,54476
7291,0.036909,2,54478
7292,0.039459,2,54480
7293,0.161714,9,54489
7294,0.091893,6,54495
7295,0.151694,9,54504
7296,0.226908,14,54518
7297,0.166891,9,54527
7298,0.085846,5,54532
7299,0.109678,6,54538
7300,0.147741,8,54546
7301,0.092567,5,54551
7302,0.14245,8,54559
7303,0.18634,10,54569
7304,0.094534,6,54575
7305,0.137412,8,54583
7306,0.260873,14,54597
7307,0.18778,12,54609
7308,0.172219,10,54619
7309,0.074303,4,54623
7310,0.220726,12,54635
7311,0.231604,13,54648
7312,0.07715,4,54652
7313,0.148262,8,54660
7314,0.19636,11,54671
7315,0.109578,6,54677
7316,0.091366,5,54682
7317,0.144282,8,54690
7318,0.081934,5,54695
7319,0.266437,16,54711
7320,0.109759,6,54717
7321,0.160649,9,54726
7322,0.223982,13,54739
7323,0.109917,7,54746
7324,0.337142,20,54766
7325,0.101099,6,54772
7326,0.129598,7,54779
7327,0.18957,10,54789
7328,0.162612,9,54798
7329,0.143317,10,54808
7330,0.073311,4,54812
7331,0.213565,12,54824
7332,0.133455,7,54831
7333,0.135898,9,54840
7334,0.10612,6,54846
7335,0.118771,7,54853
7336,0.122735,7,54860
7337,0.16586,9,54869
7338,0.018565,1,54870
7339,0.26062,14,54884
7340,0.121901,7,54891
7341,0.240289,13,54904
7342,0.071883,4,54908
7343,0.166548,10,54918
7344,0.019755,1,54919
7345,0.091556,5,54924
7346,0.195965,11,54935
7347,0.299752,16,54951
7348,0.076061,4,54955
7349,0.215434,12,54967
7350,0.148479,8,54975
7351,0.333203,20,54995
7352,0.164643,9,55004
7353,0.09977,6,55010
7354,0.14753,9,55019
7355,0.384596,22,55041
7356,0.476194,32,55073
7357,0.153579,9,55082
7358,0.223827,13,55095
7359,0.296743,17,55112
7360,0.144054,9,55121
7361,0.14172,8,55129
7362,0.300108,17,55146
7363,0.053758,3,55149
7364,0.194077,11,55160
7365,0.019842,1,55161
7366,0.057762,3,55164
7367,0.198762,11,55175
7368,0.143102,8,55183
7369,0.019421,1,55184
7370,0.019579,1,55185
7371,0.02002,1,55186
7372,0.144799,8,55194
7373,0.150048,8,55202
7374,0.279068,15,55217
7375,0.364546,23,55240
7376,0.227386,13,55253
7377,0.179905,10,55263
7378,0.147345,9,55272
7379,0.092313,5,55277
7380,0.112312,6,55283
7381,0.116554,7,55290
7382,0.187674,11,55301
7383,0.162882,9,55310
7384,0.110204,6,55316
7385,0.020262,1,55317
7386,0.170876,10,55327
7387,0.295729,17,55344
7388,0.201748,11,55355
7389,0.145977,9,55364
7390,0.24498,18,55382
7391,0.180467,10,55392
7392,0.150647,8,55400
7393,0.144644,8,55408
7394,0.147638,8,55416
7395,0.214236,12,55428
7396,0.116249,6,55434
7397,0.096562,6,55440
7398,0.045095,3,55443
7399,0.170557,11,55454
7400,0.145426,11,55465
7401,0.268671,15,55480
7402,0.117356,8,55488
7403,0.110138,6,55494
7404,0.373512,21,55515
7405,0.100579,7,55522
7406,0.093849,6,55528
7407,0.124566,7,55535
7408,0.191874,11,55546
7409,0.152752,10,55556
7410,0.278909,16,55572
7411,0.074843,4,55576
7412,0.244694,13,55589
7413,0.094617,5,55594
7414,0.050211,3,55597
7415,0.193968,11,55608
7416,0.147531,8,55616
7417,0.286162,17,55633
7418,-0.309383,5,55638
7419,0.124163,7,55645
7420,0.20505,14,55659
7421,0.078334,4,55663
7422,0.153014,9,55672
7423,0.16881,9,55681
7424,0.075734,4,55685
7425,0.196685,11,55696
7426,0.147069,9,55705
7427,0.168841,11,55716
7428,0.133242,9,55725
7429,0.268935,15,55740
7430,0.190177,11,55751
7431,0.148713,8,55759
7432,0.129765,7,55766
7433,0.46018,25,55791
7434,0.131928,7,55798
7435,0.117504,7,55805
7436,0.088113,5,55810
7437,0.169122,9,55819
7438,0.14,8,55827
7439,0.01981,1,55828
7440,0.294391,16,55844
7441,0.13979,8,55852
7442,0.098126,6,55858
7443,0.126844,7,55865
7444,0.239797,14,55879
7445,0.183296,10,55889
7446,0.019714,1,55890
7447,0.213349,13,55903
7448,0.214814,12,55915
7449,0.106019,6,55921
7450,0.076925,4,55925
7451,0.126569,7,55932
7452,0.019976,1,55933
7453,0.154373,9,55942
7454,0.107556,6,55948
7455,0.26777,19,55967
7456,0.055789,3,55970
7457,0.109232,6,55976
7458,0.206272,11,55987
7459,0.282198,17,56004
7460,0.369333,21,56025
7461,0.121766,7,56032
7462,0.145557,9,56041
7463,0.184934,11,56052
7464,0.289964,21,56073
7465,0.170926,10,56083
7466,0.138715,9,56092
7467,0.377941,21,56113
7468,0.075076,4,56117
7469,0.103261,6,56123
7470,0.273729,18,56141
7471,0.117901,7,56148
7472,0.419366,23,56171
7473,0.151029,9,56180
7474,-0.292203,6,56186
7475,0.388234,23,56209
7476,0.131883,7,56216
7477,0.147125,8,56224
7478,0.096412,5,56229
7479,0.107069,6,56235
7480,0.121425,7,56242
7481,0.16868,9,56251
7482,0.26039,14,56265
7483,0.123639,7,56272
7484,0.286676,17,56289
7485,0.098754,6,56295
7486,0.107568,6,56301
7487,0.112433,6,56307
7488,0.097944,8,56315
7489,0.259996,14,56329
7490,0.234343,14,56343
7491,0.153007,8,56351
7492,0.122647,7,56358
7493,0.116043,7,56365
7494,0.210822,13,56378
7495,0.272384,17,56395
7496,0.020349,1,56396
7497,0.194127,11,56407
7498,0.366722,27,56434
7499,0.205446,12,56446
7500,0.381027,21,56467
7501,0.234965,17,56484
7502,0.419377,23,56507
7503,0.373019,20,56527
7504,0.020829,1,56528
7505,0.236776,15,56543
7506,0.189253,12,56555
7507,0.210297,12,56567
7508,0.115511,7,56574
7509,0.252498,14,56588
7510,0.070721,4,56592
7511,0.099776,6,56598
7512,0.195914,11,56609
7513,0.145793,8,56617
7514,0.159603,9,56626
7515,0.182676,11,56637
7516,0.156938,10,56647
7517,0.178493,10,56657
7518,0.142497,8,56665
7519,0.138004,8,56673
7520,0.253864,14,56687
7521,0.195615,11,56698
7522,0.289924,16,56714
7523,0.019459,1,56715
7524,0.272249,19,56734
7525,0.113462,6,56740
7526,0.095086,5,56745
7527,0.074684,4,56749
7528,0.019025,1,56750
7529,0.092987,5,56755
7530,0.243397,16,56771
7531,0.11015,7,56778
7532,0.099659,6,56784
7533,0.088829,5,56789
7534,0.185132,12,56801
7535,0.335184,19,56820
7536,0.079182,5,56825
7537,0.107177,6,56831
7538,0.233751,13,56844
7539,0.067794,4,56848
7540,0.038112,2,56850
7541,0.157553,9,56859
7542,0.092916,5,56864
7543,0.202444,13,56877
7544,0.133942,8,56885
7545,0.135639,8,56893
7546,0.226918,13,56906
7547,0.109604,6,56912
7548,0.155905,10,56922
7549,0.107049,6,56928
7550,0.144042,8,56936
7551,0.131853,7,56943
7552,0.080108,5,56948
7553,0.282318,16,56964
7554,0.242211,14,56978
7555,0.131626,7,56985
7556,0.106838,8,56993
7557,0.294286,17,57010
7558,0.089769,5,57015
7559,0.091382,5,57020
7560,0.099752,6,57026
7561,0.152791,9,57035
7562,0.075028,4,57039
7563,0.251127,13,57052
7564,0.127119,8,57060
7565,0.133822,7,57067
7566,0.244942,14,57081
7567,0.28195,17,57098
7568,0.301675,17,57115
7569,0.140214,8,57123
7570,0.11386,6,57129
7571,0.338633,22,57151
7572,0.195603,11,57162
7573,0.14253,8,57170
7574,0.127664,8,57178
7575,0.195222,11,57189
7576,0.284248,16,57205
7577,0.148726,10,57215
7578,0.246648,15,57230
7579,0.281172,17,57247
7580,0.186406,11,57258
7581,0.019256,1,57259
7582,0.142113,9,57268
7583,0.181873,10,57278
7584,0.140235,8,57286
7585,0.094183,5,57291
7586,0.120741,7,57298
7587,0.200048,11,57309
7588,0.175631,10,57319
7589,0.097178,5,57324
7590,-0.042713,20,57344
7591,0.155422,9,57353
7592,0.176833,10,57363
7593,0.131236,7,57370
7594,0.14523,8,57378
7595,0.176155,13,57391
7596,0.125995,7,57398
7597,0.219209,13,57411
7598,0.179364,10,57421
7599,0.147849,9,57430
7600,0.176827,10,57440
7601,0.076997,4,57444
7602,0.237542,14,57458
7603,0.197058,11,57469
7604,0.175405,10,57479
7605,0.123961,7,57486
7606,0.246262,15,57501
7607,0.160585,9,57510
7608,0.392728,23,57533
7609,0.224685,12,57545
7610,0.172392,10,57555
7611,0.058609,3,57558
7612,0.254106,14,57572
7613,0.16035,9,57581
7614,0.308139,17,57598
7615,0.208114,11,57609
7616,0.133102,8,57617
7617,0.124631,7,57624
7618,0.140778,8,57632
7619,0.148457,9,57641
7620,0.229039,14,57655
7621,0.139971,8,57663
7622,0.077975,4,57667
7623,0.256568,14,57681
7624,0.096167,5,57686
7625,0.239519,13,57699
7626,0.108395,6,57705
7627,0.087387,5,57710
7628,0.092961,5,57715
7629,0.134915,8,57723
7630,0.205868,15,57738
7631,0.205143,12,57750
7632,0.210158,12,57762
7633,0.058369,3,57765
7634,0.265777,15,57780
7635,0.34525,21,57801
7636,0.175847,10,57811
7637,0.089922,5,57816
7638,0.016615,1,57817
7639,0.049876,3,57820
7640,0.095592,6,57826
7641,0.270588,15,57841
7642,0.132618,7,57848
7643,0.149288,9,57857
7644,0.164782,9,57866
7645,0.170703,10,57876
7646,0.226578,14,57890
7647,0.231687,16,57906
7648,0.328096,18,57924
7649,0.141253,9,57933
7650,0.207519,12,57945
7651,0.1578,9,57954
7652,0.229546,13,57967
7653,0.10653,6,57973
7654,0.021475,1,57974
7655,0.226728,13,57987
7656,0.167094,9,57996
7657,0.24023,13,58009
7658,0.153099,9,58018
7659,0.16283,9,58027
7660,0.141976,8,58035
7661,0.184121,10,58045
7662,0.110862,6,58051
7663,0.185932,11,58062
7664,0.155036,9,58071
7665,0.127171,7,58078
7666,0.039519,2,58080
7667,0.096235,5,58085
7668,0.229868,13,58098
7669,0.208089,11,58109
7670,0.182541,10,58119
7671,0.121949,8,58127
7672,0.133519,8,58135
7673,0.136886,8,58143
7674,0.117445,7,58150
7675,0.018181,1,58151
7676,0.29948,18,58169
7677,0.268212,18,58187
7678,0.211267,12,58199
7679,0.127835,7,58206
7680,0.115038,6,58212
7681,0.088581,6,58218
7682,0.162606,9,58227
7683,0.021833,1,58228
7684,0.09134,5,58233
7685,0.120843,8,58241
7686,0.194604,11,58252
7687,0.107996,6,58258
7688,0.210794,12,58270
7689,0.13317,8,58278
7690,0.098572,7,58285
7691,0.208106,11,58296
7692,0.149461,9,58305
7693,0.208326,11,58316
7694,0.433109,24,58340
7695,0.28403,16,58356
7696,0.145558,8,58364
7697,0.05126,3,58367
7698,0.121966,7,58374
7699,0.147187,8,58382
7700,0.195324,11,58393
7701,0.075374,4,58397
7702,0.091513,5,58402
7703,0.173736,10,58412
7704,0.205043,12,58424
7705,0.287254,16,58440
7706,0.149855,8,58448
7707,0.210206,16,58464
7708,0.097927,5,58469
7709,0.094044,7,58476
7710,0.166805,9,58485
7711,0.245711,14,58499
7712,0.125461,7,58506
7713,0.25474,14,58520
7714,0.108414,7,58527
7715,0.208832,13,58540
7716,0.178615,11,58551
7717,0.122923,7,58558
7718,0.165331,9,58567
7719,0.490323,27,58594
7720,0.094638,5,58599
7721,0.057524,3,58602
7722,0.245856,15,58617
7723,0.203562,13,58630
7724,0.065985,4,58634
7725,0.166328,9,58643
7726,0.300412,17,58660
7727,0.18296,10,58670
7728,0.093997,5,58675
7729,0.206281,12,58687
7730,0.12202,7,58694
7731,0.109596,6,58700
7732,-0.040781,20,58720
7733,0.143732,8,58728
7734,0.310324,17,58745
7735,0.175791,10,58755
7736,0.047265,3,58758
7737,0.064935,4,58762
7738,0.208875,12,58774
7739,0.13062,8,58782
7740,0.104919,6,58788
7741,0.196617,11,58799
7742,0.285372,16,58815
7743,0.136165,8,58823
7744,0.29615,16,58839
7745,0.322227,21,58860
7746,0.339836,20,58880
7747,0.114109,6,58886
7748,0.014442,1,58887
7749,0.019853,1,58888
7750,0.059241,3,58891
7751,0.604098,38,58929
7752,0.125146,7,58936
7753,0.146706,8,58944
7754,0.209463,17,58961
7755,0.228076,13,58974
7756,0.126817,7,58981
7757,0.148049,8,58989
7758,0.193717,11,59000
7759,0.123065,7,59007
7760,0.26613,16,59023
7761,0.160625,9,59032
7762,0.133282,7,59039
7763,0.053187,3,59042
7764,0.216494,12,59054
7765,0.186486,10,59064
7766,0.409531,24,59088
7767,0.29318,18,59106
7768,0.241705,13,59119
7769,0.351436,22,59141
7770,0.220959,13,59154
7771,0.201512,11,59165
7772,0.191539,11,59176
7773,0.097065,5,59181
7774,0.095306,5,59186
7775,0.318835,21,59207
7776,0.396167,34,59241
7777,0.226894,15,59256
7778,0.241521,15,59271
7779,0.235881,16,59287
7780,0.061234,4,59291
7781,0.302923,18,59309
7782,0.111678,6,59315
7783,0.119681,8,59323
7784,0.192936,11,59334
7785,0.217404,12,59346
7786,0.334691,18,59364
7787,0.120859,7,59371
7788,0.113311,6,59377
7789,0.110471,6,59383
7790,0.126058,7,59390
7791,0.148072,8,59398
7792,0.170072,9,59407
7793,0.128181,8,59415
7794,0.19153,10,59425
7795,0.242605,15,59440
7796,0.369954,20,59460
7797,0.087876,5,59465
7798,0.212851,12,59477
7799,0.14457,8,59485
7800,0.105389,6,59491
7801,0.142504,9,59500
7802,0.111758,7,59507
7803,0.221468,12,59519
7804,0.347114,19,59538
7805,0.176655,10,59548
7806,0.073593,4,59552
7807,0.096827,5,59557
7808,0.192044,11,59568
7809,0.156547,9,59577
7810,0.128105,7,59584
7811,0.401318,25,59609
7812,0.160554,9,59618
7813,0.162717,10,59628
7814,0.124319,7,59635
7815,0.152694,8,59643
7816,0.445872,26,59669
7817,0.295502,16,59685
7818,0.016419,1,59686
7819,0.309474,17,59703
7820,0.342663,19,59722
7821,0.116749,8,59730
7822,0.167781,10,59740
7823,0.113781,6,59746
7824,0.489448,28,59774
7825,0.311868,18,59792
7826,0.300545,19,59811
7827,0.103711,6,59817
7828,0.325978,18,59835
7829,0.192427,12,59847
7830,0.115181,7,59854
7831,0.115721,7,59861
7832,0.105022,7,59868
7833,0.157145,10,59878
7834,0.190956,11,59889
7835,0.151074,9,59898
7836,0.202764,11,59909
7837,0.189618,11,59920
7838,0.228639,13,59933
7839,0.019835,1,59934
7840,0.093445,6,59940
7841,0.171611,10,59950
7842,0.022179,1,59951
7843,0.415073,23,59974
7844,0.211335,12,59986
7845,0.108337,6,59992
7846,0.355154,20,60012
7847,0.187347,11,60023
7848,0.01712,1,60024
7849,0.172546,10,60034
7850,0.236853,13,60047
7851,0.320572,18,60065
7852,0.216451,13,60078
7853,0.160541,9,60087
7854,0.251004,14,60101
7855,0.051095,3,60104
7856,0.125022,7,60111
7857,0.17951,10,60121
7858,0.461168,25,60146
7859,0.151462,8,60154
7860,0.091404,5,60159
7861,0.203625,11,60170
7862,0.147581,8,60178
7863,0.288575,16,60194
7864,0.169185,10,60204
7865,0.120297,7,60211
7866,0.265363,15,60226
7867,0.255289,15,60241
7868,0.145186,8,60249
7869,0.212481,12,60261
7870,0.15187,8,60269
7871,0.132273,7,60276
7872,0.156859,9,60285
7873,0.30839,19,60304
7874,0.218631,12,60316
7875,0.111525,6,60322
7876,0.053995,3,60325
7877,0.16769,9,60334
7878,0.158645,9,60343
7879,0.14593,8,60351
7880,0.017706,1,60352
7881,0.095625,5,60357
7882,0.223248,12,60369
7883,0.276023,21,60390
7884,0.071666,4,60394
7885,0.1073,6,60400
7886,0.14377,8,60408
7887,0.108367,6,60414
7888,0.302122,17,60431
7889,0.154433,9,60440
7890,0.173438,10,60450
7891,0.238263,14,60464
7892,0.1089,6,60470
7893,0.19954,13,60483
7894,0.162367,9,60492
7895,0.094779,5,60497
7896,0.252627,14,60511
7897,0.038902,2,60513
7898,0.228125,13,60526
7899,0.222635,12,60538
7900,0.126499,7,60545
7901,0.183079,11,60556
7902,0.177264,10,60566
7903,0.245962,15,60581
7904,0.351656,20,60601
7905,0.305203,19,60620
7906,0.19771,11,60631
7907,0.123536,7,60638
7908,0.113376,6,60644
7909,0.123256,7,60651
7910,0.138715,8,60659
7911,0.237139,13,60672
7912,0.106439,6,60678
7913,0.170682,10,60688
7914,0.114082,8,60696
7915,0.187228,10,60706
7916,0.072527,4,60710
7917,0.246877,15,60725
7918,0.159735,9,60734
7919,0.383911,26,60760
7920,0.10708,6,60766
7921,0.131089,8,60774
7922,0.130814,7,60781
7923,0.18473,11,60792
7924,0.132619,8,60800
7925,0.053275,3,60803
7926,0.291052,20,60823
7927,0.11856,7,60830
7928,0.166765,10,60840
7929,0.342752,20,60860
7930,0.250953,14,60874
7931,0.168118,10,60884
7932,0.092382,5,60889
7933,0.147883,8,60897
7934,0.189553,11,60908
7935,0.279758,16,60924
7936,0.125693,7,60931
7937,0.01966,1,60932
7938,0.093599,5,60937
7939,0.280541,15,60952
7940,0.08913,5,60957
7941,0.10755,6,60963
7942,0.207085,11,60974
7943,0.299957,17,60991
7944,-0.089183,18,61009
7945,0.293901,19,61028
7946,0.075482,4,61032
7947,0.176251,10,61042
7948,0.219607,12,61054
7949,0.076947,4,61058
7950,0.11248,6,61064
7951,0.199852,12,61076
7952,0.190362,11,61087
7953,0.268675,16,61103
7954,0.14774,8,61111
7955,0.146079,8,61119
7956,0.121691,7,61126
7957,0.146045,8,61134
7958,0.294237,18,61152
7959,0.265578,15,61167
7960,0.30792,19,61186
7961,0.307982,17,61203
7962,0.193912,11,61214
7963,0.334123,18,61232
7964,0.181046,10,61242
7965,0.114121,6,61248
7966,0.13793,9,61257
7967,0.208857,12,61269
7968,0.125231,7,61276
7969,0.251748,17,61293
7970,0.146236,8,61301
7971,0.275967,16,61317
7972,0.165415,10,61327
7973,0.108563,7,61334
7974,0.19014,11,61345
7975,0.093476,5,61350
7976,0.102845,6,61356
7977,0.122524,7,61363
7978,0.232617,13,61376
7979,0.149031,8,61384
7980,0.122923,7,61391
7981,0.101705,6,61397
7982,0.19219,11,61408
7983,0.461173,25,61433
7984,0.186091,10,61443
7985,0.087951,5,61448
7986,0.084556,5,61453
7987,0.087312,5,61458
7988,0.088285,5,61463
7989,0.30909,17,61480
7990,0.073197,4,61484
7991,0.019554,1,61485
7992,0.220451,13,61498
7993,0.147886,8,61506
7994,0.175189,11,61517
7995,0.086773,5,61522
7996,0.162408,9,61531
7997,0.167483,9,61540
7998,0.206577,12,61552
7999,0.124367,7,61559
8000,0.120604,8,61567
8001,0.146181,8,61575
8002,0.232963,13,61588
8003,0.22565,12,61600
8004,0.108321,6,61606
8005,0.075428,4,61610
8006,0.162117,11,61621
8007,0.018455,1,61622
8008,0.220175,12,61634
8009,0.178484,10,61644
8010,0.178896,10,61654
8011,0.277285,16,61670
8012,0.220391,12,61682
8013,0.145369,8,61690
8014,0.237111,13,61703
8015,0.233602,13,61716
8016,0.175044,10,61726
8017,0.245751,14,61740
8018,0.165111,9,61749
8019,0.145884,9,61758
8020,0.151252,9,61767
8021,0.129981,7,61774
8022,0.23443,14,61788
8023,0.160534,9,61797
8024,0.116699,7,61804
8025,0.051121,3,61807
8026,0.187001,13,61820
8027,0.342916,21,61841
8028,0.192769,11,61852
8029,0.138176,8,61860
8030,0.197947,11,61871
8031,0.177094,10,61881
8032,0.159115,10,61891
8033,0.159733,9,61900
8034,0.114182,7,61907
8035,0.392979,27,61934
8036,0.263143,17,61951
8037,0.09517,5,61956
8038,0.389284,22,61978
8039,0.111407,6,61984
8040,0.150545,9,61993
8041,0.10557,6,61999
8042,0.07465,4,62003
8043,0.184851,10,62013
8044,0.114463,6,62019
8045,0.200431,11,62030
8046,0.140772,8,62038
8047,0.14658,8,62046
8048,0.163147,9,62055
8049,0.137796,8,62063
8050,0.092533,5,62068
8051,0.053184,3,62071
8052,0.018028,1,62072
8053,0.038893,2,62074
8054,0.402278,23,62097
8055,0.217692,13,62110
8056,0.096161,5,62115
8057,0.276902,17,62132
8058,0.124916,7,62139
8059,0.196355,11,62150
8060,0.194019,11,62161
8061,0.131384,7,62168
8062,0.293028,16,62184
8063,0.09512,5,62189
8064,0.109311,8,62197
8065,0.109892,6,62203
8066,0.282182,21,62224
8067,0.422214,26,62250
8068,0.15071,10,62260
8069,0.107202,6,62266
8070,0.018379,1,62267
8071,0.220225,12,62279
8072,0.195683,11,62290
8073,0.09236,5,62295
8074,0.225029,12,62307
8075,0.138486,8,62315
8076,0.189356,11,62326
8077,0.14204,8,62334
8078,0.349607,19,62353
8079,0.076431,4,62357
8080,0.230965,13,62370
8081,0.131152,9,62379
8082,0.165365,9,62388
8083,0.051451,3,62391
8084,0.205154,11,62402
8085,0.204939,11,62413
8086,0.106964,7,62420
8087,0.289228,18,62438
8088,0.313548,18,62456
8089,0.124692,7,62463
8090,0.092114,5,62468
8091,0.139068,8,62476
8092,0.171468,10,62486
8093,0.018683,1,62487
8094,0.113879,6,62493
8095,0.407611,30,62523
8096,0.019968,1,62524
8097,0.123065,7,62531
8098,0.018158,1,62532
8099,0.147226,9,62541
8100,0.180793,10,62551
8101,0.216988,12,62563
8102,0.212477,12,62575
8103,0.105163,7,62582
8104,0.338324,21,62603
8105,0.17318,11,62614
8106,0.297506,17,62631
8107,0.390341,21,62652
8108,0.252302,16,62668
8109,0.238264,13,62681
8110,0.157827,9,62690
8111,0.129186,7,62697
8112,0.269355,15,62712
8113,0.21547,12,62724
8114,0.289311,17,62741
8115,0.049983,3,62744
8116,0.114923,6,62750
8117,0.206018,12,62762
8118,0.129339,7,62769
8119,0.193123,11,62780
8120,0.075586,4,62784
8121,0.119705,7,62791
8122,0.17514,10,62801
8123,0.117335,6,62807
8124,0.15303,9,62816
8125,0.226229,13,62829
8126,0.190332,10,62839
8127,0.226934,13,62852
8128,0.092156,5,62857
8129,0.305681,18,62875
8130,0.192175,14,62889
8131,0.28427,17,62906
8132,0.147289,9,62915
8133,0.212117,12,62927
8134,0.141202,8,62935
8135,0.203386,12,62947
8136,0.123883,7,62954
8137,0.103727,6,62960
8138,0.063673,4,62964
8139,0.288258,17,62981
8140,0.124815,7,62988
8141,0.094178,5,62993
8142,0.180459,10,63003
8143,0.152444,10,63013
8144,0.182619,12,63025
8145,0.168417,10,63035
8146,0.246865,14,63049
8147,0.07294,4,63053
8148,0.064813,5,63058
8149,0.157872,9,63067
8150,0.222796,12,63079
8151,0.102594,6,63085
8152,0.12551,7,63092
8153,0.088454,5,63097
8154,0.152379,8,63105
8155,0.079946,6,63111
8156,0.018256,1,63112
8157,0.137564,9,63121
8158,0.01928,1,63122
8159,0.233876,13,63135
8160,0.151141,10,63145
8161,0.178612,10,63155
8162,0.187452,11,63166
8163,0.292032,17,63183
8164,0.198983,11,63194
8165,0.0762,4,63198
8166,0.126073,7,63205
8167,0.201511,11,63216
8168,0.132298,8,63224
8169,0.111631,6,63230
8170,0.185339,11,63241
8171,0.301798,18,63259
8172,0.188615,11,63270
8173,0.216221,13,63283
8174,0.193365,11,63294
8175,0.144217,9,63303
8176,0.018589,1,63304
8177,0.259605,17,63321
8178,0.157408,9,63330
8179,0.066608,4,63334
8180,0.198291,11,63345
8181,0.096351,7,63352
8182,0.295871,17,63369
8183,0.161148,9,63378
8184,0.185888,11,63389
8185,0.234299,13,63402
8186,0.273713,15,63417
8187,0.165447,10,63427
8188,0.227678,13,63440
8189,0.113114,7,63447
8190,0.148768,8,63455
8191,0.182765,10,63465
8192,0.199093,11,63476
8193,0.197133,12,63488
8194,0.27682,17,63505
8195,0.17316,10,63515
8196,0.125028,8,63523
8197,0.555477,34,63557
8198,0.163899,10,63567
8199,0.108736,6,63573
8200,0.151867,9,63582
8201,0.231219,13,63595
8202,0.177508,11,63606
8203,0.201226,11,63617
8204,0.067647,4,63621
8205,0.124141,7,63628
8206,0.149304,8,63636
8207,0.311485,18,63654
8208,-0.4954,18,63672
8209,0.018902,1,63673
8210,0.075714,5,63678
8211,0.147557,8,63686
8212,0.122797,7,63693
8213,0.018811,1,63694
8214,0.309747,20,63714
8215,0.077852,4,63718
8216,0.120016,7,63725
8217,0.166693,9,63734
8218,0.191184,12,63746
8219,0.152524,9,63755
8220,0.121402,7,63762
8221,0.133789,7,63769
8222,0.112576,6,63775
8223,0.257693,14,63789
8224,0.244332,13,63802
8225,0.416497,39,63841
8226,0.553102,31,63872
8227,0.157829,10,63882
8228,0.164436,9,63891
8229,0.116487,7,63898
8230,0.019715,1,63899
8231,0.167893,9,63908
8232,0.232871,14,63922
8233,0.095678,5,63927
8234,0.208505,12,63939
8235,0.375676,24,63963
8236,0.243944,13,63976
8237,0.16204,9,63985
8238,0.168507,9,63994
8239,0.207205,12,64006
8240,0.338916,19,64025
8241,0.128521,7,64032
8242,0.131352,8,64040
8243,0.209944,12,64052
8244,0.092169,5,64057
8245,0.14551,8,64065
8246,0.16995,10,64075
8247,0.059137,3,64078
8248,0.286094,15,64093
8249,0.069894,4,64097
8250,0.121457,8,64105
8251,0.213241,12,64117
8252,0.201881,11,64128
8253,0.125628,8,64136
8254,0.174379,10,64146
8255,0.090592,5,64151
8256,0.076776,4,64155
8257,0.180288,10,64165
8258,0.291744,17,64182
8259,0.353679,20,64202
8260,0.095337,5,64207
8261,0.127769,7,64214
8262,0.106689,6,64220
8263,0.10559,6,64226
8264,0.104595,6,64232
8265,0.019891,1,64233
8266,0.255756,15,64248
8267,0.037045,2,64250
8268,0.295183,17,64267
8269,0.39059,25,64292
8270,0.270342,16,64308
8271,0.072243,4,64312
8272,0.155107,9,64321
8273,0.140422,8,64329
8274,0.019849,1,64330
8275,0.102023,6,64336
8276,0.112392,6,64342
8277,0.14416,8,64350
8278,0.157393,9,64359
8279,0.402546,22,64381
8280,0.179226,10,64391
8281,0.119145,7,64398
8282,0.095153,5,64403
8283,0.335017,22,64425
8284,0.142714,8,64433
8285,0.019711,1,64434
8286,0.102957,6,64440
8287,0.136323,8,64448
8288,0.155597,8,64456
8289,0.097664,5,64461
8290,0.271989,16,64477
8291,0.101409,7,64484
8292,0.184573,10,64494
8293,0.260588,14,64508
8294,0.232194,14,64522
8295,0.195318,11,64533
8296,0.089179,5,64538
8297,0.394762,24,64562
8298,0.129212,7,64569
8299,0.185416,10,64579
8300,0.208018,11,64590
8301,0.218191,13,64603
8302,0.136907,8,64611
8303,0.080526,7,64618
8304,0.051379,3,64621
8305,0.17039,9,64630
8306,0.245701,13,64643
8307,0.176548,10,64653
8308,0.255616,15,64668
8309,0.259205,14,64682
8310,0.160589,9,64691
8311,0.07132,4,64695
8312,0.1797,10,64705
8313,0.190654,11,64716
8314,0.122686,7,64723
8315,0.136768,8,64731
8316,0.094042,5,64736
8317,0.164739,10,64746
8318,0.39427,25,64771
8319,0.127528,7,64778
8320,0.224149,13,64791
8321,0.297365,17,64808
8322,0.087242,5,64813
8323,0.193751,12,64825
8324,0.077152,4,64829
8325,0.288103,16,64845
8326,0.145506,8,64853
8327,0.249964,15,64868
8328,0.054979,3,64871
8329,0.111488,8,64879
8330,0.172647,11,64890
8331,0.173358,10,64900
8332,0.095483,5,64905
8333,0.086037,5,64910
8334,0.190804,10,64920
8335,0.150418,8,64928
8336,0.142745,8,64936
8337,0.206426,11,64947
8338,0.251375,14,64961
8339,0.128249,7,64968
8340,0.109423,6,64974
8341,0.13062,7,64981
8342,0.1802,10,64991
8343,0.172678,10,65001
8344,0.070225,4,65005
8345,0.175053,10,65015
8346,0.153641,9,65024
8347,0.215725,12,65036
8348,0.173384,9,65045
8349,0.15275,8,65053
8350,0.180217,10,65063
8351,0.259795,15,65078
8352,0.070511,4,65082
8353,0.152189,8,65090
8354,0.16213,9,65099
8355,0.129685,7,65106
8356,0.077872,4,65110
8357,0.144239,8,65118
8358,0.159812,9,65127
8359,0.157046,9,65136
8360,0.07003,4,65140
8361,0.233128,14,65154
8362,0.091063,5,65159
8363,0.204353,12,65171
8364,0.380965,22,65193
8365,0.230012,15,65208
8366,0.287733,18,65226
8367,0.12974,8,65234
8368,0.432379,25,65259
8369,0.050444,3,65262
8370,0.23751,13,65275
8371,0.087599,5,65280
8372,0.015644,1,65281
8373,0.10963,6,65287
8374,0.188003,10,65297
8375,0.191771,11,65308
8376,0.07827,4,65312
8377,0.127586,8,65320
8378,0.150296,10,65330
8379,0.196201,11,65341
8380,0.127376,7,65348
8381,0.193182,11,65359
8382,0.298443,20,65379
8383,0.18325,11,65390
8384,0.118777,7,65397
8385,0.020881,1,65398
8386,0.110587,6,65404
8387,0.198444,11,65415
8388,0.164704,9,65424
8389,0.145385,8,65432
8390,0.146107,8,65440
8391,0.247251,13,65453
8392,0.165551,9,65462
8393,0.19763,11,65473
8394,0.148736,8,65481
8395,0.189131,11,65492
8396,0.231437,13,65505
8397,0.251064,16,65521
8398,0.120179,8,65529
8399,0.189617,12,65541
8400,0.08539,5,65546
8401,0.303475,22,65568
8402,0.019843,1,65569
8403,0.182614,11,65580
8404,0.135652,11,65591
8405,0.162502,9,65600
8406,0.075924,4,65604
8407,0.165996,9,65613
8408,0.141116,8,65621
8409,0.084721,5,65626
8410,0.18065,11,65637
8411,0.337107,21,65658
8412,0.121624,7,65665
8413,0.354764,20,65685
8414,0.144676,8,65693
8415,0.156378,9,65702
8416,0.127389,7,65709
8417,0.159669,9,65718
8418,0.264161,16,65734
8419,0.29104,20,65754
8420,0.301389,17,65771
8421,0.018397,1,65772
8422,0.325145,18,65790
8423,0.255588,15,65805
8424,0.377304,21,65826
8425,0.219262,14,65840
8426,0.181811,11,65851
8427,0.15664,9,65860
8428,0.289834,16,65876
8429,0.192043,11,65887
8430,0.111535,6,65893
8431,0.11886,7,65900
8432,0.111281,6,65906
8433,0.242931,15,65921
8434,0.220842,13,65934
8435,0.092791,5,65939
8436,0.110784,6,65945
8437,0.335594,21,65966
8438,0.083554,5,65971
8439,0.105663,6,65977
8440,0.197844,11,65988
8441,0.148224,8,65996
8442,0.105895,6,66002
8443,0.21225,12,66014
8444,0.261201,14,66028
8445,0.235369,13,66041
8446,0.2327,13,66054
8447,0.164782,11,66065
8448,0.111974,6,66071
8449,0.12163,7,66078
8450,0.178646,10,66088
8451,0.058568,3,66091
8452,0.332101,18,66109
8453,0.180618,10,66119
8454,0.035859,2,66121
8455,0.204228,11,66132
8456,0.170539,10,66142
8457,0.143771,9,66151
8458,0.26523,15,66166
8459,0.430145,27,66193
8460,0.184961,10,66203
8461,0.176819,10,66213
8462,0.120659,7,66220
8463,0.10753,6,66226
8464,0.029214,2,66228
8465,0.16011,9,66237
8466,0.262155,15,66252
8467,0.187441,10,66262
8468,0.230345,13,66275
8469,0.131523,8,66283
8470,0.248347,13,66296
8471,0.124949,7,66303
8472,0.128906,7,66310
8473,0.088271,5,66315
8474,0.210772,12,66327
8475,0.138964,8,66335
8476,0.151785,12,66347
8477,0.181414,11,66358
8478,0.162624,9,66367
8479,0.187917,12,66379
8480,0.129583,8,66387
8481,0.207746,13,66400
8482,0.11546,7,66407
8483,0.180991,10,66417
8484,0.152998,9,66426
8485,0.018688,1,66427
8486,0.21126,12,66439
8487,0.108121,6,66445
8488,0.250724,15,66460
8489,0.2039,11,66471
8490,0.130004,7,66478
8491,0.131984,7,66485
8492,0.076914,4,66489
8493,0.171722,10,66499
8494,0.161316,9,66508
8495,0.156654,9,66517
8496,0.111898,6,66523
8497,0.323661,20,66543
8498,0.070163,4,66547
8499,0.020339,1,66548
8500,0.280522,27,66575
8501,0.186872,11,66586
8502,0.077265,5,66591
8503,0.236347,13,66604
8504,0.191412,12,66616
8505,0.272992,15,66631
8506,0.12657,7,66638
8507,0.170981,9,66647
8508,0.09607,5,66652
8509,0.293704,17,66669
8510,0.160102,9,66678
8511,0.125547,7,66685
8512,0.144285,8,66693
8513,0.164919,10,66703
8514,0.336664,18,66721
8515,0.198215,11,66732
8516,0.128133,7,66739
8517,0.501356,32,66771
8518,0.187162,11,66782
8519,0.039279,2,66784
8520,0.110516,6,66790
8521,0.140245,8,66798
8522,0.214338,13,66811
8523,0.248369,14,66825
8524,0.158945,9,66834
8525,0.277186,16,66850
8526,0.129617,7,66857
8527,0.209293,11,66868
8528,0.11325,6,66874
8529,0.087012,5,66879
8530,0.083627,6,66885
8531,0.183049,10,66895
8532,0.180723,12,66907
8533,0.122752,7,66914
8534,0.038341,2,66916
8535,0.158891,9,66925
8536,0.107882,6,66931
8537,0.123313,8,66939
8538,0.074713,4,66943
8539,0.414251,23,66966
8540,0.186354,11,66977
8541,0.19591,11,66988
8542,0.018864,1,66989
8543,0.153756,9,66998
8544,0.147836,8,67006
8545,0.185676,10,67016
8546,0.198974,11,67027
8547,0.266124,17,67044
8548,0.147341,8,67052
8549,0.16243,9,67061
8550,0.017703,1,67062
8551,0.211668,12,67074
8552,0.47322,28,67102
8553,0.127628,7,67109
8554,0.095626,5,67114
8555,0.185324,13,67127
8556,0.230211,14,67141
8557,0.299491,25,67166
8558,0.249947,15,67181
8559,0.090051,5,67186
8560,0.21377,12,67198
8561,0.27809,15,67213
8562,0.262582,15,67228
8563,0.221766,13,67241
8564,0.087393,5,67246
8565,0.187248,10,67256
8566,0.266596,16,67272
8567,0.198927,11,67283
8568,0.186983,10,67293
8569,0.177208,10,67303
8570,0.075203,4,67307
8571,0.272107,15,67322
8572,0.146676,8,67330
8573,0.090393,5,67335
8574,0.148625,8,67343
8575,0.16312,9,67352
8576,0.136342,8,67360
8577,0.019191,1,67361
8578,0.127858,8,67369
8579,0.171199,10,67379
8580,0.165759,9,67388
8581,0.283294,17,67405
8582,0.131234,7,67412
8583,0.365138,20,67432
8584,0.26977,15,67447
8585,0.21931,12,67459
8586,0.138968,8,67467
8587,0.137414,8,67475
8588,0.13024,7,67482
8589,0.268216,15,67497
8590,0.158516,14,67511
8591,0.229855,13,67524
8592,0.185451,10,67534
8593,0.093556,5,67539
8594,0.019928,1,67540
8595,0.106262,6,67546
8596,0.237009,15,67561
8597,0.090175,5,67566
8598,0.439339,26,67592
8599,0.157648,9,67601
8600,0.191168,10,67611
8601,0.148562,8,67619
8602,0.140476,8,67627
8603,0.164715,9,67636
8604,0.234466,13,67649
8605,0.220533,13,67662
8606,0.418985,23,67685
8607,0.173295,10,67695
8608,0.102159,7,67702
8609,0.173641,11,67713
8610,0.139973,9,67722
8611,0.071415,4,67726
8612,0.230361,13,67739
8613,0.217743,14,67753
8614,0.091446,5,67758
8615,0.242285,13,67771
8616,0.09468,5,67776
8617,0.304121,16,67792
8618,0.164256,9,67801
8619,0.166512,10,67811
8620,0.038676,2,67813
8621,0.220453,12,67825
8622,0.151566,9,67834
8623,0.307981,17,67851
8624,0.398988,26,67877
8625,0.17747,10,67887
8626,0.408817,24,67911
8627,0.325801,19,67930
8628,0.131517,7,67937
8629,0.361894,20,67957
8630,0.260971,14,67971
8631,0.157646,9,67980
8632,0.111932,6,67986
8633,0.129189,9,67995
8634,0.01551,1,67996
8635,0.049636,3,67999
8636,0.093651,5,68004
8637,0.394939,22,68026
8638,0.126406,7,68033
8639,0.129061,7,68040
8640,0.250986,14,68054
8641,0.145371,8,68062
8642,0.243616,15,68077
8643,0.229476,13,68090
8644,0.057196,3,68093
8645,0.125254,7,68100
8646,0.231666,14,68114
8647,0.23982,14,68128
8648,0.019392,1,68129
8649,0.194038,11,68140
8650,0.231126,13,68153
8651,0.073198,4,68157
8652,0.133207,7,68164
8653,0.199382,12,68176
8654,0.185413,13,68189
8655,0.278802,17,68206
8656,0.070652,4,68210
8657,0.08807,5,68215
8658,0.192171,11,68226
8659,0.219402,13,68239
8660,0.171772,10,68249
8661,0.077247,5,68254
8662,0.155874,11,68265
8663,0.272119,16,68281
8664,0.29801,19,68300
8665,0.19925,11,68311
8666,0.193054,12,68323
8667,0.129959,7,68330
8668,0.174526,10,68340
8669,0.249636,15,68355
8670,0.101014,6,68361
8671,0.172122,10,68371
8672,0.189567,12,68383
8673,0.127834,7,68390
8674,0.107996,6,68396
8675,0.184645,10,68406
8676,0.134692,8,68414
8677,0.237389,15,68429
8678,0.114379,6,68435
8679,0.111996,7,68442
8680,0.330079,18,68460
8681,0.149169,8,68468
8682,0.138942,8,68476
8683,0.245661,14,68490
8684,0.157662,9,68499
8685,0.247729,14,68513
8686,0.156082,9,68522
8687,0.139273,8,68530
8688,0.154287,9,68539
8689,0.128724,7,68546
8690,0.195545,11,68557
8691,0.204944,12,68569
8692,0.126289,7,68576
8693,0.317384,17,68593
8694,0.273758,15,68608
8695,0.078122,5,68613
8696,0.115761,6,68619
8697,0.161132,10,68629
8698,0.151401,9,68638
8699,0.086122,5,68643
8700,0.207849,12,68655
8701,0.109932,7,68662
8702,0.257257,14,68676
8703,0.142183,8,68684
8704,0.221983,13,68697
8705,0.191168,11,68708
8706,0.402581,23,68731
8707,0.257301,15,68746
8708,0.137961,8,68754
8709,0.159908,9,68763
8710,0.328972,19,68782
8711,0.162793,10,68792
8712,0.175572,10,68802
8713,0.196696,12,68814
8714,0.058484,4,68818
8715,0.198086,11,68829
8716,0.31414,18,68847
8717,0.019951,1,68848
8718,0.38676,21,68869
8719,0.089399,5,68874
8720,0.331406,20,68894
8721,0.079858,5,68899
8722,0.019021,1,68900
8723,0.111686,6,68906
8724,0.325891,24,68930
8725,0.259511,16,68946
8726,0.077685,4,68950
8727,0.132445,8,68958
8728,0.351319,19,68977
8729,0.176859,10,68987
8730,0.288206,16,69003
8731,0.157487,9,69012
8732,0.240542,14,69026
8733,0.509082,32,69058
8734,0.098039,6,69064
8735,0.142869,9,69073
8736,0.093726,5,69078
8737,0.100928,7,69085
8738,0.10989,6,69091
8739,0.288872,16,69107
8740,0.116474,7,69114
8741,0.216438,12,69126
8742,0.408856,23,69149
8743,0.205069,11,69160
8744,0.142087,9,69169
8745,0.163081,9,69178
8746,0.183294,10,69188
8747,0.107637,6,69194
8748,0.165635,11,69205
8749,0.104275,6,69211
8750,0.275775,15,69226
8751,0.182766,10,69236
8752,0.160923,9,69245
8753,0.09181,5,69250
8754,0.164645,12,69262
8755,0.076315,4,69266
8756,0.292266,16,69282
8757,0.092294,5,69287
8758,0.103299,6,69293
8759,0.197819,11,69304
8760,0.152857,9,69313
8761,0.179912,10,69323
8762,0.171566,9,69332
8763,0.150634,10,69342
8764,0.118961,7,69349
8765,0.53185,29,69378
8766,0.107928,6,69384
8767,0.24261,14,69398
8768,0.390808,26,69424
8769,0.250791,16,69440
8770,0.182133,10,69450
8771,0.313747,17,69467
8772,0.094831,5,69472
8773,0.109194,6,69478
8774,0.235149,14,69492
8775,0.229387,14,69506
8776,0.215349,12,69518
8777,0.219741,14,69532
8778,0.058475,3,69535
8779,0.12969,7,69542
8780,0.111774,6,69548
8781,0.122237,7,69555
8782,0.252253,14,69569
8783,0.125143,8,69577
8784,0.296724,16,69593
8785,0.19997,11,69604
8786,0.150922,8,69612
8787,0.11266,7,69619
8788,0.248394,16,69635
8789,0.106159,6,69641
8790,0.217298,12,69653
8791,0.137809,8,69661
8792,0.127774,7,69668
8793,0.148567,9,69677
8794,0.109779,6,69683
8795,0.400718,22,69705
8796,0.039668,2,69707
8797,0.398412,28,69735
8798,0.110947,6,69741
8799,0.056175,3,69744
8800,0.180503,11,69755
8801,0.112395,7,69762
8802,0.058667,3,69765
8803,0.183303,12,69777
8804,0.481764,27,69804
8805,0.179323,10,69814
8806,0.11524,6,69820
8807,0.15609,9,69829
8808,0.075972,4,69833
8809,0.331325,19,69852
8810,0.11488,6,69858
8811,0.178842,10,69868
8812,0.438261,24,69892
8813,0.20933,12,69904
8814,0.155619,9,69913
8815,0.20503,12,69925
8816,0.163661,10,69935
8817,0.115037,6,69941
8818,0.176873,11,69952
8819,0.202249,13,69965
8820,0.33041,25,69990
8821,0.308344,18,70008
8822,0.097814,5,70013
8823,0.094496,5,70018
8824,0.113178,8,70026
8825,0.165025,9,70035
8826,0.105053,6,70041
8827,0.227989,14,70055
8828,0.657257,36,70091
8829,0.192346,11,70102
8830,0.114198,6,70108
8831,0.21086,12,70120
8832,0.163068,9,70129
8833,0.082665,5,70134
8834,0.075111,4,70138
8835,0.472279,26,70164
8836,0.33675,18,70182
8837,0.255278,14,70196
8838,0.225075,12,70208
8839,0.095428,5,70213
8840,0.148396,10,70223
8841,0.141795,8,70231
8842,0.159732,9,70240
8843,0.152486,9,70249
8844,0.12618,7,70256
8845,0.127704,7,70263
8846,0.244493,13,70276
8847,0.270856,16,70292
8848,0.281025,16,70308
8849,0.150612,8,70316
8850,0.104434,7,70323
8851,0.256071,15,70338
8852,0.128402,7,70345
8853,0.210635,12,70357
8854,0.10328,6,70363
8855,0.21284,14,70377
8856,0.079902,5,70382
8857,0.135529,9,70391
8858,0.316248,22,70413
8859,0.205946,12,70425
8860,0.201805,11,70436
8861,0.127891,8,70444
8862,0.317979,19,70463
8863,0.215272,13,70476
8864,0.183649,10,70486
8865,0.036225,2,70488
8866,0.159039,10,70498
8867,0.130214,7,70505
8868,0.088864,5,70510
8869,0.16435,10,70520
8870,0.224972,13,70533
8871,0.093975,6,70539
8872,0.152331,8,70547
8873,0.226183,12,70559
8874,0.049585,3,70562
8875,0.113049,6,70568
8876,0.165753,10,70578
8877,0.491787,28,70606
8878,0.205647,13,70619
8879,0.170542,13,70632
8880,0.100906,6,70638
8881,0.077166,5,70643
8882,0.26124,15,70658
8883,0.145347,8,70666
8884,0.203564,13,70679
8885,0.318568,19,70698
8886,0.282659,16,70714
8887,0.189906,11,70725
8888,0.202285,12,70737
8889,0.174533,10,70747
8890,0.239019,14,70761
8891,0.370877,20,70781
8892,0.135136,8,70789
8893,0.05144,3,70792
8894,0.135099,8,70800
8895,0.142363,8,70808
8896,0.602499,34,70842
8897,0.177135,11,70853
8898,0.25235,16,70869
8899,0.147915,8,70877
8900,0.257062,14,70891
8901,0.222096,13,70904
8902,0.106344,6,70910
8903,0.158657,9,70919
8904,0.147649,8,70927
8905,0.212264,14,70941
8906,0.142344,8,70949
8907,0.123079,7,70956
8908,0.020064,1,70957
8909,0.176038,10,70967
8910,0.110792,6,70973
8911,0.360791,20,70993
8912,0.224628,13,71006
8913,0.263941,15,71021
8914,0.142796,8,71029
8915,0.331251,23,71052
8916,0.217262,15,71067
8917,0.111839,6,71073
8918,0.104884,6,71079
8919,0.147009,8,71087
8920,0.274556,15,71102
8921,0.273693,15,71117
8922,0.125123,7,71124
8923,0.127812,7,71131
8924,0.111121,6,71137
8925,0.077479,4,71141
8926,0.130751,7,71148
8927,0.28096,15,71163
8928,0.333982,24,71187
8929,0.122809,7,71194
8930,0.168479,11,71205
8931,0.150792,9,71214
8932,0.130703,8,71222
8933,0.453795,25,71247
8934,0.280586,16,71263
8935,0.16556,10,71273
8936,0.223307,12,71285
8937,0.154994,9,71294
8938,0.123862,8,71302
8939,0.110983,6,71308
8940,0.187874,12,71320
8941,0.112704,6,71326
8942,0.125945,7,71333
8943,0.230393,13,71346
8944,0.082482,5,71351
8945,0.12741,7,71358
8946,0.12539,9,71367
8947,0.180932,10,71377
8948,0.288602,21,71398
8949,0.182702,10,71408
8950,0.231099,13,71421
8951,0.112647,6,71427
8952,0.121579,7,71434
8953,0.239226,13,71447
8954,0.176124,11,71458
8955,0.115497,7,71465
8956,0.185178,10,71475
8957,0.156862,9,71484
8958,0.019889,1,71485
8959,0.282902,15,71500
8960,0.121373,8,71508
8961,0.282125,15,71523
8962,0.206752,12,71535
8963,0.14226,8,71543
8964,0.20906,12,71555
8965,0.124462,7,71562
8966,0.170142,10,71572
8967,0.103097,6,71578
8968,0.175027,10,71588
8969,0.16089,9,71597
8970,0.202618,26,71623
8971,0.320055,18,71641
8972,0.164047,12,71653
8973,0.128337,7,71660
8974,0.110882,6,71666
8975,0.092025,5,71671
8976,0.255968,14,71685
8977,0.178931,12,71697
8978,0.124493,8,71705
8979,0.156036,9,71714
8980,0.539646,53,71767
8981,0.24637,14,71781
8982,0.021085,1,71782
8983,0.127319,7,71789
8984,0.114791,6,71795
8985,0.226884,13,71808
8986,0.534608,29,71837
8987,0.092228,5,71842
8988,0.168419,10,71852
8989,0.190109,11,71863
8990,-0.064989,20,71883
8991,0.183982,10,71893
8992,0.225904,13,71906
8993,0.145196,8,71914
8994,0.358173,20,71934
8995,0.157432,9,71943
8996,0.262783,16,71959
8997,0.274843,16,71975
8998,0.019342,1,71976
8999,0.110916,6,71982
9000,0.412136,22,72004
9001,0.235067,13,72017
9002,0.213328,13,72030
9003,0.279077,15,72045
9004,0.113239,8,72053
9005,0.205673,11,72064
9006,0.210546,12,72076
9007,0.169379,10,72086
9008,0.157928,9,72095
9009,0.160986,9,72104
9010,0.100099,6,72110
9011,0.147032,9,72119
9012,0.235243,14,72133
9013,0.454531,26,72159
9014,0.175744,10,72169
9015,0.258979,15,72184
9016,0.190465,10,72194
9017,0.146345,8,72202
9018,0.190072,11,72213
9019,0.210645,12,72225
9020,0.144717,8,72233
9021,0.139991,8,72241
9022,0.01933,1,72242
9023,0.154784,9,72251
9024,0.131586,8,72259
9025,0.11116,6,72265
9026,0.015894,1,72266
9027,0.019594,1,72267
9028,0.146168,9,72276
9029,0.268164,16,72292
9030,0.156696,9,72301
9031,0.454866,26,72327
9032,0.288279,16,72343
9033,0.073064,4,72347
9034,0.019731,1,72348
9035,0.112676,6,72354
9036,0.157037,9,72363
9037,0.197217,12,72375
9038,0.297071,17,72392
9039,0.270433,15,72407
9040,0.179678,12,72419
9041,0.145809,9,72428
9042,0.123732,7,72435
9043,0.168951,10,72445
9044,0.17647,11,72456
9045,0.13904,8,72464
9046,0.438937,29,72493
9047,0.186953,12,72505
9048,0.171682,10,72515
9049,0.101557,6,72521
9050,0.249583,16,72537
9051,0.131546,10,72547
9052,0.115908,7,72554
9053,0.109579,6,72560
9054,0.148613,8,72568
9055,0.19655,11,72579
9056,0.016865,1,72580
9057,0.136484,8,72588
9058,0.081746,5,72593
9059,0.095085,5,72598
9060,0.472185,26,72624
9061,0.269202,16,72640
9062,0.089284,5,72645
9063,0.608215,33,72678
9064,0.036494,2,72680
9065,0.199776,11,72691
9066,0.179878,10,72701
9067,0.118594,7,72708
9068,0.126006,7,72715
9069,0.100846,6,72721
9070,0.348191,19,72740
9071,0.103159,6,72746
9072,0.192394,11,72757
9073,0.239193,13,72770
9074,0.158274,9,72779
9075,0.206572,14,72793
9076,0.018169,1,72794
9077,0.113305,6,72800
9078,0.121859,9,72809
9079,0.090801,6,72815
9080,0.101946,6,72821
9081,0.168294,9,72830
9082,0.094693,5,72835
9083,0.122981,7,72842
9084,0.089225,5,72847
9085,0.296252,17,72864
9086,0.204222,13,72877
9087,0.14633,8,72885
9088,0.106359,6,72891
9089,0.245017,14,72905
9090,0.020301,1,72906
9091,0.286029,17,72923
9092,0.090992,5,72928
9093,0.354699,20,72948
9094,0.24336,17,72965
9095,0.216714,14,72979
9096,0.259034,21,73000
9097,0.163064,9,73009
9098,0.016259,1,73010
9099,0.296266,16,73026
9100,0.202012,11,73037
9101,0.242094,14,73051
9102,0.166764,9,73060
9103,0.108442,6,73066
9104,0.271827,15,73081
9105,0.179511,10,73091
9106,0.019691,1,73092
9107,0.142539,8,73100
9108,0.215802,13,73113
9109,0.195445,11,73124
9110,0.14259,8,73132
9111,0.094722,5,73137
9112,0.319461,18,73155
9113,0.203796,15,73170
9114,0.132573,7,73177
9115,0.020104,1,73178
9116,0.194401,11,73189
9117,0.15096,9,73198
9118,0.163388,9,73207
9119,0.13866,8,73215
9120,0.257142,14,73229
9121,0.246985,14,73243
9122,0.262388,14,73257
9123,0.091901,5,73262
9124,0.178309,10,73272
9125,0.092251,5,73277
9126,0.405964,23,73300
9127,0.109639,6,73306
9128,0.106238,7,73313
9129,0.185723,10,73323
9130,0.201138,11,73334
9131,0.182416,10,73344
9132,0.156656,9,73353
9133,0.068974,4,73357
9134,0.017046,1,73358
9135,0.154989,11,73369
9136,0.260791,17,73386
9137,0.086596,5,73391
9138,0.176147,10,73401
9139,0.290253,16,73417
9140,0.318498,19,73436
9141,0.178982,11,73447
9142,0.434334,27,73474
9143,0.019677,1,73475
9144,0.254182,16,73491
9145,0.099502,6,73497
9146,0.072461,4,73501
9147,0.017684,1,73502
9148,0.319006,18,73520
9149,0.294345,16,73536
9150,0.302788,18,73554
9151,0.174316,9,73563
9152,0.138357,8,73571
9153,0.14336,8,73579
9154,0.241246,13,73592
9155,0.232797,14,73606
9156,0.160437,9,73615
9157,0.019925,1,73616
9158,0.259066,14,73630
9159,0.131163,7,73637
9160,0.135602,8,73645
9161,0.091861,5,73650
9162,0.118823,7,73657
9163,0.118451,7,73664
9164,0.145035,8,73672
9165,0.141151,8,73680
9166,0.206104,12,73692
9167,0.132782,8,73700
9168,0.224631,13,73713
9169,0.368562,21,73734
9170,0.119102,8,73742
9171,0.016115,1,73743
9172,0.181655,10,73753
9173,0.113382,6,73759
9174,0.108349,6,73765
9175,0.128035,7,73772
9176,0.344945,19,73791
9177,0.056962,3,73794
9178,0.090454,5,73799
9179,0.224273,13,73812
9180,0.148627,8,73820
9181,0.017385,1,73821
9182,0.162201,9,73830
9183,0.186636,10,73840
9184,0.403577,23,73863
9185,0.111881,6,73869
9186,0.142459,8,73877
9187,0.085784,5,73882
9188,0.136436,7,73889
9189,0.372437,23,73912
9190,0.436451,24,73936
9191,0.270144,16,73952
9192,0.089352,5,73957
9193,0.128633,8,73965
9194,0.146394,8,73973
9195,0.162113,9,73982
9196,0.238828,16,73998
9197,0.144864,9,74007
9198,0.208531,13,74020
9199,0.164534,9,74029
9200,0.127157,8,74037
9201,0.273998,15,74052
9202,0.147544,9,74061
9203,0.151834,8,74069
9204,0.105841,7,74076
9205,0.172192,10,74086
9206,0.227881,12,74098
9207,0.104813,6,74104
9208,0.093103,5,74109
9209,0.098785,6,74115
9210,0.228598,13,74128
9211,0.126575,7,74135
9212,0.199636,11,74146
9213,0.119998,7,74153
9214,0.130427,8,74161
9215,0.16382,11,74172
9216,0.26969,15,74187
9217,0.110537,6,74193
9218,0.109634,6,74199
9219,0.240679,14,74213
9220,0.014119,1,74214
9221,0.112144,7,74221
9222,0.255419,15,74236
9223,0.171393,10,74246
9224,0.33325,18,74264
9225,0.197949,13,74277
9226,0.25193,14,74291
9227,0.017622,1,74292
9228,0.284191,17,74309
9229,0.296837,18,74327
9230,0.174202,10,74337
9231,0.115823,6,74343
9232,0.019994,1,74344
9233,0.109179,6,74350
9234,0.020485,1,74351
9235,0.19891,11,74362
9236,0.250846,14,74376
9237,0.305501,17,74393
9238,0.328544,18,74411
9239,0.36471,21,74432
9240,0.018881,1,74433
9241,0.117715,7,74440
9242,0.162398,9,74449
9243,0.226753,14,74463
9244,0.171373,10,74473
9245,0.226598,13,74486
9246,0.199899,11,74497
9247,0.05786,3,74500
9248,0.320897,18,74518
9249,0.147353,8,74526
9250,0.16394,9,74535
9251,0.358969,21,74556
9252,0.199636,13,74569
9253,0.299739,16,74585
9254,0.143875,8,74593
9255,0.017934,1,74594
9256,0.228236,17,74611
9257,0.24626,14,74625
9258,0.132639,8,74633
9259,0.219816,12,74645
9260,0.243653,14,74659
9261,0.144754,8,74667
9262,0.158968,9,74676
9263,0.15608,9,74685
9264,0.214235,12,74697
9265,0.174449,10,74707
9266,0.087492,6,74713
9267,0.198807,12,74725
9268,0.149343,8,74733
9269,0.109008,6,74739
9270,0.037461,2,74741
9271,0.270816,17,74758
9272,0.184442,10,74768
9273,0.237198,14,74782
9274,0.019964,1,74783
9275,0.195464,12,74795
9276,0.018399,1,74796
9277,0.196828,11,74807
9278,0.112576,6,74813
9279,0.126871,7,74820
9280,0.145503,9,74829
9281,0.128991,7,74836
9282,0.134033,7,74843
9283,0.18707,10,74853
9284,0.149461,8,74861
9285,0.298665,16,74877
9286,0.334873,20,74897
9287,0.527915,29,74926
9288,0.185403,11,74937
9289,0.214923,12,74949
9290,0.185961,10,74959
9291,0.282386,16,74975
9292,0.160479,10,74985
9293,0.248056,15,75000
9294,0.172124,10,75010
9295,0.181046,10,75020
9296,0.156257,9,75029
9297,0.482057,28,75057
9298,0.085123,5,75062
9299,0.093853,5,75067
9300,0.536392,30,75097
9301,0.058186,3,75100
9302,0.187817,11,75111
9303,0.200021,12,75123
9304,0.329708,19,75142
9305,0.165987,10,75152
9306,0.148739,8,75160
9307,0.213648,13,75173
9308,0.108378,6,75179
9309,0.164974,9,75188
9310,0.141319,8,75196
9311,0.125908,7,75203
9312,0.111636,6,75209
9313,0.179552,10,75219
9314,0.097928,6,75225
9315,0.208593,11,75236
9316,0.196629,11,75247
9317,0.209524,13,75260
9318,0.152837,8,75268
9319,0.399649,27,75295
9320,0.158153,9,75304
9321,0.134366,8,75312
9322,0.096997,5,75317
9323,0.13254,8,75325
9324,0.108601,6,75331
9325,0.211197,12,75343
9326,0.187874,11,75354
9327,0.095249,5,75359
9328,0.143752,8,75367
9329,0.05432,3,75370
9330,0.112344,6,75376
9331,0.15131,10,75386
9332,0.259675,14,75400
9333,0.165209,10,75410
9334,0.119571,7,75417
9335,0.129954,7,75424
9336,0.219641,14,75438
9337,0.019471,1,75439
9338,0.274294,15,75454
9339,0.113142,7,75461
9340,0.111675,7,75468
9341,0.075785,4,75472
9342,0.116553,7,75479
9343,0.169108,9,75488
9344,0.219107,13,75501
9345,0.179191,10,75511
9346,0.077502,4,75515
9347,0.449049,26,75541
9348,0.172491,10,75551
9349,0.147998,9,75560
9350,0.143022,9,75569
9351,0.274067,17,75586
9352,0.185555,11,75597
9353,0.123819,7,75604
9354,0.163162,9,75613
9355,0.27394,15,75628
9356,0.145106,8,75636
9357,0.458431,28,75664
9358,0.118145,7,75671
9359,0.095541,5,75676
9360,0.185376,10,75686
9361,0.020577,1,75687
9362,0.017217,1,75688
9363,0.117274,7,75695
9364,0.300888,17,75712
9365,0.113655,7,75719
9366,0.127519,7,75726
9367,0.157259,9,75735
9368,0.07675,4,75739
9369,0.181807,10,75749
9370,0.144446,9,75758
9371,0.191473,12,75770
9372,0.126261,7,75777
9373,0.070728,4,75781
9374,0.247369,14,75795
9375,0.524868,29,75824
9376,0.464572,26,75850
9377,0.249583,15,75865
9378,0.104137,6,75871
9379,0.104325,6,75877
9380,0.190447,10,75887
9381,0.196215,11,75898
9382,0.385678,28,75926
9383,0.01914,1,75927
9384,0.127016,7,75934
9385,0.240776,14,75948
9386,0.184704,12,75960
9387,0.261039,14,75974
9388,0.133679,10,75984
9389,0.108143,6,75990
9390,0.106944,6,75996
9391,0.179908,10,76006
9392,0.202922,12,76018
9393,0.276934,19,76037
9394,0.291651,19,76056
9395,0.211167,12,76068
9396,0.121036,7,76075
9397,0.44522,34,76109
9398,0.103919,6,76115
9399,0.196829,11,76126
9400,0.385371,23,76149
9401,0.13533,8,76157
9402,0.471113,31,76188
9403,0.09291,5,76193
9404,0.217732,12,76205
9405,0.182182,10,76215
9406,0.150245,9,76224
9407,0.260271,15,76239
9408,0.30809,17,76256
9409,0.176554,10,76266
9410,0.207353,12,76278
9411,0.133835,7,76285
9412,0.140433,10,76295
9413,0.089208,5,76300
9414,0.141768,8,76308
9415,0.210388,14,76322
9416,0.320787,19,76341
9417,0.178998,10,76351
9418,0.167499,9,76360
9419,0.41483,28,76388
9420,0.2809,16,76404
9421,0.054977,3,76407
9422,0.164276,9,76416
9423,0.206775,12,76428
9424,0.26615,15,76443
9425,0.088806,5,76448
9426,0.198621,11,76459
9427,0.155186,9,76468
9428,0.258637,14,76482
9429,0.131744,7,76489
9430,0.255473,16,76505
9431,0.156655,10,76515
9432,0.143591,8,76523
9433,0.377855,24,76547
9434,0.576701,33,76580
9435,0.167201,10,76590
9436,0.057519,3,76593
9437,0.158537,9,76602
9438,0.177373,10,76612
9439,0.452333,28,76640
9440,0.188429,11,76651
9441,0.126691,7,76658
9442,0.158449,11,76669
9443,0.162484,10,76679
9444,0.039884,2,76681
9445,0.144507,8,76689
9446,0.174326,10,76699
9447,0.319711,23,76722
9448,0.019481,1,76723
9449,0.283641,17,76740
9450,0.185079,13,76753
9451,0.076566,4,76757
9452,0.130453,7,76764
9453,0.42846,26,76790
9454,0.227495,17,76807
9455,0.160711,9,76816
9456,0.075309,4,76820
9457,0.225886,14,76834
9458,0.216809,12,76846
9459,0.019759,1,76847
9460,0.220668,12,76859
9461,0.147955,8,76867
9462,0.19569,11,76878
9463,0.257507,15,76893
9464,0.341077,21,76914
9465,0.118948,7,76921
9466,0.174776,10,76931
9467,0.496581,29,76960
9468,0.167973,9,76969
9469,0.447741,27,76996
9470,0.355377,21,77017
9471,0.05353,3,77020
9472,0.208005,12,77032
9473,0.205031,11,77043
9474,0.274208,17,77060
9475,0.203609,13,77073
9476,0.161884,9,77082
9477,0.240305,14,77096
9478,0.110482,6,77102
9479,0.12665,7,77109
9480,0.095211,5,77114
9481,0.076817,4,77118
9482,0.480986,27,77145
9483,0.362814,21,77166
9484,0.212783,12,77178
9485,0.207342,12,77190
9486,0.093216,5,77195
9487,0.271295,15,77210
9488,0.309806,22,77232
9489,0.021811,1,77233
9490,0.303026,18,77251
9491,0.206104,11,77262
9492,0.336461,18,77280
9493,0.162351,10,77290
9494,0.019028,1,77291
9495,0.019997,1,77292
9496,0.312285,17,77309
9497,0.188647,11,77320
9498,0.393963,22,77342
9499,0.241775,14,77356
9500,0.187456,10,77366
9501,0.078203,4,77370
9502,0.296488,17,77387
9503,0.095096,5,77392
9504,0.125971,7,77399
9505,0.19987,11,77410
9506,0.191421,11,77421
9507,0.093281,7,77428
9508,0.019289,1,77429
9509,0.326581,29,77458
9510,0.112091,6,77464
9511,0.090972,6,77470
9512,0.215206,12,77482
9513,0.123204,7,77489
9514,0.152261,8,77497
9515,0.143993,8,77505
9516,0.015505,1,77506
9517,0.087722,5,77511
9518,0.158039,9,77520
9519,0.166168,9,77529
9520,0.257471,14,77543
9521,0.260493,15,77558
9522,0.177127,10,77568
9523,0.126994,7,77575
9524,0.134426,7,77582
9525,0.138689,8,77590
9526,0.188146,11,77601
9527,0.29879,17,77618
9528,0.145194,8,77626
9529,0.284896,16,77642
9530,0.126317,7,77649
9531,0.202984,12,77661
9532,0.416645,23,77684
9533,0.132217,8,77692
9534,0.355501,19,77711
9535,0.219136,12,77723
9536,0.113605,6,77729
9537,0.153867,11,77740
9538,0.094724,6,77746
9539,0.186437,10,77756
9540,0.234036,13,77769
9541,0.115949,7,77776
9542,0.186553,11,77787
9543,0.264004,15,77802
9544,0.290336,16,77818
9545,0.218698,13,77831
9546,0.206914,12,77843
9547,0.050697,3,77846
9548,0.171131,9,77855
9549,0.30461,21,77876
9550,0.115419,6,77882
9551,0.217185,12,77894
9552,0.12595,7,77901
9553,0.319002,17,77918
9554,0.105263,7,77925
9555,0.236765,15,77940
9556,0.503332,28,77968
9557,0.121079,8,77976
9558,0.138295,9,77985
9559,0.249357,14,77999
9560,0.164371,9,78008
9561,0.194902,15,78023
9562,0.162163,9,78032
9563,0.238317,15,78047
9564,0.236458,14,78061
9565,0.213211,12,78073
9566,0.091129,6,78079
9567,0.208715,12,78091
9568,0.106063,10,78101
9569,0.127823,7,78108
9570,0.018695,1,78109
9571,0.151047,8,78117
9572,0.223234,13,78130
9573,0.431571,26,78156
9574,0.144107,8,78164
9575,0.111112,6,78170
9576,0.329862,18,78188
9577,0.143135,8,78196
9578,0.125731,7,78203
9579,0.223813,12,78215
9580,0.169853,10,78225
9581,0.107809,6,78231
9582,0.109479,6,78237
9583,0.157346,9,78246
9584,0.406699,22,78268
9585,0.10335,6,78274
9586,0.12851,7,78281
9587,0.01861,1,78282
9588,0.147839,8,78290
9589,0.242269,14,78304
9590,0.250465,14,78318
9591,0.145423,8,78326
9592,0.159752,9,78335
9593,0.143693,8,78343
9594,0.141154,8,78351
9595,0.104827,6,78357
9596,0.223207,14,78371
9597,0.131119,7,78378
9598,0.144245,8,78386
9599,0.441179,25,78411
9600,0.077967,5,78416
9601,0.186246,11,78427
9602,0.0204,1,78428
9603,0.231317,13,78441
9604,0.153934,9,78450
9605,0.273194,15,78465
9606,0.239171,13,78478
9607,0.188412,11,78489
9608,0.116449,7,78496
9609,0.466495,28,78524
9610,0.431077,26,78550
9611,0.258373,14,78564
9612,0.433892,32,78596
9613,0.139482,8,78604
9614,0.095806,5,78609
9615,0.113794,6,78615
9616,0.200831,11,78626
9617,0.123111,7,78633
9618,0.173583,10,78643
9619,0.239599,13,78656
9620,0.016205,1,78657
9621,0.111163,6,78663
9622,0.193199,11,78674
9623,0.240736,13,78687
9624,0.171952,10,78697
9625,0.373763,23,78720
9626,0.141866,8,78728
9627,0.258145,16,78744
9628,0.135058,8,78752
9629,0.118486,7,78759
9630,0.205536,11,78770
9631,0.195898,11,78781
9632,0.111932,7,78788
9633,0.263176,15,78803
9634,0.017041,1,78804
9635,0.132332,7,78811
9636,0.142836,9,78820
9637,0.192226,11,78831
9638,0.021592,1,78832
9639,0.091814,5,78837
9640,0.246348,15,78852
9641,0.209141,12,78864
9642,0.097594,6,78870
9643,0.239282,14,78884
9644,0.238513,13,78897
9645,0.223687,13,78910
9646,0.506966,33,78943
9647,0.180431,10,78953
9648,0.130954,7,78960
9649,0.019483,1,78961
9650,0.230569,13,78974
9651,0.108513,8,78982
9652,0.387238,21,79003
9653,0.2263,15,79018
9654,0.265857,16,79034
9655,0.29323,19,79053
9656,0.145784,8,79061
9657,0.165498,9,79070
9658,0.33977,19,79089
9659,0.397447,22,79111
9660,0.138108,9,79120
9661,0.228234,13,79133
9662,0.129143,7,79140
9663,0.264849,16,79156
9664,0.150483,8,79164
9665,0.113237,7,79171
9666,0.258503,19,79190
9667,0.190498,11,79201
9668,0.111096,6,79207
9669,0.072032,4,79211
9670,0.269945,21,79232
9671,0.223668,12,79244
9672,0.237326,14,79258
9673,0.220368,13,79271
9674,0.308725,18,79289
9675,0.117457,7,79296
9676,0.212788,13,79309
9677,0.116186,6,79315
9678,0.241409,13,79328
9679,0.08755,5,79333
9680,0.165175,9,79342
9681,0.159729,9,79351
9682,0.226841,13,79364
9683,0.142468,9,79373
9684,0.259596,16,79389
9685,0.331695,21,79410
9686,0.241245,14,79424
9687,0.121494,7,79431
9688,0.193803,11,79442
9689,0.06548,4,79446
9690,0.058664,3,79449
9691,0.132268,7,79456
9692,0.421742,23,79479
9693,0.016852,1,79480
9694,0.180809,10,79490
9695,0.243082,14,79504
9696,0.208774,15,79519
9697,0.05875,3,79522
9698,0.2275,13,79535
9699,0.018359,1,79536
9700,0.242618,17,79553
9701,0.116498,7,79560
9702,0.130875,7,79567
9703,0.125884,7,79574
9704,0.202884,11,79585
9705,0.130629,8,79593
9706,0.233445,15,79608
9707,0.159455,10,79618
9708,0.111026,6,79624
9709,0.095977,5,79629
9710,0.136378,8,79637
9711,0.188193,10,79647
9712,0.133471,8,79655
9713,0.095655,5,79660
9714,0.320478,19,79679
9715,0.074891,4,79683
9716,0.26215,14,79697
9717,0.110287,6,79703
9718,0.239597,14,79717
9719,0.232112,13,79730
9720,0.204381,13,79743
9721,0.145296,8,79751
9722,0.142626,10,79761
9723,0.206525,13,79774
9724,0.588933,37,79811
9725,0.336204,20,79831
9726,0.069084,4,79835
9727,0.200303,11,79846
9728,0.388809,24,79870
9729,0.363358,28,79898
9730,0.19766,11,79909
9731,0.214303,12,79921
9732,0.128093,8,79929
9733,0.246124,13,79942
9734,0.095614,5,79947
9735,0.209565,13,79960
9736,0.214911,12,79972
9737,0.123879,7,79979
9738,0.293572,16,79995
9739,0.346515,19,80014
9740,0.251661,14,80028
9741,0.123612,7,80035
9742,0.317606,19,80054
9743,0.110703,6,80060
9744,0.157732,9,80069
9745,0.19653,12,80081
9746,0.109912,6,80087
9747,0.176217,10,80097
9748,0.246495,15,80112
9749,0.164407,9,80121
9750,0.331075,19,80140
9751,0.218177,13,80153
9752,0.28934,19,80172
9753,0.15198,8,80180
9754,0.076442,4,80184
9755,0.14697,8,80192
9756,0.411402,25,80217
9757,0.105003,6,80223
9758,0.137012,8,80231
9759,0.445465,27,80258
9760,0.343157,21,80279
9761,0.133283,9,80288
9762,0.132839,7,80295
9763,0.210646,12,80307
9764,0.273327,16,80323
9765,0.179552,10,80333
9766,0.083806,5,80338
9767,0.076933,4,80342
9768,0.223032,13,80355
9769,0.01951,1,80356
9770,0.221275,12,80368
9771,0.209073,12,80380
9772,0.166627,9,80389
9773,0.177145,10,80399
9774,0.173559,10,80409
9775,0.112571,7,80416
9776,0.10855,6,80422
9777,0.129138,7,80429
9778,0.172435,9,80438
9779,0.132512,11,80449
9780,0.341247,22,80471
9781,0.333529,21,80492
9782,0.313073,21,80513
9783,0.020426,1,80514
9784,0.126931,7,80521
9785,0.135115,8,80529
9786,0.126402,7,80536
9787,0.01986,1,80537
9788,0.096858,7,80544
9789,0.102551,6,80550
9790,0.236748,13,80563
9791,0.111431,6,80569
9792,0.237846,13,80582
9793,0.078066,4,80586
9794,0.379392,21,80607
9795,0.239752,15,80622
9796,0.194454,11,80633
9797,0.414745,24,80657
9798,0.204416,12,80669
9799,0.246016,14,80683
9800,0.26241,14,80697
9801,0.137739,8,80705
9802,0.051786,3,80708
9803,0.187384,11,80719
9804,0.291738,17,80736
9805,0.182121,10,80746
9806,0.229657,13,80759
9807,0.473311,27,80786
9808,0.396012,27,80813
9809,0.145996,8,80821
9810,0.057977,3,80824
9811,0.146093,8,80832
9812,0.132668,10,80842
9813,0.36134,20,80862
9814,0.308142,18,80880
9815,0.252131,15,80895
9816,0.232545,14,80909
9817,0.174652,10,80919
9818,0.234821,13,80932
9819,0.173205,10,80942
9820,0.303427,17,80959
9821,0.21674,12,80971
9822,0.093407,5,80976
9823,0.172629,10,80986
9824,0.016782,1,80987
9825,0.204052,12,80999
9826,0.12388,7,81006
9827,0.499626,27,81033
9828,0.150818,9,81042
9829,0.16399,10,81052
9830,0.16351,9,81061
9831,0.090665,5,81066
9832,0.167523,9,81075
9833,0.202511,11,81086
9834,0.164799,9,81095
9835,0.109759,6,81101
9836,0.287245,17,81118
9837,0.181792,10,81128
9838,0.177754,10,81138
9839,0.2699,15,81153
9840,0.191232,11,81164
9841,0.318902,18,81182
9842,0.221028,13,81195
9843,0.125091,7,81202
9844,0.265611,15,81217
9845,0.431982,25,81242
9846,0.018971,1,81243
9847,0.107621,6,81249
9848,0.18336,13,81262
9849,0.137625,8,81270
9850,0.095611,6,81276
9851,0.650169,39,81315
9852,0.11104,6,81321
9853,0.214318,12,81333
9854,0.201877,11,81344
9855,0.261831,15,81359
9856,0.059065,3,81362
9857,0.084796,5,81367
9858,0.12467,7,81374
9859,0.149145,8,81382
9860,0.019787,1,81383
9861,0.201399,12,81395
9862,0.338823,20,81415
9863,0.186141,12,81427
9864,0.181258,10,81437
9865,0.235041,14,81451
9866,0.094494,5,81456
9867,0.166317,9,81465
9868,0.210503,12,81477
9869,0.184052,10,81487
9870,0.17073,10,81497
9871,0.390311,25,81522
9872,0.183253,11,81533
9873,0.096213,5,81538
9874,0.216191,12,81550
9875,0.186444,11,81561
9876,0.160744,9,81570
9877,0.139847,8,81578
9878,0.216858,12,81590
9879,0.356806,22,81612
9880,0.342526,21,81633
9881,0.094763,5,81638
9882,0.01553,1,81639
9883,0.233326,13,81652
9884,0.248677,14,81666
9885,0.1755,10,81676
9886,0.129508,7,81683
9887,0.18484,10,81693
9888,0.1713,10,81703
9889,0.216444,12,81715
9890,0.363567,21,81736
9891,0.136859,8,81744
9892,0.238803,13,81757
9893,0.172455,10,81767
9894,0.355562,27,81794
9895,0.019459,1,81795
9896,0.198863,14,81809
9897,0.11852,8,81817
9898,0.226422,12,81829
9899,0.10318,6,81835
9900,0.152918,9,81844
9901,0.299812,19,81863
9902,0.096696,6,81869
9903,0.191849,12,81881
9904,0.212381,12,81893
9905,0.096599,5,81898
9906,0.335052,18,81916
9907,0.148376,9,81925
9908,0.35734,21,81946
9909,0.171165,9,81955
9910,0.100238,6,81961
9911,0.126893,8,81969
9912,0.230345,12,81981
9913,0.145154,8,81989
9914,0.319523,18,82007
9915,0.528885,35,82042
9916,0.207329,11,82053
9917,0.065736,4,82057
9918,0.338552,18,82075
9919,0.136249,8,82083
9920,0.062897,4,82087
9921,0.192997,11,82098
9922,0.232611,13,82111
9923,0.230389,13,82124
9924,0.163391,9,82133
9925,0.168473,10,82143
9926,0.143308,9,82152
9927,0.349951,19,82171
9928,0.134934,7,82178
9929,0.179136,10,82188
9930,0.076397,4,82192
9931,0.264875,15,82207
9932,0.437493,26,82233
9933,0.144687,8,82241
9934,0.157741,9,82250
9935,0.116069,6,82256
9936,0.244805,13,82269
9937,0.181523,10,82279
9938,0.127347,8,82287
9939,0.260172,14,82301
9940,0.182767,10,82311
9941,0.233229,15,82326
9942,0.272111,16,82342
9943,0.141257,8,82350
9944,0.264904,15,82365
9945,0.104683,6,82371
9946,0.076226,5,82376
9947,0.22323,13,82389
9948,0.183268,10,82399
9949,0.214916,12,82411
9950,0.125028,8,82419
9951,0.124039,7,82426
9952,0.02019,1,82427
9953,0.144851,9,82436
9954,0.210846,12,82448
9955,0.196355,11,82459
9956,0.115427,7,82466
9957,0.132932,8,82474
9958,0.226036,12,82486
9959,0.078834,4,82490
9960,0.020133,1,82491
9961,-0.114606,18,82509
9962,0.235174,13,82522
9963,0.136256,7,82529
9964,0.128455,7,82536
9965,0.164473,10,82546
9966,0.187536,11,82557
9967,0.114915,6,82563
9968,0.162196,9,82572
9969,0.074733,4,82576
9970,0.147371,8,82584
9971,0.235684,13,82597
9972,0.213519,11,82608
9973,0.273262,15,82623
9974,0.218114,12,82635
9975,0.126553,7,82642
9976,0.140348,8,82650
9977,0.236305,13,82663
9978,0.019633,1,82664
9979,0.17901,10,82674
9980,0.236434,13,82687
9981,0.137617,9,82696
9982,0.127627,7,82703
9983,0.160134,9,82712
9984,0.166027,10,82722
9985,0.407226,30,82752
9986,0.197718,11,82763
9987,0.452136,28,82791
9988,0.22027,12,82803
9989,0.296827,17,82820
9990,0.298524,16,82836
9991,0.320818,20,82856
9992,0.195949,11,82867
9993,0.287328,16,82883
9994,0.189953,11,82894
9995,0.145693,8,82902
9996,0.179861,10,82912
9997,0.158919,12,82924
9998,0.146155,9,82933
9999,0.020177,1,82934
10000,0.154737,10,82944
10001,0.29685,18,82962
10002,0.203705,11,82973
10003,0.237525,13,82986
10004,0.293612,16,83002
10005,0.125864,7,83009
10006,0.117832,7,83016
10007,0.206459,15,83031
10008,0.16956,9,83040
10009,0.180167,10,83050
10010,0.091487,6,83056
10011,0.158667,9,83065
10012,0.194613,12,83077
10013,0.145928,9,83086
10014,0.110455,7,83093
10015,0.175355,10,83103
10016,0.227486,13,83116
10017,0.052913,3,83119
10018,0.078341,4,83123
10019,0.185324,10,83133
10020,0.203061,13,83146
10021,0.114178,7,83153
10022,0.168204,9,83162
10023,0.326677,33,83195
10024,0.135138,8,83203
10025,0.187606,10,83213
10026,0.129814,7,83220
10027,0.22428,13,83233
10028,0.166504,9,83242
10029,0.047338,3,83245
10030,0.161539,9,83254
10031,0.193297,12,83266
10032,0.143093,11,83277
10033,0.174855,11,83288
10034,0.239105,17,83305
10035,0.116696,7,83312
10036,0.130059,7,83319
10037,0.311665,17,83336
10038,0.096284,5,83341
10039,0.217598,12,83353
10040,0.15187,9,83362
10041,0.255669,14,83376
10042,0.380406,23,83399
10043,0.108379,6,83405
10044,0.29278,20,83425
10045,0.239001,14,83439
10046,0.31172,17,83456
10047,0.291711,18,83474
10048,0.197469,11,83485
10049,0.298832,18,83503
10050,0.271333,15,83518
10051,0.165565,9,83527
10052,0.209625,12,83539
10053,0.177696,11,83550
10054,0.150544,8,83558
10055,0.080458,5,83563
10056,0.186269,10,83573
10057,0.216718,13,83586
10058,0.195252,11,83597
10059,0.129666,7,83604
10060,0.43806,31,83635
10061,0.239766,15,83650
10062,0.29902,17,83667
10063,0.117409,8,83675
10064,0.226484,12,83687
10065,0.093711,5,83692
10066,0.181448,10,83702
10067,0.247535,13,83715
10068,0.143337,8,83723
10069,0.269421,16,83739
10070,0.044228,3,83742
10071,0.070538,5,83747
10072,0.210245,13,83760
10073,0.115471,6,83766
10074,0.09668,5,83771
10075,0.235906,13,83784
10076,0.16161,9,83793
10077,0.260556,16,83809
10078,0.168229,9,83818
10079,0.10378,6,83824
10080,0.127752,7,83831
10081,0.190703,11,83842
10082,0.138401,8,83850
10083,0.283945,16,83866
10084,0.321373,18,83884
10085,0.216745,13,83897
10086,0.109673,7,83904
10087,0.165202,10,83914
10088,0.430207,25,83939
10089,0.275062,16,83955
10090,0.093177,5,83960
10091,0.119334,7,83967
10092,0.1936,11,83978
10093,0.142973,9,83987
10094,0.119119,7,83994
10095,0.123178,7,84001
10096,0.174586,11,84012
10097,0.128945,7,84019
10098,0.127265,7,84026
10099,0.298609,17,84043
10100,0.22326,13,84056
10101,0.250244,14,84070
10102,0.241328,13,84083
10103,0.148387,8,84091
10104,0.162883,9,84100
10105,0.075123,4,84104
10106,0.187303,10,84114
10107,0.258012,14,84128
10108,0.25383,14,84142
10109,0.156504,9,84151
10110,0.207579,11,84162
10111,0.245937,13,84175
10112,0.153749,10,84185
10113,0.210837,12,84197
10114,0.202367,11,84208
10115,0.178531,11,84219
10116,0.134865,8,84227
10117,0.219845,13,84240
10118,0.183206,10,84250
10119,0.510971,28,84278
10120,0.224754,12,84290
10121,0.264119,17,84307
10122,0.112514,6,84313
10123,0.213602,13,84326
10124,0.142967,8,84334
10125,0.143757,8,84342
10126,0.018629,1,84343
10127,0.195349,11,84354
10128,-0.267293,7,84361
10129,0.019516,1,84362
10130,0.495576,28,84390
10131,0.205829,12,84402
10132,0.281148,16,84418
10133,0.155833,10,84428
10134,0.190832,10,84438
10135,0.107231,6,84444
10136,0.019917,1,84445
10137,0.161643,9,84454
10138,0.204576,11,84465
10139,0.146559,8,84473
10140,0.108652,6,84479
10141,0.192402,10,84489
10142,0.230967,13,84502
10143,0.265365,15,84517
10144,0.074704,4,84521
10145,0.17855,10,84531
10146,0.24716,14,84545
10147,0.126272,7,84552
10148,0.498256,35,84587
10149,0.273161,15,84602
10150,0.130077,7,84609
10151,0.20086,11,84620
10152,0.12457,7,84627
10153,0.039367,2,84629
10154,0.124999,7,84636
10155,0.301697,17,84653
10156,0.251179,15,84668
10157,0.197232,11,84679
10158,0.208559,12,84691
10159,0.184694,10,84701
10160,0.27984,15,84716
10161,0.095916,5,84721
10162,0.265532,18,84739
10163,0.237653,18,84757
10164,0.07822,4,84761
10165,0.27257,15,84776
10166,0.129905,7,84783
10167,0.096508,5,84788
10168,0.286377,16,84804
10169,0.246676,14,84818
10170,0.106724,6,84824
10171,0.179699,10,84834
10172,0.153603,10,84844
10173,0.239007,14,84858
10174,0.248282,14,84872
10175,0.165011,9,84881
10176,0.132761,8,84889
10177,0.300039,21,84910
10178,0.02018,1,84911
10179,0.228272,13,84924
10180,0.161708,11,84935
10181,0.145597,8,84943
10182,0.458692,29,84972
10183,0.199966,12,84984
10184,0.127116,7,84991
10185,0.231346,13,85004
10186,0.14342,8,85012
10187,0.114142,6,85018
10188,0.332569,18,85036
10189,0.074891,5,85041
10190,0.385984,21,85062
10191,0.016365,1,85063
10192,0.11624,8,85071
10193,0.161344,10,85081
10194,0.175019,10,85091
10195,0.172443,10,85101
10196,0.251304,15,85116
10197,0.157132,10,85126
10198,0.170575,11,85137
10199,0.068786,5,85142
10200,0.141929,8,85150
10201,0.237364,14,85164
10202,0.157964,9,85173
10203,0.257022,14,85187
10204,0.279949,16,85203
10205,0.183414,10,85213
10206,0.169144,9,85222
10207,0.143881,8,85230
10208,0.152375,10,85240
10209,0.322304,19,85259
10210,0.092946,5,85264
10211,0.236893,16,85280
10212,0.325502,20,85300
10213,0.256157,14,85314
10214,0.310989,21,85335
10215,0.310124,17,85352
10216,0.159837,10,85362
10217,0.164602,9,85371
10218,0.058533,3,85374
10219,0.303243,23,85397
10220,0.130441,7,85404
10221,0.107144,6,85410
10222,0.157953,10,85420
10223,0.121353,8,85428
10224,0.227079,12,85440
10225,0.170966,9,85449
10226,0.290113,17,85466
10227,0.089489,5,85471
10228,0.293728,16,85487
10229,0.156078,9,85496
10230,0.22557,12,85508
10231,0.429017,24,85532
10232,0.292018,17,85549
10233,0.215851,14,85563
10234,0.166388,10,85573
10235,0.096452,5,85578
10236,0.095925,5,85583
10237,0.192013,10,85593
10238,0.184949,10,85603
10239,0.304196,18,85621
10240,0.324515,22,85643
10241,0.128688,7,85650
10242,0.197203,12,85662
10243,0.176904,10,85672
10244,0.084032,5,85677
10245,0.055537,3,85680
10246,0.125031,7,85687
10247,0.180018,10,85697
10248,0.43567,27,85724
10249,0.183874,10,85734
10250,0.292949,17,85751
10251,0.266199,15,85766
10252,0.133521,7,85773
10253,0.17259,10,85783
10254,0.354816,20,85803
10255,0.071365,4,85807
10256,0.224128,13,85820
10257,0.232416,15,85835
10258,0.279714,16,85851
10259,0.234944,14,85865
10260,0.264979,15,85880
10261,0.267501,15,85895
10262,0.021378,1,85896
10263,0.322226,20,85916
10264,0.01834,1,85917
10265,0.125134,7,85924
10266,0.165745,9,85933
10267,0.127822,7,85940
10268,0.349485,22,85962
10269,0.480381,29,85991
10270,0.220639,13,86004
10271,0.159759,9,86013
10272,0.130253,7,86020
10273,0.213726,12,86032
10274,0.162497,9,86041
10275,0.487127,27,86068
10276,0.247051,15,86083
10277,0.110061,6,86089
10278,0.225044,13,86102
10279,0.087234,5,86107
10280,0.166135,10,86117
10281,0.177448,10,86127
10282,0.218353,12,86139
10283,0.168862,10,86149
10284,0.120594,7,86156
10285,0.094576,5,86161
10286,0.334171,21,86182
10287,0.276378,21,86203
10288,0.092404,5,86208
10289,0.180583,10,86218
10290,0.112291,7,86225
10291,0.124592,7,86232
10292,0.312542,18,86250
10293,0.141601,8,86258
10294,0.148884,8,86266
10295,0.18403,11,86277
10296,0.147035,8,86285
10297,0.262047,14,86299
10298,0.103175,6,86305
10299,0.144476,8,86313
10300,0.103515,6,86319
10301,0.223855,13,86332
10302,0.11861,7,86339
10303,0.257116,14,86353
10304,0.02242,1,86354
10305,0.019851,1,86355
10306,0.126665,7,86362
10307,0.206185,13,86375
10308,0.240607,15,86390
10309,0.179756,10,86400
10310,0.145979,8,86408
10311,0.22352,12,86420
10312,0.261693,16,86436
10313,0.181745,10,86446
10314,0.173967,11,86457
10315,0.148,9,86466
10316,0.038042,2,86468
10317,0.183704,10,86478
10318,0.159813,9,86487
10319,0.225908,13,86500
10320,0.369542,22,86522
10321,0.114336,6,86528
10322,0.54154,31,86559
10323,0.177037,10,86569
10324,0.236312,15,86584
10325,0.191429,11,86595
10326,0.158896,9,86604
10327,0.260101,18,86622
10328,0.230146,12,86634
10329,0.193821,11,86645
10330,0.113381,6,86651
10331,0.074612,4,86655
10332,0.105788,6,86661
10333,0.21998,12,86673
10334,0.288869,17,86690
10335,0.020308,1,86691
10336,0.134829,7,86698
10337,0.320275,23,86721
10338,0.146629,8,86729
10339,0.242167,13,86742
10340,0.131336,8,86750
10341,0.088494,5,86755
10342,0.113389,6,86761
10343,0.291897,18,86779
10344,0.44724,28,86807
10345,0.15293,9,86816
10346,0.360174,21,86837
10347,0.160647,9,86846
10348,0.11178,7,86853
10349,0.048036,3,86856
10350,0.245271,15,86871
10351,0.128135,7,86878
10352,0.050968,3,86881
10353,0.207351,11,86892
10354,0.271869,15,86907
10355,0.164298,9,86916
10356,0.127961,7,86923
10357,0.091267,5,86928
10358,0.361295,26,86954
10359,0.125514,7,86961
10360,0.430077,24,86985
10361,0.160785,9,86994
10362,0.211484,12,87006
10363,0.276586,17,87023
10364,0.133374,7,87030
10365,0.075249,4,87034
10366,0.18007,10,87044
10367,0.147257,10,87054
10368,0.152598,9,87063
10369,0.133515,7,87070
10370,0.214865,13,87083
10371,0.155849,9,87092
10372,0.297594,18,87110
10373,0.364264,26,87136
10374,0.124969,7,87143
10375,0.142863,9,87152
10376,0.198078,12,87164
10377,0.237626,13,87177
10378,0.288443,17,87194
10379,0.217166,12,87206
10380,0.266586,15,87221
10381,0.328933,19,87240
10382,0.257736,14,87254
10383,0.262018,15,87269
10384,0.116415,6,87275
10385,0.234587,13,87288
10386,0.144978,9,87297
10387,0.22219,12,87309
10388,0.113953,6,87315
10389,0.360879,20,87335
10390,0.20982,12,87347
10391,0.11181,6,87353
10392,0.162539,9,87362
10393,0.182103,10,87372
10394,0.283889,15,87387
10395,0.182041,10,87397
10396,0.138857,10,87407
10397,0.238239,15,87422
10398,0.352516,24,87446
10399,0.60627,35,87481
10400,0.203987,12,87493
10401,0.271201,17,87510
10402,0.182767,11,87521
10403,0.178355,10,87531
10404,0.21547,12,87543
10405,0.02005,1,87544
10406,0.377545,21,87565
10407,0.094446,5,87570
10408,0.149797,9,87579
10409,0.244723,14,87593
10410,0.170236,9,87602
10411,0.155867,9,87611
10412,0.219435,13,87624
10413,0.101638,6,87630
10414,0.069939,4,87634
10415,0.558776,33,87667
10416,0.124233,7,87674
10417,0.139897,8,87682
10418,0.247902,15,87697
10419,0.160917,9,87706
10420,0.086054,5,87711
10421,0.088554,5,87716
10422,0.182267,10,87726
10423,0.212877,13,87739
10424,0.209874,11,87750
10425,0.191838,11,87761
10426,0.280375,16,87777
10427,0.170107,9,87786
10428,0.227881,12,87798
10429,0.172822,10,87808
10430,0.318772,19,87827
10431,0.367028,23,87850
10432,0.116846,6,87856
10433,0.435808,26,87882
10434,0.298606,18,87900
10435,0.177589,10,87910
10436,0.089681,5,87915
10437,0.285825,17,87932
10438,0.110272,6,87938
10439,0.02071,1,87939
10440,0.221021,13,87952
10441,0.181524,10,87962
10442,0.163522,11,87973
10443,0.167296,9,87982
10444,0.163163,9,87991
10445,0.240767,14,88005
10446,0.104631,6,88011
10447,0.255852,15,88026
10448,0.133777,8,88034
10449,0.24808,14,88048
10450,0.126646,7,88055
10451,0.093618,5,88060
10452,0.117749,7,88067
10453,0.109961,6,88073
10454,0.192403,11,88084
10455,0.129565,8,88092
10456,0.181713,10,88102
10457,0.241543,14,88116
10458,0.090405,5,88121
10459,0.343777,19,88140
10460,0.116515,6,88146
10461,0.159859,11,88157
10462,0.15145,8,88165
10463,0.368089,21,88186
10464,0.152283,8,88194
10465,0.339133,34,88228
10466,0.227086,13,88241
10467,0.185771,11,88252
10468,0.255765,15,88267
10469,0.457327,29,88296
10470,0.161593,9,88305
10471,0.147115,8,88313
10472,0.294853,16,88329
10473,0.227186,13,88342
10474,0.206609,12,88354
10475,0.156665,9,88363
10476,0.17303,10,88373
10477,0.177574,12,88385
10478,0.466816,26,88411
10479,0.419793,23,88434
10480,0.154126,9,88443
10481,0.234938,13,88456
10482,0.208256,12,88468
10483,0.191897,11,88479
10484,0.280345,15,88494
10485,0.144526,8,88502
10486,0.109187,6,88508
10487,0.172758,11,88519
10488,0.298036,20,88539
10489,0.170351,9,88548
10490,0.015458,1,88549
10491,0.109268,6,88555
10492,0.250939,13,88568
10493,0.016623,1,88569
10494,0.484638,27,88596
10495,0.046101,3,88599
10496,0.319466,19,88618
10497,0.122653,7,88625
10498,0.226935,16,88641
10499,0.189189,11,88652
10500,0.094728,5,88657
10501,0.309071,19,88676
10502,0.152748,8,88684
10503,0.039618,2,88686
10504,0.156529,8,88694
10505,0.019638,1,88695
10506,0.240021,15,88710
10507,0.126995,7,88717
10508,0.178798,10,88727
10509,0.232825,13,88740
10510,0.095464,5,88745
10511,0.134952,8,88753
10512,0.202171,12,88765
10513,0.190671,10,88775
10514,0.290473,16,88791
10515,0.251733,14,88805
10516,0.125549,7,88812
10517,0.361246,23,88835
10518,0.018241,1,88836
10519,0.246327,15,88851
10520,0.230724,13,88864
10521,0.130005,7,88871
10522,0.204105,12,88883
10523,0.149423,8,88891
10524,0.129054,7,88898
10525,0.097024,7,88905
10526,0.176764,11,88916
10527,0.294599,16,88932
10528,0.113775,6,88938
10529,0.268479,15,88953
10530,0.222376,12,88965
10531,0.198274,11,88976
10532,0.180606,10,88986
10533,0.27403,15,89001
10534,0.019496,1,89002
10535,0.169464,10,89012
10536,0.243038,14,89026
10537,0.198849,12,89038
10538,0.279871,16,89054
10539,0.343167,19,89073
10540,0.31134,18,89091
10541,0.143169,8,89099
10542,0.300626,18,89117
10543,0.10631,6,89123
10544,0.198738,11,89134
10545,0.172091,10,89144
10546,0.177901,10,89154
10547,0.283923,16,89170
10548,0.193855,12,89182
10549,0.234819,13,89195
10550,0.15276,9,89204
10551,0.199,11,89215
10552,0.142914,8,89223
10553,0.130716,7,89230
10554,0.181072,10,89240
10555,0.019424,1,89241
10556,0.207587,11,89252
10557,0.30843,19,89271
10558,0.204301,11,89282
10559,0.11266,6,89288
10560,0.294967,17,89305
10561,0.114425,6,89311
10562,0.274996,16,89327
10563,0.176274,10,89337
10564,0.129475,7,89344
10565,0.019207,1,89345
10566,0.179363,10,89355
10567,0.264328,15,89370
10568,0.158142,9,89379
10569,0.325936,21,89400
10570,0.370282,21,89421
10571,0.203061,11,89432
10572,0.289997,17,89449
10573,0.109714,6,89455
10574,0.197145,11,89466
10575,0.207198,12,89478
10576,0.277422,16,89494
10577,0.133003,8,89502
10578,0.195878,10,89512
10579,0.304375,18,89530
10580,0.20273,11,89541
10581,0.177948,10,89551
10582,0.022307,1,89552
10583,0.223503,12,89564
10584,0.221044,13,89577
10585,0.200982,11,89588
10586,0.147313,8,89596
10587,0.182558,10,89606
10588,0.208042,13,89619
10589,0.17935,10,89629
10590,0.174329,12,89641
10591,0.395116,25,89666
10592,0.19104,11,89677
10593,0.018731,1,89678
10594,0.01933,1,89679
10595,0.225191,14,89693
10596,0.169229,9,89702
10597,0.264524,16,89718
10598,0.25947,16,89734
10599,0.207129,12,89746
10600,0.324106,18,89764
10601,0.132566,8,89772
10602,0.070943,4,89776
10603,0.282434,16,89792
10604,0.076085,4,89796
10605,0.140972,8,89804
10606,0.116211,7,89811
10607,0.155871,11,89822
10608,0.152583,9,89831
10609,0.15456,8,89839
10610,0.164616,9,89848
10611,0.257837,15,89863
10612,0.166222,9,89872
10613,0.372807,29,89901
10614,0.289382,16,89917
10615,0.228602,12,89929
10616,0.163731,9,89938
10617,0.142483,9,89947
10618,0.282575,18,89965
10619,0.122237,7,89972
10620,0.258123,14,89986
10621,0.229376,12,89998
10622,0.144066,8,90006
10623,0.343501,32,90038
10624,0.147034,8,90046
10625,0.218502,12,90058
10626,0.093003,5,90063
10627,0.273907,15,90078
10628,0.234198,14,90092
10629,0.073933,4,90096
10630,0.1797,10,90106
10631,0.384905,21,90127
10632,0.124327,7,90134
10633,0.142236,8,90142
10634,0.153243,9,90151
10635,0.19404,11,90162
10636,0.10896,6,90168
10637,0.278604,17,90185
10638,0.198777,11,90196
10639,0.207843,11,90207
10640,0.148859,8,90215
10641,0.039253,2,90217
10642,0.236855,14,90231
10643,0.12737,7,90238
10644,0.346605,19,90257
10645,0.147822,8,90265
10646,0.221354,14,90279
10647,0.21483,12,90291
10648,0.221711,15,90306
10649,0.1986,11,90317
10650,0.194711,11,90328
10651,0.323111,18,90346
10652,0.291246,17,90363
10653,0.183506,10,90373
10654,0.114205,6,90379
10655,0.22228,16,90395
10656,0.178179,11,90406
10657,0.158572,9,90415
10658,0.249355,13,90428
10659,0.021027,1,90429
10660,0.11023,6,90435
10661,0.241649,13,90448
10662,0.167843,9,90457
10663,0.164343,9,90466
10664,0.075644,4,90470
10665,0.1824,10,90480
10666,0.092339,5,90485
10667,0.197683,11,90496
10668,0.217625,12,90508
10669,0.174269,11,90519
10670,0.292912,19,90538
10671,0.203608,12,90550
10672,0.196759,11,90561
10673,0.134641,8,90569
10674,0.137681,8,90577
10675,0.268133,15,90592
10676,-0.024832,22,90614
10677,0.418873,24,90638
10678,0.147364,8,90646
10679,0.23183,13,90659
10680,0.268783,15,90674
10681,0.183703,11,90685
10682,0.018915,1,90686
10683,0.096889,6,90692
10684,0.26094,15,90707
10685,0.17882,10,90717
10686,0.084818,5,90722
10687,0.019465,1,90723
10688,0.211448,12,90735
10689,0.285273,16,90751
10690,0.243953,13,90764
10691,0.224768,13,90777
10692,0.173947,9,90786
10693,0.358226,21,90807
10694,0.133475,7,90814
10695,0.166316,11,90825
10696,0.162647,10,90835
10697,0.18075,10,90845
10698,0.094844,5,90850
10699,0.152542,9,90859
10700,0.099858,6,90865
10701,0.157639,9,90874
10702,0.281471,16,90890
10703,0.158791,10,90900
10704,0.210046,12,90912
10705,0.310022,18,90930
10706,0.238242,13,90943
10707,0.36377,27,90970
10708,0.109994,6,90976
10709,0.135381,8,90984
10710,0.147596,9,90993
10711,0.125313,7,91000
10712,0.201145,11,91011
10713,0.209867,12,91023
10714,0.214676,12,91035
10715,0.094622,5,91040
10716,0.141079,8,91048
10717,0.164301,9,91057
10718,0.209177,13,91070
10719,0.198388,12,91082
10720,0.137963,8,91090
10721,0.311963,18,91108
10722,0.147334,8,91116
10723,0.201985,11,91127
10724,0.231596,15,91142
10725,0.129853,7,91149
10726,0.177935,10,91159
10727,0.212615,12,91171
10728,0.128408,7,91178
10729,0.18634,11,91189
10730,0.335585,18,91207
10731,0.240564,14,91221
10732,0.127134,7,91228
10733,0.189889,11,91239
10734,0.084882,5,91244
10735,0.173254,10,91254
10736,0.26293,16,91270
10737,0.143685,9,91279
10738,0.118117,7,91286
10739,0.477274,27,91313
10740,0.155577,9,91322
10741,0.15259,9,91331
10742,0.165274,9,91340
10743,0.34254,19,91359
10744,0.149112,9,91368
10745,0.017523,1,91369
10746,0.233159,13,91382
10747,0.303856,20,91402
10748,0.17923,10,91412
10749,0.141994,8,91420
10750,0.393659,26,91446
10751,0.507272,28,91474
10752,0.018863,1,91475
10753,0.248703,13,91488
10754,0.144293,8,91496
10755,0.093848,5,91501
10756,0.173221,9,91510
10757,0.146242,8,91518
10758,0.223431,13,91531
10759,0.164104,9,91540
10760,0.162545,10,91550
10761,0.111475,6,91556
10762,0.405945,26,91582
10763,0.195557,12,91594
10764,0.307117,17,91611
10765,0.150379,9,91620
10766,0.020609,1,91621
10767,0.316688,18,91639
10768,0.159632,9,91648
10769,0.182027,10,91658
10770,0.245011,15,91673
10771,0.200105,11,91684
10772,0.134658,8,91692
10773,0.119693,7,91699
10774,0.114371,6,91705
10775,0.090835,5,91710
10776,0.178233,10,91720
10777,0.019512,1,91721
10778,0.187627,10,91731
10779,0.019273,1,91732
10780,0.142769,8,91740
10781,0.200109,11,91751
10782,0.203956,11,91762
10783,0.137116,8,91770
10784,0.318734,19,91789
10785,0.165251,9,91798
10786,0.017267,1,91799
10787,0.187972,12,91811
10788,0.203877,11,91822
10789,0.193164,12,91834
10790,0.494588,31,91865
10791,0.020212,1,91866
10792,0.01833,1,91867
10793,0.281437,17,91884
10794,0.145047,8,91892
10795,0.12452,7,91899
10796,0.261226,16,91915
10797,0.231178,14,91929
10798,0.129464,7,91936
10799,0.156376,9,91945
10800,0.216864,14,91959
10801,0.218948,12,91971
10802,0.141629,8,91979
10803,0.104171,7,91986
10804,0.080878,5,91991
10805,0.133569,8,91999
10806,0.175845,10,92009
10807,0.236308,13,92022
10808,0.185147,10,92032
10809,0.17271,10,92042
10810,0.505858,30,92072
10811,0.405035,24,92096
10812,0.01972,1,92097
10813,0.161817,9,92106
10814,0.280088,15,92121
10815,0.171494,9,92130
10816,0.186944,11,92141
10817,0.225291,13,92154
10818,0.192894,11,92165
10819,0.12858,8,92173
10820,0.32142,17,92190
10821,0.200224,11,92201
10822,0.212424,12,92213
10823,0.095823,5,92218
10824,0.341983,19,92237
10825,0.134361,7,92244
10826,0.249436,14,92258
10827,0.122924,7,92265
10828,0.271811,15,92280
10829,0.297004,16,92296
10830,0.146166,8,92304
10831,0.095471,5,92309
10832,0.049673,3,92312
10833,0.16219,10,92322
10834,0.239316,14,92336
10835,0.288989,16,92352
10836,0.190927,11,92363
10837,0.108616,6,92369
10838,0.313088,27,92396
10839,0.227303,13,92409
10840,0.096642,5,92414
10841,0.367802,24,92438
10842,0.136512,8,92446
10843,0.207464,12,92458
10844,0.270967,18,92476
10845,0.138017,8,92484
10846,0.307249,19,92503
10847,0.168915,9,92512
10848,0.154059,9,92521
10849,0.224332,14,92535
10850,0.15382,9,92544
10851,0.126474,7,92551
10852,0.143784,8,92559
10853,0.175095,10,92569
10854,0.131818,8,92577
10855,0.126076,7,92584
10856,0.128818,8,92592
10857,0.150509,8,92600
10858,0.097031,6,92606
10859,0.308299,17,92623
10860,0.232505,15,92638
10861,0.259556,14,92652
10862,0.18014,10,92662
10863,0.176017,10,92672
10864,0.23433,16,92688
10865,0.073574,4,92692
10866,0.145483,9,92701
10867,0.091901,5,92706
10868,0.020382,1,92707
10869,0.17922,10,92717
10870,0.230641,12,92729
10871,0.092698,5,92734
10872,0.426596,24,92758
10873,0.292207,16,92774
10874,0.221167,12,92786
10875,0.092209,5,92791
10876,0.308469,17,92808
10877,0.140801,8,92816
10878,0.124089,7,92823
10879,0.264468,15,92838
10880,0.249301,15,92853
10881,0.110902,6,92859
10882,0.020249,1,92860
10883,0.330747,18,92878
10884,0.316717,18,92896
10885,0.226855,13,92909
10886,0.013933,1,92910
10887,0.254618,14,92924
10888,0.514417,38,92962
10889,0.130391,7,92969
10890,0.264494,15,92984
10891,0.308795,18,93002
10892,0.159757,9,93011
10893,0.191864,11,93022
10894,0.249785,15,93037
10895,0.139063,8,93045
10896,0.177596,11,93056
10897,0.199996,11,93067
10898,0.25664,14,93081
10899,0.246025,14,93095
10900,0.30114,19,93114
10901,0.241663,14,93128
10902,0.295994,16,93144
10903,0.271494,15,93159
10904,0.406276,23,93182
10905,0.286977,16,93198
10906,0.185647,11,93209
10907,0.255175,15,93224
10908,0.135287,7,93231
10909,0.019933,1,93232
10910,0.112944,6,93238
10911,0.250872,14,93252
10912,0.073088,4,93256
10913,0.326109,19,93275
10914,0.139659,8,93283
10915,0.167769,9,93292
10916,0.194667,11,93303
10917,0.145379,8,93311
10918,0.020021,1,93312
10919,0.131499,7,93319
10920,0.42154,23,93342
10921,0.174898,10,93352
10922,0.166884,9,93361
10923,0.155786,9,93370
10924,0.282126,16,93386
10925,0.222336,13,93399
10926,0.325727,18,93417
10927,0.200742,12,93429
10928,0.283091,16,93445
10929,0.163516,9,93454
10930,0.3293,21,93475
10931,0.220332,12,93487
10932,0.2083,12,93499
10933,0.159883,9,93508
10934,0.276035,19,93527
10935,0.113799,6,93533
10936,0.187376,11,93544
10937,0.198815,11,93555
10938,0.159985,9,93564
10939,0.179253,10,93574
10940,0.220965,13,93587
10941,0.192794,10,93597
10942,0.181691,10,93607
10943,0.018184,1,93608
10944,0.2501,17,93625
10945,0.143434,9,93634
10946,0.163967,9,93643
10947,0.257202,16,93659
10948,0.125004,7,93666
10949,0.144517,8,93674
10950,0.159897,10,93684
10951,0.14172,8,93692
10952,0.145014,8,93700
10953,0.228016,13,93713
10954,0.327982,19,93732
10955,0.347936,19,93751
10956,0.198491,12,93763
10957,0.078859,5,93768
10958,0.124037,8,93776
10959,0.114193,6,93782
10960,0.157975,9,93791
10961,0.341642,19,93810
10962,0.202711,11,93821
10963,0.407099,23,93844
10964,0.179402,10,93854
10965,0.185473,10,93864
10966,0.17189,9,93873
10967,0.220604,12,93885
10968,0.095929,5,93890
10969,0.246606,14,93904
10970,0.017243,1,93905
10971,0.096383,5,93910
10972,0.122906,7,93917
10973,0.110439,6,93923
10974,0.506656,28,93951
10975,0.147915,10,93961
10976,0.306876,17,93978
10977,0.170756,9,93987
10978,0.427537,24,94011
10979,0.25541,18,94029
10980,0.208206,12,94041
10981,0.168008,10,94051
10982,0.458214,25,94076
10983,0.225868,13,94089
10984,0.26684,16,94105
10985,0.270628,15,94120
10986,0.418104,24,94144
10987,0.32612,18,94162
10988,0.050311,3,94165
10989,0.115074,6,94171
10990,0.071693,4,94175
10991,0.247498,15,94190
10992,0.019738,1,94191
10993,0.11273,7,94198
10994,0.428843,24,94222
10995,0.020824,1,94223
10996,0.173108,10,94233
10997,0.159181,9,94242
10998,0.24661,14,94256
10999,0.310899,17,94273
11000,0.111521,6,94279
11001,0.438808,25,94304
11002,0.402376,26,94330
11003,0.556264,33,94363
11004,0.158058,9,94372
11005,0.138665,8,94380
11006,0.237797,14,94394
11007,0.206691,12,94406
11008,0.129122,7,94413
11009,0.317056,17,94430
11010,0.786474,47,94477
11011,0.194032,11,94488
11012,0.24425,15,94503
11013,0.196726,11,94514
11014,0.222016,12,94526
11015,0.236934,13,94539
11016,0.230294,13,94552
11017,0.475574,26,94578
11018,0.188131,13,94591
11019,0.038762,2,94593
11020,0.150167,8,94601
11021,0.226781,13,94614
11022,0.093853,5,94619
11023,0.107606,7,94626
11024,0.207398,12,94638
11025,0.193977,11,94649
11026,0.20255,12,94661
11027,0.176464,10,94671
11028,0.212881,12,94683
11029,0.143847,8,94691
11030,0.196038,11,94702
11031,0.180348,11,94713
11032,0.022534,1,94714
11033,0.222764,15,94729
11034,0.265429,15,94744
11035,0.1222,7,94751
11036,0.18048,10,94761
11037,0.299107,17,94778
11038,0.25883,15,94793
11039,0.156748,9,94802
11040,0.160553,9,94811
11041,0.076547,4,94815
11042,0.200725,11,94826
11043,0.176455,10,94836
11044,0.241483,13,94849
11045,0.235381,14,94863
11046,0.321559,17,94880
11047,0.105016,6,94886
11048,0.053653,3,94889
11049,0.147615,8,94897
11050,0.193068,14,94911
11051,0.21746,12,94923
11052,0.094686,5,94928
11053,0.187433,11,94939
11054,0.252087,15,94954
11055,0.01674,1,94955
11056,0.189561,11,94966
11057,0.190486,12,94978
11058,0.106299,6,94984
11059,0.217157,12,94996
11060,0.017438,1,94997
11061,0.099045,7,95004
11062,0.403413,25,95029
11063,0.058331,3,95032
11064,0.26621,14,95046
11065,0.189679,10,95056
11066,0.162825,9,95065
11067,0.147098,8,95073
11068,0.019956,1,95074
11069,0.304854,17,95091
11070,0.322494,18,95109
11071,0.130482,7,95116
11072,0.172335,10,95126
11073,0.285172,16,95142
11074,0.078598,4,95146
11075,0.156696,9,95155
11076,0.092664,5,95160
11077,0.084967,5,95165
11078,0.266236,16,95181
11079,0.159005,10,95191
11080,0.221363,12,95203
11081,0.264831,15,95218
11082,0.109041,6,95224
11083,0.191824,11,95235
11084,0.284872,16,95251
11085,0.259498,15,95266
11086,0.142216,8,95274
11087,0.179527,10,95284
11088,0.261585,15,95299
11089,0.202462,11,95310
11090,0.141218,8,95318
11091,0.108383,6,95324
11092,0.307263,18,95342
11093,0.500761,30,95372
11094,0.073985,4,95376
11095,0.170438,10,95386
11096,0.140668,8,95394
11097,0.303825,19,95413
11098,0.12827,7,95420
11099,0.139664,8,95428
11100,0.264945,16,95444
11101,0.16003,9,95453
11102,0.155543,9,95462
11103,0.286257,19,95481
11104,0.074817,4,95485
11105,0.168518,9,95494
11106,0.222704,12,95506
11107,0.199804,12,95518
11108,0.015611,1,95519
11109,0.296905,18,95537
11110,0.289402,17,95554
11111,0.392602,21,95575
11112,0.253121,15,95590
11113,0.206124,12,95602
11114,0.083879,5,95607
11115,0.203077,12,95619
11116,0.139605,8,95627
11117,0.165251,9,95636
11118,0.304826,18,95654
11119,0.267124,15,95669
11120,0.115404,6,95675
11121,0.115014,9,95684
11122,0.161594,10,95694
11123,0.427247,28,95722
11124,0.2176,12,95734
11125,0.156134,10,95744
11126,0.179295,10,95754
11127,0.1239,7,95761
11128,0.284043,16,95777
11129,0.302854,17,95794
11130,0.283159,17,95811
11131,0.078472,4,95815
11132,0.202813,11,95826
11133,0.297875,16,95842
11134,0.130204,7,95849
11135,0.167343,9,95858
11136,0.18622,10,95868
11137,0.232088,12,95880
11138,0.179861,10,95890
11139,0.333329,18,95908
11140,0.227259,12,95920
11141,0.317427,20,95940
11142,0.13817,8,95948
11143,0.191495,11,95959
11144,0.380788,21,95980
11145,0.336529,20,96000
11146,0.227532,17,96017
11147,0.221239,12,96029
11148,0.094602,5,96034
11149,0.161257,9,96043
11150,0.30509,19,96062
11151,0.128567,7,96069
11152,0.191411,10,96079
11153,0.218804,13,96092
11154,0.241684,14,96106
11155,0.352377,19,96125
11156,0.103034,6,96131
11157,0.14137,10,96141
11158,0.28608,17,96158
11159,0.142644,8,96166
11160,0.150645,9,96175
11161,0.089822,6,96181
11162,0.22463,13,96194
11163,0.154083,9,96203
11164,0.346687,23,96226
11165,0.121884,8,96234
11166,0.123781,7,96241
11167,0.215456,13,96254
11168,0.1827,11,96265
11169,0.016793,1,96266
11170,0.179683,10,96276
11171,0.237688,13,96289
11172,0.19964,11,96300
11173,-0.178163,12,96312
11174,0.020374,1,96313
11175,0.137002,8,96321
11176,0.124685,7,96328
11177,0.202972,11,96339
11178,0.136356,8,96347
11179,0.128267,7,96354
11180,0.101067,6,96360
11181,0.192106,11,96371
11182,0.212024,12,96383
11183,0.162049,10,96393
11184,0.544789,30,96423
11185,0.179656,10,96433
11186,0.358546,21,96454
11187,0.249757,15,96469
11188,0.127398,7,96476
11189,0.359349,20,96496
11190,0.020618,1,96497
11191,0.010766,1,96498
11192,0.10797,6,96504
11193,0.181911,10,96514
11194,0.200234,11,96525
11195,0.075907,4,96529
11196,0.113403,6,96535
11197,0.308826,18,96553
11198,0.240089,13,96566
11199,0.157587,9,96575
11200,0.144084,9,96584
11201,0.096414,5,96589
11202,0.207904,15,96604
11203,0.163914,9,96613
11204,0.423369,23,96636
11205,0.145883,8,96644
11206,0.193803,11,96655
11207,0.273978,19,96674
11208,0.201439,12,96686
11209,0.150372,10,96696
11210,0.197079,11,96707
11211,0.183356,11,96718
11212,0.2705,17,96735
11213,0.232622,13,96748
11214,0.019716,1,96749
11215,0.202972,11,96760
11216,0.162998,10,96770
11217,0.451139,25,96795
11218,0.110796,6,96801
11219,0.112755,6,96807
11220,0.193966,11,96818
11221,0.019911,1,96819
11222,0.222381,12,96831
11223,0.385264,23,96854
11224,0.153681,9,96863
11225,0.019622,1,96864
11226,0.018667,1,96865
11227,0.323007,19,96884
11228,0.276208,15,96899
11229,0.198646,12,96911
11230,0.112628,6,96917
11231,0.064041,4,96921
11232,0.229676,13,96934
11233,0.170102,9,96943
11234,0.240239,13,96956
11235,0.162111,9,96965
11236,0.150684,9,96974
11237,0.381196,26,97000
11238,0.182155,11,97011
11239,0.193582,11,97022
11240,0.129614,9,97031
11241,0.212555,12,97043
11242,0.126884,7,97050
11243,0.093012,5,97055
11244,0.112835,6,97061
11245,0.18545,11,97072
11246,0.234281,13,97085
11247,0.200016,12,97097
11248,0.220999,12,97109
11249,0.12806,7,97116
11250,0.174271,10,97126
11251,0.174155,10,97136
11252,0.19697,11,97147
11253,0.399704,24,97171
11254,0.291115,18,97189
11255,0.19397,11,97200
11256,0.240874,13,97213
11257,0.019818,1,97214
11258,0.241689,14,97228
11259,0.468367,36,97264
11260,0.233122,13,97277
11261,0.186784,10,97287
11262,0.197841,11,97298
11263,0.310101,18,97316
11264,0.197873,12,97328
11265,0.110346,6,97334
11266,0.295424,16,97350
11267,0.316684,17,97367
11268,0.266691,15,97382
11269,0.38042,23,97405
11270,0.161054,10,97415
11271,0.268657,15,97430
11272,0.181578,11,97441
11273,0.212977,12,97453
11274,0.158132,9,97462
11275,0.177518,10,97472
11276,0.337458,22,97494
11277,0.175401,10,97504
11278,0.077755,4,97508
11279,0.336662,26,97534
11280,0.130505,7,97541
11281,0.279407,15,97556
11282,0.270084,15,97571
11283,0.07219,4,97575
11284,0.022463,1,97576
11285,0.110529,7,97583
11286,0.148063,9,97592
11287,0.165662,10,97602
11288,0.146953,8,97610
11289,0.211678,11,97621
11290,0.231668,13,97634
11291,0.150509,8,97642
11292,0.281189,18,97660
11293,0.296944,16,97676
11294,0.170945,9,97685
11295,0.163647,9,97694
11296,0.127181,7,97701
11297,0.682986,37,97738
11298,0.324208,18,97756
11299,0.183528,12,97768
11300,0.165374,9,97777
11301,0.365522,22,97799
11302,0.300545,16,97815
11303,0.115298,6,97821
11304,0.233953,13,97834
11305,0.16268,9,97843
11306,0.226599,12,97855
11307,0.237404,14,97869
11308,0.242798,14,97883
11309,0.058718,3,97886
11310,0.183035,10,97896
11311,0.157571,9,97905
11312,0.260623,14,97919
11313,0.130281,8,97927
11314,0.217732,14,97941
11315,0.153192,9,97950
11316,0.252891,15,97965
11317,0.155509,9,97974
11318,0.111846,6,97980
11319,0.103707,6,97986
11320,0.184831,11,97997
11321,0.114896,7,98004
11322,0.289179,16,98020
11323,0.21185,12,98032
11324,0.108255,6,98038
11325,0.259611,14,98052
11326,0.205743,12,98064
11327,0.019801,1,98065
11328,0.03906,2,98067
11329,0.174606,10,98077
11330,0.17199,9,98086
11331,0.22601,13,98099
11332,0.160808,9,98108
11333,0.170139,9,98117
11334,0.229108,14,98131
11335,0.072603,4,98135
11336,0.238191,14,98149
11337,0.202842,11,98160
11338,0.155826,9,98169
11339,0.09358,5,98174
11340,0.145604,10,98184
11341,0.246424,14,98198
11342,0.171911,9,98207
11343,0.019238,1,98208
11344,0.201109,11,98219
11345,0.125184,7,98226
11346,0.239137,13,98239
11347,0.018894,1,98240
11348,0.339936,23,98263
11349,0.132418,8,98271
11350,0.166379,9,98280
11351,0.184194,10,98290
11352,0.129657,7,98297
11353,0.294353,16,98313
11354,0.175265,10,98323
11355,0.181831,10,98333
11356,0.24642,14,98347
11357,0.281444,16,98363
11358,0.125972,8,98371
11359,0.18929,13,98384
11360,0.216958,13,98397
11361,0.307909,18,98415
11362,0.277871,15,98430
11363,0.113858,7,98437
11364,0.103459,7,98444
11365,0.152197,9,98453
11366,0.238036,14,98467
11367,0.208504,12,98479
11368,0.057606,3,98482
11369,0.087696,5,98487
11370,0.18342,10,98497
11371,0.1886,10,98507
11372,0.178896,10,98517
11373,0.111182,6,98523
11374,0.178806,10,98533
11375,0.281891,18,98551
11376,0.249335,15,98566
11377,0.103156,7,98573
11378,0.334673,20,98593
11379,0.173724,10,98603
11380,0.245969,14,98617
11381,0.396051,32,98649
11382,0.211486,12,98661
11383,0.159565,9,98670
11384,0.203671,11,98681
11385,0.127386,7,98688
11386,0.158102,9,98697
11387,0.256538,14,98711
11388,0.159675,9,98720
11389,0.021489,1,98721
11390,0.187209,11,98732
11391,0.287583,17,98749
11392,0.166901,9,98758
11393,0.335771,21,98779
11394,0.200717,11,98790
11395,0.144198,8,98798
11396,0.088253,5,98803
11397,0.21265,13,98816
11398,0.239156,13,98829
11399,0.181727,10,98839
11400,0.142939,11,98850
11401,0.132255,7,98857
11402,0.118327,7,98864
11403,0.344921,20,98884
11404,0.272417,15,98899
11405,0.221056,13,98912
11406,0.14899,8,98920
11407,0.181078,11,98931
11408,0.169466,10,98941
11409,0.157172,9,98950
11410,0.26007,14,98964
11411,0.095405,5,98969
11412,0.555465,30,98999
11413,0.164928,10,99009
11414,0.175781,10,99019
11415,0.110991,6,99025
11416,0.194395,11,99036
11417,0.354919,24,99060
11418,0.242042,13,99073
11419,0.19246,12,99085
11420,0.271748,16,99101
11421,0.214092,12,99113
11422,0.199112,13,99126
11423,0.322986,20,99146
11424,0.070538,4,99150
11425,0.172304,11,99161
11426,0.425923,24,99185
11427,0.020207,1,99186
11428,0.164502,9,99195
11429,0.088026,5,99200
11430,0.164327,10,99210
11431,0.154474,8,99218
11432,0.149271,8,99226
11433,0.131456,7,99233
11434,0.112122,6,99239
11435,0.371772,24,99263
11436,0.11413,6,99269
11437,0.253581,16,99285
11438,0.166932,9,99294
11439,0.074032,4,99298
11440,0.111564,6,99304
11441,0.147233,8,99312
11442,0.096831,5,99317
11443,0.21545,12,99329
11444,0.128704,7,99336
11445,0.141721,10,99346
11446,0.277226,17,99363
11447,0.205551,12,99375
11448,0.196677,12,99387
11449,0.409433,26,99413
11450,0.261039,17,99430
11451,0.313851,18,99448
11452,0.157692,9,99457
11453,0.340375,20,99477
11454,0.157164,9,99486
11455,0.195061,11,99497
11456,0.215783,12,99509
11457,0.331142,19,99528
11458,0.152521,9,99537
11459,0.274068,15,99552
11460,0.399619,22,99574
11461,0.180075,10,99584
11462,0.189254,12,99596
11463,0.238212,16,99612
11464,0.240572,13,99625
11465,0.28605,15,99640
11466,0.173252,10,99650
11467,0.296414,16,99666
11468,0.183076,11,99677
11469,0.127929,7,99684
11470,0.182434,10,99694
11471,0.117872,8,99702
11472,0.181615,10,99712
11473,0.18266,10,99722
11474,0.095407,6,99728
11475,0.265438,15,99743
11476,0.17255,10,99753
11477,0.019807,1,99754
11478,0.27354,15,99769
11479,0.172353,9,99778
11480,0.179812,10,99788
11481,0.203769,11,99799
11482,0.406783,25,99824
11483,0.164743,9,99833
11484,0.254155,15,99848
11485,0.149186,8,99856
11486,0.306514,18,99874
11487,0.149732,10,99884
11488,0.177338,10,99894
11489,0.122141,7,99901
11490,0.194548,11,99912
11491,0.273696,15,99927
11492,0.081132,5,99932
11493,0.113079,8,99940
11494,0.260685,14,99954
11495,0.148178,8,99962
11496,0.13683,7,99969
11497,0.12502,7,99976
11498,0.016187,1,99977
11499,0.205693,11,99988
11500,0.215895,16,100004
11501,0.234938,13,100017
11502,0.154899,9,100026
11503,0.308268,20,100046
11504,0.094441,5,100051
11505,0.163058,9,100060
11506,0.207678,11,100071
11507,0.253652,15,100086
11508,0.256388,15,100101
11509,0.193239,11,100112
11510,0.255487,15,100127
11511,0.11134,6,100133
11512,0.111823,6,100139
11513,0.281201,17,100156
11514,0.277339,15,100171
11515,0.145811,8,100179
11516,0.150555,8,100187
11517,0.211979,13,100200
11518,0.216947,12,100212
11519,0.27618,15,100227
11520,0.197829,11,100238
11521,0.272888,16,100254
11522,0.264618,15,100269
11523,0.261867,15,100284
11524,0.088341,5,100289
11525,0.161626,9,100298
11526,0.130355,7,100305
11527,0.223172,12,100317
11528,0.162493,9,100326
11529,0.146383,9,100335
11530,0.352562,19,100354
11531,0.21485,16,100370
11532,0.120568,7,100377
11533,0.156305,9,100386
11534,0.161996,11,100397
11535,0.253785,15,100412
11536,0.238991,13,100425
11537,0.231331,14,100439
11538,0.209157,11,100450
11539,0.136386,8,100458
11540,0.415913,24,100482
11541,0.216128,13,100495
11542,0.159808,9,100504
11543,0.155911,9,100513
11544,0.194509,11,100524
11545,0.143802,8,100532
11546,0.290137,16,100548
11547,0.248312,15,100563
11548,0.126427,8,100571
11549,0.107399,7,100578
11550,0.209397,12,100590
11551,0.01976,1,100591
11552,0.132151,7,100598
11553,0.237812,13,100611
11554,0.01677,1,100612
11555,0.208149,12,100624
11556,0.502239,29,100653
11557,0.135076,8,100661
11558,0.205043,13,100674
11559,0.311413,19,100693
11560,0.310486,19,100712
11561,0.311506,18,100730
11562,0.195742,11,100741
11563,0.185369,10,100751
11564,0.055247,3,100754
11565,0.255776,14,100768
11566,0.235989,13,100781
11567,0.116653,7,100788
11568,0.078831,4,100792
11569,0.126399,8,100800
11570,0.16912,9,100809
11571,0.483218,33,100842
11572,0.111601,6,100848
11573,0.139312,8,100856
11574,0.162599,9,100865
11575,0.223054,13,100878
11576,0.169728,9,100887
11577,0.302494,19,100906
11578,0.217719,16,100922
11579,0.157893,10,100932
11580,0.199712,11,100943
11581,0.231884,14,100957
11582,0.193487,11,100968
11583,0.176372,10,100978
11584,0.193231,11,100989
11585,0.15377,9,100998
11586,0.317322,17,101015
11587,0.136851,7,101022
11588,0.268296,15,101037
11589,0.090631,6,101043
11590,0.325725,19,101062
11591,0.259497,14,101076
11592,0.308897,20,101096
11593,0.373815,22,101118
11594,0.182108,10,101128
11595,0.157114,9,101137
11596,0.017757,1,101138
11597,0.214589,12,101150
11598,0.277304,15,101165
11599,0.319545,19,101184
11600,0.163919,9,101193
11601,0.165984,10,101203
11602,0.123733,8,101211
11603,0.167641,10,101221
11604,0.167244,9,101230
11605,0.150276,9,101239
11606,0.128545,7,101246
11607,0.152319,9,101255
11608,0.17385,10,101265
11609,0.132805,7,101272
11610,0.198337,11,101283
11611,0.258018,14,101297
11612,0.075273,4,101301
11613,0.185179,11,101312
11614,0.334782,20,101332
11615,0.02015,1,101333
11616,0.283741,17,101350
11617,0.348078,20,101370
11618,0.189596,11,101381
11619,0.219198,13,101394
11620,0.19827,13,101407
11621,0.336329,19,101426
11622,0.202016,11,101437
11623,0.208301,14,101451
11624,0.201763,12,101463
11625,0.318132,19,101482
11626,0.233789,13,101495
11627,0.159823,10,101505
11628,0.149637,9,101514
11629,0.18861,11,101525
11630,0.162676,9,101534
11631,0.10917,6,101540
11632,0.250088,14,101554
11633,0.24429,15,101569
11634,0.157869,9,101578
11635,0.098573,6,101584
11636,0.24455,17,101601
11637,0.178418,10,101611
11638,0.110552,6,101617
11639,0.183424,11,101628
11640,0.339272,19,101647
11641,0.111599,7,101654
11642,0.306668,17,101671
11643,0.119475,7,101678
11644,0.152143,9,101687
11645,0.350806,20,101707
11646,0.187243,11,101718
11647,0.30122,18,101736
11648,0.166064,10,101746
11649,0.12544,7,101753
11650,0.29811,17,101770
11651,0.214305,13,101783
11652,0.25096,15,101798
11653,0.180722,10,101808
11654,0.188692,11,101819
11655,0.49263,28,101847
11656,0.126153,9,101856
11657,0.176009,12,101868
11658,0.055244,3,101871
11659,0.132364,8,101879
11660,0.14868,9,101888
11661,0.127379,7,101895
11662,0.181257,10,101905
11663,0.097013,5,101910
11664,0.170979,10,101920
11665,0.201364,12,101932
11666,0.366344,21,101953
11667,0.166424,9,101962
11668,0.017946,1,101963
11669,0.166366,9,101972
11670,0.197812,11,101983
11671,0.193317,12,101995
11672,0.265319,16,102011
11673,0.277325,26,102037
11674,0.214818,12,102049
11675,0.165974,9,102058
11676,0.209973,12,102070
11677,0.18085,11,102081
11678,0.113513,6,102087
11679,0.387803,21,102108
11680,0.233113,15,102123
11681,0.170225,11,102134
11682,0.019611,1,102135
11683,0.127824,8,102143
11684,0.122143,7,102150
11685,0.200996,12,102162
11686,0.13993,10,102172
11687,0.131983,7,102179
11688,0.223023,12,102191
11689,0.183876,10,102201
11690,0.195367,12,102213
11691,0.112007,6,102219
11692,0.127774,7,102226
11693,0.402046,23,102249
11694,0.225085,13,102262
11695,0.142066,8,102270
11696,0.284185,16,102286
11697,0.16905,10,102296
11698,0.270367,16,102312
11699,0.296586,16,102328
11700,0.199521,11,102339
11701,0.019283,1,102340
11702,0.018636,1,102341
11703,0.457924,30,102371
11704,0.161976,9,102380
11705,0.017468,1,102381
11706,0.22845,13,102394
11707,0.311606,17,102411
11708,0.07791,4,102415
11709,0.23364,14,102429
11710,0.152021,8,102437
11711,0.01926,1,102438
11712,0.236545,13,102451
11713,0.127754,8,102459
11714,0.242801,16,102475
11715,0.384736,24,102499
11716,0.099185,6,102505
11717,0.203251,11,102516
11718,0.278584,15,102531
11719,0.072346,4,102535
11720,0.156926,9,102544
11721,0.221956,13,102557
11722,0.29505,17,102574
11723,0.341005,19,102593
11724,0.193145,11,102604
11725,0.130202,8,102612
11726,0.202228,11,102623
11727,0.124396,8,102631
11728,0.150173,8,102639
11729,0.184167,10,102649
11730,0.350234,20,102669
11731,0.124017,8,102677
11732,0.120587,7,102684
11733,0.122085,8,102692
11734,0.141452,8,102700
11735,0.16045,9,102709
11736,0.197459,11,102720
11737,0.206388,12,102732
11738,0.121065,7,102739
11739,0.213069,13,102752
11740,0.241809,13,102765
11741,0.386387,21,102786
11742,0.256752,17,102803
11743,0.159128,9,102812
11744,0.207998,13,102825
11745,0.425718,24,102849
11746,0.265776,16,102865
11747,0.207885,15,102880
11748,0.018376,1,102881
11749,0.134772,8,102889
11750,0.191268,10,102899
11751,0.220255,14,102913
11752,0.163781,9,102922
11753,0.247344,13,102935
11754,0.136467,8,102943
11755,0.180207,10,102953
11756,0.386447,23,102976
11757,0.194376,11,102987
11758,0.148058,9,102996
11759,0.175877,10,103006
11760,0.298782,20,103026
11761,0.214096,12,103038
11762,0.163197,12,103050
11763,0.47979,33,103083
11764,0.341364,19,103102
11765,0.157747,9,103111
11766,0.599697,45,103156
11767,0.224514,14,103170
11768,0.1409,9,103179
11769,0.020262,1,103180
11770,0.128123,7,103187
11771,0.372048,20,103207
11772,0.14159,8,103215
11773,0.164884,9,103224
11774,0.202208,11,103235
11775,0.207595,11,103246
11776,0.36682,20,103266
11777,0.218627,12,103278
11778,0.211262,13,103291
11779,0.223766,13,103304
11780,0.208661,11,103315
11781,0.149827,8,103323
11782,0.109409,6,103329
11783,0.480937,30,103359
11784,0.21818,12,103371
11785,0.231429,13,103384
11786,0.249524,14,103398
11787,0.340339,20,103418
11788,0.019964,1,103419
11789,0.01959,1,103420
11790,0.115175,7,103427
11791,0.181507,10,103437
11792,0.268226,16,103453
11793,0.418354,24,103477
11794,0.315267,18,103495
11795,0.189447,12,103507
11796,0.244413,14,103521
11797,0.308358,17,103538
11798,0.326812,18,103556
11799,0.117034,7,103563
11800,0.34307,22,103585
11801,0.115403,7,103592
11802,0.162035,9,103601
11803,0.019884,1,103602
11804,0.206126,12,103614
11805,0.206305,11,103625
11806,0.165359,11,103636
11807,0.162672,9,103645
11808,0.132179,7,103652
11809,0.206905,12,103664
11810,0.393296,24,103688
11811,0.193953,11,103699
11812,0.215118,12,103711
11813,0.141094,9,103720
11814,0.199825,13,103733
11815,0.139395,9,103742
11816,0.206101,13,103755
11817,0.154256,9,103764
11818,0.111516,6,103770
11819,0.165147,9,103779
11820,0.178616,13,103792
11821,0.12368,8,103800
11822,0.136466,9,103809
11823,0.130087,7,103816
11824,0.020311,1,103817
11825,0.119825,7,103824
11826,0.361009,20,103844
11827,0.073623,4,103848
11828,0.123328,7,103855
11829,0.143601,8,103863
11830,0.115117,7,103870
11831,0.071112,4,103874
11832,0.195188,12,103886
11833,0.145923,8,103894
11834,0.156715,8,103902
11835,0.352185,19,103921
11836,0.228365,13,103934
11837,0.326397,18,103952
11838,0.446932,24,103976
11839,0.278865,15,103991
11840,0.454901,32,104023
11841,0.288547,22,104045
11842,0.193939,11,104056
11843,0.21991,13,104069
11844,0.149345,8,104077
11845,0.177388,10,104087
11846,0.290577,17,104104
11847,0.148868,9,104113
11848,0.143817,8,104121
11849,0.145344,9,104130
11850,0.162885,9,104139
11851,0.269071,15,104154
11852,0.164727,9,104163
11853,0.170875,11,104174
11854,0.353104,21,104195
11855,0.198692,12,104207
11856,0.105514,7,104214
11857,0.360805,20,104234
11858,0.555585,32,104266
11859,0.246571,16,104282
11860,0.120033,7,104289
11861,0.148151,8,104297
11862,0.076533,4,104301
11863,0.022101,1,104302
11864,0.361202,21,104323
11865,0.105506,6,104329
11866,0.180106,11,104340
11867,0.23505,13,104353
11868,0.191395,11,104364
11869,0.201845,21,104385
11870,0.241415,15,104400
11871,0.462228,28,104428
11872,0.279199,17,104445
11873,0.15887,10,104455
11874,0.155068,10,104465
11875,0.144663,8,104473
11876,0.157673,9,104482
11877,0.031273,2,104484
11878,0.16319,9,104493
11879,0.167797,9,104502
11880,0.184906,10,104512
11881,0.165169,9,104521
11882,0.225348,15,104536
11883,0.18128,10,104546
11884,0.204509,12,104558
11885,0.019615,1,104559
11886,0.206288,11,104570
11887,0.156154,9,104579
11888,0.114545,7,104586
11889,0.183106,10,104596
11890,0.110176,6,104602
11891,0.152222,9,104611
11892,0.166991,10,104621
11893,0.147932,8,104629
11894,0.127944,7,104636
11895,0.275386,16,104652
11896,0.124901,8,104660
11897,0.26418,14,104674
11898,0.09857,6,104680
11899,0.180176,10,104690
11900,0.184039,10,104700
11901,0.195961,11,104711
11902,0.313406,17,104728
11903,0.173024,10,104738
11904,0.093224,6,104744
11905,0.258478,17,104761
11906,0.200906,11,104772
11907,0.111941,6,104778
11908,0.228245,12,104790
11909,0.417558,28,104818
11910,0.261749,15,104833
11911,0.342783,21,104854
11912,0.205154,12,104866
11913,0.226278,14,104880
11914,0.173154,10,104890
11915,0.157814,12,104902
11916,0.196792,11,104913
11917,0.138373,8,104921
11918,0.417871,26,104947
11919,0.159197,9,104956
11920,0.260348,14,104970
11921,0.235925,13,104983
11922,0.298869,17,105000
11923,0.234787,13,105013
11924,0.141222,9,105022
11925,0.316185,20,105042
11926,0.426137,24,105066
11927,0.201777,12,105078
11928,0.220469,12,105090
11929,0.222764,12,105102
11930,0.169927,11,105113
11931,0.332746,23,105136
11932,0.1374,8,105144
11933,0.234398,13,105157
11934,0.231174,15,105172
11935,0.352757,19,105191
11936,0.32861,18,105209
11937,0.227478,12,105221
11938,0.196253,11,105232
11939,0.184725,11,105243
11940,0.191932,13,105256
11941,0.405958,24,105280
11942,0.238383,17,105297
11943,0.230863,15,105312
11944,0.206347,11,105323
11945,0.060825,4,105327
11946,0.218989,12,105339
11947,0.149104,9,105348
11948,0.058332,3,105351
11949,0.211076,12,105363
11950,0.164919,9,105372
11951,0.168229,9,105381
11952,0.236315,14,105395
11953,0.230043,13,105408
11954,0.269685,15,105423
11955,0.619987,34,105457
11956,0.082313,5,105462
11957,0.110018,6,105468
11958,0.158239,10,105478
11959,0.209867,12,105490
11960,0.244162,17,105507
11961,0.200997,11,105518
11962,0.179392,13,105531
11963,0.018383,1,105532
11964,0.148492,8,105540
11965,0.213322,13,105553
11966,0.244607,13,105566
11967,0.110571,6,105572
11968,0.42604,24,105596
11969,0.25824,15,105611
11970,0.195692,11,105622
11971,0.351709,19,105641
11972,0.166368,10,105651
11973,0.056726,3,105654
11974,0.259105,14,105668
11975,0.436759,26,105694
11976,0.197165,11,105705
11977,0.143604,8,105713
11978,0.206527,11,105724
11979,0.132346,7,105731
11980,0.289309,17,105748
11981,0.403152,28,105776
11982,0.12109,7,105783
11983,0.051752,3,105786
11984,0.079049,4,105790
11985,0.134442,7,105797
11986,0.289827,17,105814
11987,0.313697,17,105831
11988,0.067893,4,105835
11989,0.152251,9,105844
11990,0.259323,14,105858
11991,0.379641,21,105879
11992,0.136512,8,105887
11993,0.154066,9,105896
11994,0.213443,12,105908
11995,0.106519,6,105914
11996,0.226912,14,105928
11997,0.234066,14,105942
11998,0.307394,18,105960
11999,0.193987,11,105971
12000,0.201292,11,105982
12001,0.182897,10,105992
12002,0.266884,15,106007
12003,0.292375,17,106024
12004,0.116635,6,106030
12005,0.192767,12,106042
12006,0.138066,8,106050
12007,0.190297,13,106063
12008,0.279707,15,106078
12009,0.281808,16,106094
12010,0.507493,31,106125
12011,0.128916,8,106133
12012,0.163085,10,106143
12013,0.346869,20,106163
12014,0.224555,15,106178
12015,0.276776,15,106193
12016,0.315083,19,106212
12017,0.138597,8,106220
12018,0.425097,26,106246
12019,0.190617,12,106258
12020,0.107032,7,106265
12021,0.173624,10,106275
12022,0.354936,23,106298
12023,0.253749,15,106313
12024,0.150675,8,106321
12025,0.11966,7,106328
12026,0.137954,8,106336
12027,0.267692,16,106352
12028,0.133139,7,106359
12029,0.018997,1,106360
12030,0.133884,8,106368
12031,0.30111,19,106387
12032,0.247053,14,106401
12033,0.44393,24,106425
12034,0.174703,11,106436
12035,0.131492,9,106445
12036,0.339064,19,106464
12037,0.179116,10,106474
12038,0.20032,12,106486
12039,0.495925,28,106514
12040,0.168453,10,106524
12041,0.113873,7,106531
12042,0.162913,10,106541
12043,0.380694,21,106562
12044,0.342805,19,106581
12045,0.276511,16,106597
12046,0.281706,18,106615
12047,0.217604,13,106628
12048,0.151785,9,106637
12049,0.211273,11,106648
12050,0.195622,11,106659
12051,0.164173,10,106669
12052,0.187439,10,106679
12053,0.02007,1,106680
12054,0.457913,27,106707
12055,0.143499,8,106715
12056,0.107879,6,106721
12057,0.27525,15,106736
12058,0.161269,10,106746
12059,0.225224,12,106758
12060,0.495781,28,106786
12061,0.193583,11,106797
12062,0.263829,14,106811
12063,0.16861,9,106820
12064,0.341057,21,106841
12065,0.196572,11,106852
12066,0.168212,9,106861
12067,0.385179,21,106882
12068,0.240886,16,106898
12069,0.127711,7,106905
12070,0.201578,11,106916
12071,0.223748,12,106928
12072,0.275595,15,106943
12073,0.126807,8,106951
12074,0.224463,13,106964
12075,0.158766,9,106973
12076,0.07658,4,106977
12077,0.28365,19,106996
12078,0.319315,19,107015
12079,0.132539,10,107025
12080,0.175936,12,107037
12081,0.019945,1,107038
12082,0.275148,15,107053
12083,0.20493,12,107065
12084,0.26729,15,107080
12085,0.126468,8,107088
12086,0.170792,10,107098
12087,0.160297,9,107107
12088,0.116953,7,107114
12089,0.407709,26,107140
12090,0.179586,10,107150
12091,0.158223,9,107159
12092,0.154381,9,107168
12093,0.221522,12,107180
12094,0.118566,7,107187
12095,0.12271,7,107194
12096,0.146515,8,107202
12097,0.236493,14,107216
12098,0.146905,10,107226
12099,0.206682,14,107240
12100,0.186102,12,107252
12101,0.284383,16,107268
12102,0.148626,8,107276
12103,0.158175,10,107286
12104,0.125727,7,107293
12105,0.296854,16,107309
12106,0.137471,8,107317
12107,0.018574,1,107318
12108,0.175338,10,107328
12109,0.210348,12,107340
12110,0.108069,6,107346
12111,0.148826,9,107355
12112,0.187135,10,107365
12113,0.36073,23,107388
12114,0.520088,29,107417
12115,0.427879,34,107451
12116,0.304343,18,107469
12117,0.191972,11,107480
12118,0.238479,13,107493
12119,0.18385,10,107503
12120,0.221302,12,107515
12121,0.146603,9,107524
12122,0.227217,13,107537
12123,0.02002,1,107538
12124,0.17391,10,107548
12125,0.190629,11,107559
12126,0.368569,21,107580
12127,0.034065,2,107582
12128,0.372298,22,107604
12129,0.176694,11,107615
12130,0.022208,1,107616
12131,0.154521,9,107625
12132,0.20869,12,107637
12133,0.236525,14,107651
12134,0.196535,12,107663
12135,0.248935,14,107677
12136,0.201727,12,107689
12137,0.216863,12,107701
12138,0.114649,6,107707
12139,0.202346,15,107722
12140,0.277382,15,107737
12141,0.22317,12,107749
12142,0.173434,10,107759
12143,0.245888,14,107773
12144,0.316323,20,107793
12145,0.211593,12,107805
12146,0.145001,8,107813
12147,0.159914,9,107822
12148,0.093461,6,107828
12149,0.196486,11,107839
12150,0.128264,7,107846
12151,0.142427,8,107854
12152,0.194329,11,107865
12153,0.153241,8,107873
12154,0.271738,15,107888
12155,0.349139,19,107907
12156,0.590724,32,107939
12157,0.265654,15,107954
12158,0.095888,6,107960
12159,0.202569,11,107971
12160,0.129074,7,107978
12161,0.173645,10,107988
12162,0.126682,7,107995
12163,0.164315,9,108004
12164,0.225401,13,108017
12165,0.254079,14,108031
12166,0.235555,16,108047
12167,0.372246,20,108067
12168,0.260447,17,108084
12169,0.124089,8,108092
12170,0.141995,8,108100
12171,0.235808,13,108113
12172,0.144464,8,108121
12173,0.254881,15,108136
12174,0.32899,18,108154
12175,0.246878,15,108169
12176,0.129542,7,108176
12177,0.095809,5,108181
12178,0.162587,10,108191
12179,0.107174,6,108197
12180,0.284829,17,108214
12181,0.248336,15,108229
12182,0.260793,17,108246
12183,0.090715,5,108251
12184,0.144741,8,108259
12185,0.018125,1,108260
12186,0.207623,11,108271
12187,0.051433,3,108274
12188,0.258059,14,108288
12189,0.145627,8,108296
12190,0.162545,9,108305
12191,0.246456,14,108319
12192,0.159064,9,108328
12193,0.268108,15,108343
12194,0.317347,21,108364
12195,0.188874,11,108375
12196,0.131154,7,108382
12197,0.187142,10,108392
12198,0.245371,13,108405
12199,0.058542,3,108408
12200,0.36541,22,108430
12201,0.13154,8,108438
12202,0.172516,9,108447
12203,0.232276,16,108463
12204,0.121417,7,108470
12205,0.234178,14,108484
12206,0.540893,33,108517
12207,0.131922,7,108524
12208,0.148701,8,108532
12209,0.131813,8,108540
12210,0.473084,29,108569
12211,0.221902,13,108582
12212,0.261157,14,108596
12213,0.038609,2,108598
12214,0.268759,16,108614
12215,0.162337,9,108623
12216,0.185911,11,108634
12217,0.018558,1,108635
12218,0.148213,8,108643
12219,0.225402,12,108655
12220,0.173669,10,108665
12221,0.146654,8,108673
12222,0.15246,9,108682
12223,0.146058,8,108690
12224,0.284592,16,108706
12225,0.110738,6,108712
12226,0.170636,10,108722
12227,0.244222,14,108736
12228,0.212711,11,108747
12229,0.109148,7,108754
12230,0.238311,14,108768
12231,0.205436,12,108780
12232,0.219994,13,108793
12233,0.410974,23,108816
12234,0.209901,12,108828
12235,0.306137,17,108845
12236,0.295504,16,108861
12237,0.453098,25,108886
12238,0.283422,16,108902
12239,0.24746,13,108915
12240,0.369834,20,108935
12241,0.115353,6,108941
12242,0.144103,8,108949
12243,0.165113,11,108960
12244,0.324131,23,108983
12245,0.167542,9,108992
12246,0.203031,12,109004
12247,0.107704,6,109010
12248,0.11336,6,109016
12249,0.222387,12,109028
12250,0.269877,15,109043
12251,0.204877,11,109054
12252,0.373341,22,109076
12253,0.163352,10,109086
12254,0.314065,17,109103
12255,0.199119,12,109115
12256,0.292722,16,109131
12257,0.192389,11,109142
12258,0.361641,20,109162
12259,0.281576,17,109179
12260,0.16437,10,109189
12261,0.180694,10,109199
12262,0.178418,10,109209
12263,0.019264,1,109210
12264,-0.496632,20,109230
12265,0.166254,9,109239
12266,0.10739,6,109245
12267,0.228828,12,109257
12268,0.076549,4,109261
12269,0.158808,9,109270
12270,0.256398,17,109287
12271,0.085383,5,109292
12272,0.111713,6,109298
12273,0.220185,12,109310
12274,0.365297,20,109330
12275,0.292201,17,109347
12276,0.347521,19,109366
12277,0.337152,20,109386
12278,0.176045,12,109398
12279,0.312292,20,109418
12280,0.137324,8,109426
12281,0.230436,17,109443
12282,0.299619,16,109459
12283,0.108346,6,109465
12284,0.133461,7,109472
12285,0.168372,9,109481
12286,0.195239,11,109492
12287,0.18189,10,109502
12288,0.39826,24,109526
12289,0.264037,16,109542
12290,0.135719,8,109550
12291,0.164862,9,109559
12292,0.034278,2,109561
12293,0.172826,11,109572
12294,0.226483,13,109585
12295,0.093307,5,109590
12296,0.197407,12,109602
12297,0.255481,14,109616
12298,0.129924,8,109624
12299,0.201413,11,109635
12300,0.293634,16,109651
12301,0.215312,13,109664
12302,0.134691,8,109672
12303,0.335914,18,109690
12304,0.16144,11,109701
12305,0.252256,14,109715
12306,0.288166,16,109731
12307,0.172343,10,109741
12308,0.164124,9,109750
12309,0.167869,9,109759
12310,0.466397,26,109785
12311,0.201863,11,109796
12312,0.264166,19,109815
12313,0.35153,19,109834
12314,0.243108,14,109848
12315,0.167573,9,109857
12316,0.20517,12,109869
12317,0.135382,8,109877
12318,0.140921,9,109886
12319,0.329529,18,109904
12320,0.178056,11,109915
12321,0.214176,12,109927
12322,0.013073,1,109928
12323,0.098061,8,109936
12324,0.24458,14,109950
12325,0.366543,20,109970
12326,0.125006,7,109977
12327,0.255853,18,109995
12328,0.143106,8,110003
12329,0.373333,21,110024
12330,0.202279,11,110035
12331,0.277444,15,110050
12332,0.31049,18,110068
12333,0.188528,11,110079
12334,0.156455,9,110088
12335,0.152993,8,110096
12336,0.112474,6,110102
12337,0.293284,16,110118
12338,0.386526,25,110143
12339,0.320174,18,110161
12340,0.395151,23,110184
12341,0.131208,8,110192
12342,0.252906,14,110206
12343,0.340922,19,110225
12344,0.269736,15,110240
12345,0.181246,10,110250
12346,0.237736,14,110264
12347,0.42305,28,110292
12348,0.17248,10,110302
12349,0.174897,10,110312
12350,0.190736,11,110323
12351,0.150067,9,110332
12352,0.142044,8,110340
12353,0.18025,10,110350
12354,0.218919,13,110363
12355,0.321464,28,110391
12356,0.108646,7,110398
12357,0.237423,15,110413
12358,0.304005,17,110430
12359,0.183895,11,110441
12360,0.464593,47,110488
12361,0.129098,7,110495
12362,0.299873,17,110512
12363,0.152866,8,110520
12364,0.079218,4,110524
12365,0.263381,14,110538
12366,0.224935,13,110551
12367,0.326434,19,110570
12368,0.093216,5,110575
12369,0.179652,10,110585
12370,0.355264,19,110604
12371,0.366885,22,110626
12372,0.205486,11,110637
12373,0.421227,27,110664
12374,0.258059,14,110678
12375,0.177755,11,110689
12376,0.225878,12,110701
12377,0.243255,15,110716
12378,0.179963,10,110726
12379,0.143531,8,110734
12380,0.359399,21,110755
12381,0.474543,33,110788
12382,0.056775,3,110791
12383,0.01869,1,110792
12384,0.3536,21,110813
12385,0.29881,16,110829
12386,0.268972,15,110844
12387,0.144281,9,110853
12388,0.327378,21,110874
12389,0.268031,14,110888
12390,0.322693,17,110905
12391,0.380325,22,110927
12392,0.223493,13,110940
12393,0.037837,2,110942
12394,0.179617,10,110952
12395,0.143317,9,110961
12396,0.161028,10,110971
12397,0.297021,17,110988
12398,0.29803,19,111007
12399,0.020182,1,111008
12400,0.18731,11,111019
12401,0.253357,14,111033
12402,0.135673,8,111041
12403,0.200853,11,111052
12404,0.366423,20,111072
12405,0.227726,14,111086
12406,0.135323,7,111093
12407,0.182659,10,111103
12408,0.16061,9,111112
12409,0.224005,12,111124
12410,0.098604,6,111130
12411,0.15726,9,111139
12412,0.137211,7,111146
12413,0.177223,10,111156
12414,0.601701,36,111192
12415,0.146875,8,111200
12416,0.069364,4,111204
12417,0.189273,10,111214
12418,0.11403,6,111220
12419,0.255855,17,111237
12420,0.130652,9,111246
12421,0.217051,12,111258
12422,0.32094,19,111277
12423,0.305073,17,111294
12424,0.177096,11,111305
12425,0.27391,16,111321
12426,0.251196,16,111337
12427,0.359422,25,111362
12428,0.256815,15,111377
12429,0.41199,30,111407
12430,0.180134,10,111417
12431,0.09399,6,111423
12432,0.25601,15,111438
12433,0.267545,17,111455
12434,0.250469,15,111470
12435,0.01938,1,111471
12436,0.179755,10,111481
12437,0.144493,8,111489
12438,0.163487,10,111499
12439,0.284795,16,111515
12440,0.019377,1,111516
12441,0.190543,10,111526
12442,0.16755,9,111535
12443,0.134894,7,111542
12444,0.145185,8,111550
12445,0.245316,13,111563
12446,0.161834,10,111573
12447,0.200122,12,111585
12448,0.153128,8,111593
12449,0.306881,18,111611
12450,0.11004,6,111617
12451,0.194173,10,111627
12452,0.314704,17,111644
12453,0.259589,14,111658
12454,0.056211,3,111661
12455,0.309127,17,111678
12456,0.216526,14,111692
12457,0.214264,12,111704
12458,0.297697,16,111720
12459,0.250175,16,111736
12460,0.186178,10,111746
12461,0.274593,15,111761
12462,0.159779,9,111770
12463,0.40571,25,111795
12464,0.128911,7,111802
12465,0.017021,1,111803
12466,0.151633,8,111811
12467,0.1908,11,111822
12468,0.186787,10,111832
12469,0.151918,8,111840
12470,0.207759,12,111852
12471,0.140216,8,111860
12472,0.255521,14,111874
12473,0.148515,12,111886
12474,0.275594,15,111901
12475,0.148116,8,111909
12476,0.137166,9,111918
12477,0.298709,16,111934
12478,0.146292,8,111942
12479,0.163412,9,111951
12480,0.25008,14,111965
12481,0.148816,9,111974
12482,0.180098,10,111984
12483,0.179591,11,111995
12484,0.167156,9,112004
12485,0.265823,17,112021
12486,0.134937,7,112028
12487,0.196349,11,112039
12488,0.24555,16,112055
12489,0.189604,11,112066
12490,0.226565,13,112079
12491,0.158493,9,112088
12492,0.231319,13,112101
12493,0.204969,12,112113
12494,0.196289,11,112124
12495,0.020521,1,112125
12496,0.144652,8,112133
12497,0.135947,8,112141
12498,0.145985,8,112149
12499,0.187608,10,112159
12500,0.274073,17,112176
12501,0.257806,15,112191
12502,0.112627,6,112197
12503,0.14281,8,112205
12504,0.245144,14,112219
12505,0.333062,18,112237
12506,0.019774,1,112238
12507,0.237162,13,112251
12508,0.322388,17,112268
12509,0.227312,12,112280
12510,0.223892,13,112293
12511,0.306364,19,112312
12512,0.208284,12,112324
12513,0.113412,6,112330
12514,0.295234,16,112346
12515,0.203904,11,112357
12516,0.236237,14,112371
12517,0.142447,8,112379
12518,0.239257,15,112394
12519,0.227782,13,112407
12520,0.293592,17,112424
12521,0.173836,10,112434
12522,0.12744,7,112441
12523,0.220617,12,112453
12524,0.1388,12,112465
12525,0.073059,4,112469
12526,0.208661,11,112480
12527,0.287756,16,112496
12528,0.148504,10,112506
12529,0.145507,8,112514
12530,0.31338,17,112531
12531,0.460278,29,112560
12532,0.16454,10,112570
12533,0.25801,16,112586
12534,0.241274,15,112601
12535,0.116068,8,112609
12536,0.31716,20,112629
12537,0.298262,17,112646
12538,0.264795,15,112661
12539,0.197137,11,112672
12540,0.201769,11,112683
12541,0.078207,4,112687
12542,0.398155,22,112709
12543,0.328428,19,112728
12544,0.45368,28,112756
12545,0.281775,15,112771
12546,0.177056,10,112781
12547,0.182956,10,112791
12548,0.019426,1,112792
12549,0.147224,9,112801
12550,0.209119,12,112813
12551,0.15423,8,112821
12552,0.391327,27,112848
12553,0.240476,15,112863
12554,0.204011,12,112875
12555,0.275046,17,112892
12556,0.219711,12,112904
12557,0.202786,11,112915
12558,0.128897,7,112922
12559,0.14878,8,112930
12560,0.246824,15,112945
12561,0.017272,1,112946
12562,0.130785,7,112953
12563,0.331251,19,112972
12564,0.184107,10,112982
12565,0.14435,9,112991
12566,0.247896,14,113005
12567,0.164044,9,113014
12568,0.019703,1,113015
12569,0.142868,8,113023
12570,-0.179424,12,113035
12571,0.230677,13,113048
12572,0.257485,16,113064
12573,0.148042,8,113072
12574,0.160372,9,113081
12575,0.312068,21,113102
12576,0.183762,11,113113
12577,0.233929,13,113126
12578,0.180243,11,113137
12579,0.296837,17,113154
12580,0.216299,12,113166
12581,0.335477,21,113187
12582,0.240155,15,113202
12583,0.471633,29,113231
12584,0.219615,12,113243
12585,0.181738,10,113253
12586,0.40085,23,113276
12587,0.478887,28,113304
12588,0.379281,31,113335
12589,0.155193,9,113344
12590,0.074848,4,113348
12591,0.219564,12,113360
12592,0.262506,18,113378
12593,0.23533,14,113392
12594,0.114588,6,113398
12595,0.198554,11,113409
12596,0.246,16,113425
12597,0.328373,19,113444
12598,0.238313,14,113458
12599,0.121174,7,113465
12600,0.280429,17,113482
12601,0.114879,7,113489
12602,0.608855,34,113523
12603,0.252799,14,113537
12604,0.112493,6,113543
12605,0.353382,21,113564
12606,0.20862,12,113576
12607,0.221648,13,113589
12608,0.184315,10,113599
12609,0.16525,9,113608
12610,0.237697,14,113622
12611,0.417853,27,113649
12612,0.273413,16,113665
12613,0.359911,21,113686
12614,0.056158,3,113689
12615,0.305001,17,113706
12616,0.200929,11,113717
12617,0.143374,8,113725
12618,0.1858,10,113735
12619,0.243244,17,113752
12620,0.111555,6,113758
12621,0.019162,1,113759
12622,0.324408,18,113777
12623,0.104286,6,113783
12624,0.168608,11,113794
12625,0.176115,11,113805
12626,0.244065,14,113819
12627,0.231657,13,113832
12628,0.21536,13,113845
12629,0.244733,15,113860
12630,0.175782,10,113870
12631,0.204424,12,113882
12632,0.07156,4,113886
12633,0.136237,9,113895
12634,0.128474,7,113902
12635,0.136464,8,113910
12636,0.141324,8,113918
12637,0.092458,5,113923
12638,0.272383,20,113943
12639,0.206961,13,113956
12640,0.131489,7,113963
12641,0.150691,8,113971
12642,0.217863,13,113984
12643,0.386276,21,114005
12644,0.131495,7,114012
12645,0.244119,14,114026
12646,0.291474,21,114047
12647,0.603423,47,114094
12648,0.344836,19,114113
12649,0.215582,12,114125
12650,0.312733,17,114142
12651,0.21767,13,114155
12652,0.075101,4,114159
12653,0.264199,14,114173
12654,0.139863,8,114181
12655,0.23742,13,114194
12656,0.211495,12,114206
12657,0.156681,9,114215
12658,0.018988,1,114216
12659,0.269583,20,114236
12660,0.483624,28,114264
12661,0.017854,1,114265
12662,0.320064,18,114283
12663,0.077604,4,114287
12664,0.18982,11,114298
12665,0.374785,22,114320
12666,0.251553,14,114334
12667,0.481531,27,114361
12668,0.183921,10,114371
12669,0.171504,10,114381
12670,0.468231,26,114407
12671,0.110955,6,114413
12672,0.111186,6,114419
12673,0.260076,14,114433
12674,0.195823,11,114444
12675,0.197222,12,114456
12676,0.252138,14,114470
12677,-0.042395,21,114491
12678,0.187247,12,114503
12679,0.039335,2,114505
12680,0.504793,35,114540
12681,0.199978,12,114552
12682,0.138288,8,114560
12683,0.142671,8,114568
12684,0.238414,13,114581
12685,0.149582,8,114589
12686,0.294604,18,114607
12687,0.286724,16,114623
12688,0.272222,15,114638
12689,0.215147,12,114650
12690,0.153418,10,114660
12691,0.164885,9,114669
12692,0.077154,4,114673
12693,0.221682,13,114686
12694,0.315629,20,114706
12695,0.108546,6,114712
12696,0.139205,8,114720
12697,0.203143,11,114731
12698,0.144009,8,114739
12699,0.132744,8,114747
12700,0.160364,9,114756
12701,0.264804,17,114773
12702,0.195486,11,114784
12703,0.139667,8,114792
12704,0.19251,11,114803
12705,0.186835,10,114813
12706,0.01836,1,114814
12707,0.147133,8,114822
12708,0.448681,29,114851
12709,0.234319,13,114864
12710,0.181689,10,114874
12711,0.146386,8,114882
12712,0.254069,15,114897
12713,0.191549,11,114908
12714,0.386289,21,114929
12715,0.174668,10,114939
12716,0.337714,20,114959
12717,0.315515,17,114976
12718,0.191263,11,114987
12719,0.19911,12,114999
12720,0.231664,13,115012
12721,0.250048,15,115027
12722,0.254718,16,115043
12723,0.121391,7,115050
12724,0.16814,9,115059
12725,0.348356,20,115079
12726,0.182172,11,115090
12727,0.169683,9,115099
12728,0.2058,11,115110
12729,0.138908,9,115119
12730,0.250394,14,115133
12731,0.221832,12,115145
12732,0.254431,14,115159
12733,0.289561,18,115177
12734,0.128844,7,115184
12735,0.367575,21,115205
12736,0.019141,1,115206
12737,0.145858,8,115214
12738,0.243321,14,115228
12739,0.119535,7,115235
12740,0.128504,7,115242
12741,0.308644,17,115259
12742,0.285743,18,115277
12743,0.37403,21,115298
12744,0.125769,9,115307
12745,0.228329,15,115322
12746,0.15215,8,115330
12747,0.381765,21,115351
12748,0.150302,9,115360
12749,0.234532,17,115377
12750,0.113855,6,115383
12751,0.288486,16,115399
12752,0.368938,21,115420
12753,0.219528,12,115432
12754,0.164405,9,115441
12755,0.222428,12,115453
12756,0.13546,7,115460
12757,0.187813,10,115470
12758,0.154556,9,115479
12759,0.22902,13,115492
12760,0.224302,12,115504
12761,0.228637,13,115517
12762,0.144178,8,115525
12763,0.141308,8,115533
12764,0.115096,6,115539
12765,0.227012,14,115553
12766,0.168284,9,115562
12767,0.237478,13,115575
12768,0.149407,9,115584
12769,0.20864,12,115596
12770,0.164823,9,115605
12771,0.309645,17,115622
12772,0.284552,17,115639
12773,0.019693,1,115640
12774,0.243234,14,115654
12775,0.17967,12,115666
12776,0.164675,10,115676
12777,0.187997,11,115687
12778,0.150737,9,115696
12779,0.194559,11,115707
12780,0.228625,13,115720
12781,0.19106,13,115733
12782,0.31896,17,115750
12783,0.206976,12,115762
12784,0.356621,22,115784
12785,0.172064,9,115793
12786,0.236747,13,115806
12787,0.218194,12,115818
12788,0.088018,5,115823
12789,0.311814,17,115840
12790,0.209066,12,115852
12791,0.175471,10,115862
12792,0.242776,13,115875
12793,0.020508,1,115876
12794,0.573926,31,115907
12795,0.144172,8,115915
12796,0.194859,11,115926
12797,0.074131,4,115930
12798,0.172,11,115941
12799,0.303211,18,115959
12800,0.215817,13,115972
12801,0.290509,16,115988
12802,0.109345,6,115994
12803,0.256208,14,116008
12804,0.17743,10,116018
12805,0.147293,9,116027
12806,0.058056,3,116030
12807,0.156371,9,116039
12808,0.223008,12,116051
12809,0.157542,11,116062
12810,0.38956,21,116083
12811,0.184732,10,116093
12812,0.019239,1,116094
12813,0.215642,12,116106
12814,0.167191,10,116116
12815,0.284891,18,116134
12816,0.018887,1,116135
12817,0.316373,19,116154
12818,0.17782,10,116164
12819,0.121795,7,116171
12820,0.246142,14,116185
12821,0.373306,23,116208
12822,0.154754,10,116218
12823,0.016779,1,116219
12824,0.310529,23,116242
12825,0.317251,23,116265
12826,0.224314,16,116281
12827,0.018195,1,116282
12828,0.144889,8,116290
12829,0.275335,15,116305
12830,0.184137,10,116315
12831,0.037689,2,116317
12832,0.160456,9,116326
12833,0.168443,9,116335
12834,0.136695,8,116343
12835,0.212388,15,116358
12836,0.241132,13,116371
12837,0.016706,1,116372
12838,0.150957,8,116380
12839,0.215994,12,116392
12840,0.509822,28,116420
12841,0.228848,12,116432
12842,0.16213,12,116444
12843,0.360921,21,116465
12844,0.114105,6,116471
12845,0.159149,10,116481
12846,0.021644,1,116482
12847,0.176004,10,116492
12848,0.278936,20,116512
12849,0.252585,17,116529
12850,0.247616,14,116543
12851,0.151267,8,116551
12852,0.368989,21,116572
12853,0.212638,12,116584
12854,0.28745,16,116600
12855,0.337356,18,116618
12856,0.509133,28,116646
12857,0.220415,12,116658
12858,0.340758,19,116677
12859,0.208077,11,116688
12860,0.218249,13,116701
12861,0.181049,10,116711
12862,0.168892,9,116720
12863,0.252598,14,116734
12864,0.192247,11,116745
12865,0.348526,20,116765
12866,0.194234,11,116776
12867,0.369999,20,116796
12868,0.298089,17,116813
12869,0.077308,4,116817
12870,0.23508,13,116830
12871,0.224841,13,116843
12872,0.222546,12,116855
12873,0.16443,10,116865
12874,0.178356,10,116875
12875,-0.133239,17,116892
12876,0.204666,11,116903
12877,0.254957,14,116917
12878,0.173874,10,116927
12879,0.317547,17,116944
12880,0.302503,20,116964
12881,0.309907,19,116983
12882,0.167977,9,116992
12883,0.277465,15,117007
12884,0.208731,11,117018
12885,0.141302,8,117026
12886,0.095814,5,117031
12887,0.147913,9,117040
12888,0.526536,40,117080
12889,0.24401,13,117093
12890,0.147453,8,117101
12891,0.314265,17,117118
12892,0.187528,10,117128
12893,0.097334,5,117133
12894,0.237879,13,117146
12895,0.105909,7,117153
12896,0.249391,14,117167
12897,0.179564,10,117177
12898,0.324862,19,117196
12899,0.195664,11,117207
12900,0.161231,9,117216
12901,0.169593,10,117226
12902,0.370692,20,117246
12903,0.315789,18,117264
12904,0.15163,8,117272
12905,0.36805,21,117293
12906,0.019609,1,117294
12907,0.223233,13,117307
12908,0.14241,8,117315
12909,0.177604,11,117326
12910,0.145997,8,117334
12911,0.346267,20,117354
12912,0.216862,12,117366
12913,0.096893,5,117371
12914,0.334211,23,117394
12915,0.241432,13,117407
12916,0.36682,21,117428
12917,0.266632,14,117442
12918,0.150723,8,117450
12919,0.168522,9,117459
12920,0.234415,13,117472
12921,0.205472,11,117483
12922,0.222401,14,117497
12923,0.158643,9,117506
12924,0.146229,9,117515
12925,0.413114,22,117537
12926,0.019999,1,117538
12927,0.245636,15,117553
12928,0.329539,20,117573
12929,0.297943,16,117589
12930,0.220345,13,117602
12931,0.162189,9,117611
12932,0.202582,11,117622
12933,0.134538,8,117630
12934,0.274863,15,117645
12935,0.019374,1,117646
12936,0.46595,25,117671
12937,0.251893,14,117685
12938,0.278093,16,117701
12939,0.265295,15,117716
12940,0.22365,13,117729
12941,0.206637,12,117741
12942,0.23042,13,117754
12943,0.291874,19,117773
12944,0.345072,27,117800
12945,0.293629,17,117817
12946,0.144664,8,117825
12947,0.332854,19,117844
12948,0.378363,27,117871
12949,0.403274,22,117893
12950,0.020074,1,117894
12951,0.413368,26,117920
12952,0.151157,9,117929
12953,0.261718,14,117943
12954,0.28649,16,117959
12955,0.171063,9,117968
12956,0.198216,11,117979
12957,0.438499,24,118003
12958,0.174688,10,118013
12959,0.202859,14,118027
12960,0.363615,22,118049
12961,0.201977,11,118060
12962,0.240089,13,118073
12963,0.156404,9,118082
12964,0.241623,14,118096
12965,0.176819,10,118106
12966,0.190251,11,118117
12967,0.1628,9,118126
12968,0.160909,9,118135
12969,0.404441,25,118160
12970,0.171791,11,118171
12971,0.353518,20,118191
12972,0.178878,10,118201
12973,0.234002,13,118214
12974,0.203553,12,118226
12975,0.183818,10,118236
12976,0.193101,11,118247
12977,0.191591,11,118258
12978,0.253783,14,118272
12979,0.201664,11,118283
12980,0.304379,18,118301
12981,0.383498,28,118329
12982,0.232953,13,118342
12983,0.43125,23,118365
12984,0.393935,25,118390
12985,0.113137,6,118396
12986,0.116497,6,118402
12987,0.018859,1,118403
12988,0.260257,14,118417
12989,0.424545,23,118440
12990,0.19459,12,118452
12991,0.195426,12,118464
12992,0.162091,9,118473
12993,0.021224,1,118474
12994,0.350602,19,118493
12995,0.161467,9,118502
12996,0.253089,15,118517
12997,0.165431,9,118526
12998,0.214285,13,118539
12999,0.216217,13,118552
13000,0.2948,16,118568
13001,0.380487,23,118591
13002,0.220618,12,118603
13003,0.136877,7,118610
13004,0.198763,11,118621
13005,0.146925,10,118631
13006,0.263488,15,118646
13007,0.010545,1,118647
13008,0.258437,14,118661
13009,0.166245,9,118670
13010,0.241109,14,118684
13011,0.306045,21,118705
13012,0.175572,10,118715
13013,0.018847,1,118716
13014,0.127214,7,118723
13015,0.31574,20,118743
13016,0.231404,15,118758
13017,0.204746,13,118771
13018,0.222707,12,118783
13019,0.19222,11,118794
13020,0.152173,10,118804
13021,0.266207,17,118821
13022,0.146386,8,118829
13023,0.146961,8,118837
13024,0.019771,1,118838
13025,0.213907,12,118850
13026,0.364062,21,118871
13027,0.239154,15,118886
13028,0.133582,8,118894
13029,0.236588,14,118908
13030,0.163701,9,118917
13031,0.206275,12,118929
13032,0.218334,13,118942
13033,0.240424,13,118955
13034,0.10407,6,118961
13035,0.176539,10,118971
13036,0.234044,13,118984
13037,0.267506,16,119000
13038,0.110247,6,119006
13039,0.293118,16,119022
13040,0.188212,10,119032
13041,0.647839,37,119069
13042,0.331474,20,119089
13043,0.113944,7,119096
13044,0.295816,17,119113
13045,0.340974,18,119131
13046,0.177591,10,119141
13047,0.110115,6,119147
13048,0.176861,10,119157
13049,0.212233,13,119170
13050,0.437226,24,119194
13051,0.161259,9,119203
13052,0.216305,12,119215
13053,0.145134,8,119223
13054,0.251614,14,119237
13055,0.229499,14,119251
13056,0.153863,9,119260
13057,0.147031,8,119268
13058,0.110059,6,119274
13059,0.228968,13,119287
13060,0.291092,16,119303
13061,0.201322,12,119315
13062,0.132309,7,119322
13063,0.265723,16,119338
13064,0.264684,15,119353
13065,0.264492,14,119367
13066,0.277941,15,119382
13067,0.258338,14,119396
13068,0.250285,16,119412
13069,0.096043,5,119417
13070,0.177536,10,119427
13071,0.348571,19,119446
13072,0.192381,10,119456
13073,0.172275,9,119465
13074,0.335686,29,119494
13075,0.291,21,119515
13076,0.164314,9,119524
13077,0.347124,19,119543
13078,0.149199,8,119551
13079,0.224678,12,119563
13080,0.239449,13,119576
13081,0.107063,7,119583
13082,0.138574,8,119591
13083,0.217962,14,119605
13084,0.204649,12,119617
13085,0.230357,13,119630
13086,0.250236,14,119644
13087,0.237634,14,119658
13088,0.094171,5,119663
13089,0.283556,16,119679
13090,0.230849,13,119692
13091,0.233477,14,119706
13092,0.214811,12,119718
13093,0.197933,13,119731
13094,0.208665,12,119743
13095,0.445616,25,119768
13096,0.214632,12,119780
13097,0.192762,11,119791
13098,0.113311,6,119797
13099,0.197725,11,119808
13100,0.408326,22,119830
13101,0.222347,13,119843
13102,0.211517,12,119855
13103,0.253566,14,119869
13104,0.073247,4,119873
13105,0.143558,8,119881
13106,0.2872,18,119899
13107,0.182996,10,119909
13108,0.180237,10,119919
13109,0.212856,13,119932
13110,0.159552,9,119941
13111,0.238439,15,119956
13112,0.252274,18,119974
13113,0.216576,13,119987
13114,0.293199,16,120003
13115,0.168591,9,120012
13116,0.290948,16,120028
13117,0.194309,11,120039
13118,0.141356,9,120048
13119,0.07033,4,120052
13120,0.197084,11,120063
13121,0.220702,15,120078
13122,0.314098,19,120097
13123,0.215825,13,120110
13124,0.190816,10,120120
13125,0.324373,21,120141
13126,0.177462,11,120152
13127,0.107037,6,120158
13128,0.088111,5,120163
13129,0.349737,21,120184
13130,0.202566,11,120195
13131,0.207355,11,120206
13132,0.248681,13,120219
13133,0.256717,17,120236
13134,0.181656,10,120246
13135,0.11214,6,120252
13136,0.182,10,120262
13137,0.231104,13,120275
13138,0.159094,9,120284
13139,0.240675,13,120297
13140,0.174395,10,120307
13141,0.017909,1,120308
13142,0.107636,7,120315
13143,0.21602,12,120327
13144,0.184405,10,120337
13145,0.248213,14,120351
13146,0.019727,1,120352
13147,0.233592,14,120366
13148,0.460311,25,120391
13149,0.308343,17,120408
13150,-0.051034,20,120428
13151,0.314537,17,120445
13152,0.285593,17,120462
13153,0.367178,21,120483
13154,0.034204,2,120485
13155,0.140705,8,120493
13156,0.226691,13,120506
13157,0.282994,18,120524
13158,0.211679,13,120537
13159,0.095935,5,120542
13160,0.216728,13,120555
13161,0.342399,20,120575
13162,0.258557,17,120592
13163,0.321798,18,120610
13164,0.161985,11,120621
13165,0.288146,17,120638
13166,0.198748,11,120649
13167,0.141857,8,120657
13168,0.178957,10,120667
13169,0.175958,10,120677
13170,0.147347,8,120685
13171,0.123814,8,120693
13172,0.165,9,120702
13173,0.275875,15,120717
13174,0.233943,13,120730
13175,0.311479,18,120748
13176,0.25725,14,120762
13177,0.21205,12,120774
13178,0.453312,25,120799
13179,0.210038,12,120811
13180,-0.194548,11,120822
13181,0.284164,17,120839
13182,0.176099,10,120849
13183,0.267661,15,120864
13184,0.514946,28,120892
13185,0.275583,16,120908
13186,0.427948,25,120933
13187,0.162505,10,120943
13188,0.276922,16,120959
13189,0.02089,1,120960
13190,0.165845,9,120969
13191,0.092814,5,120974
13192,0.498898,27,121001
13193,0.270789,18,121019
13194,0.24253,14,121033
13195,0.163344,9,121042
13196,0.240773,13,121055
13197,0.212787,13,121068
13198,0.019854,1,121069
13199,0.239779,14,121083
13200,0.173861,10,121093
13201,0.117952,7,121100
13202,0.260245,14,121114
13203,0.017984,1,121115
13204,0.266245,15,121130
13205,0.328942,20,121150
13206,0.270527,15,121165
13207,0.316638,17,121182
13208,0.354707,21,121203
13209,0.307709,18,121221
13210,-0.053277,21,121242
13211,0.144434,8,121250
13212,0.298611,17,121267
13213,0.216921,12,121279
13214,0.26931,16,121295
13215,0.316747,17,121312
13216,0.207732,11,121323
13217,0.166322,10,121333
13218,0.328847,18,121351
13219,0.180036,10,121361
13220,0.102831,7,121368
13221,0.149016,8,121376
13222,0.432166,26,121402
13223,0.215977,12,121414
13224,0.273447,16,121430
13225,0.254226,14,121444
13226,0.020097,1,121445
13227,0.057303,3,121448
13228,0.4217,23,121471
13229,0.12998,7,121478
13230,0.31068,22,121500
13231,0.24745,16,121516
13232,0.251604,14,121530
13233,0.253897,15,121545
13234,0.165699,11,121556
13235,0.144015,8,121564
13236,0.207503,11,121575
13237,0.144895,8,121583
13238,0.310925,18,121601
13239,0.219293,12,121613
13240,0.207773,12,121625
13241,0.12825,7,121632
13242,0.146334,8,121640
13243,0.174663,12,121652
13244,0.077444,4,121656
13245,0.176857,10,121666
13246,0.148962,9,121675
13247,0.195384,12,121687
13248,0.15732,9,121696
13249,0.018175,1,121697
13250,0.358064,20,121717
13251,0.104327,6,121723
13252,0.336528,20,121743
13253,0.326015,21,121764
13254,0.175829,10,121774
13255,0.312127,17,121791
13256,0.18412,11,121802
13257,0.148424,8,121810
13258,0.285582,16,121826
13259,0.205733,11,121837
13260,0.176996,11,121848
13261,0.189163,10,121858
13262,0.335794,19,121877
13263,0.351232,20,121897
13264,0.169469,10,121907
13265,0.23429,13,121920
13266,0.102669,6,121926
13267,0.242165,14,121940
13268,0.017556,1,121941
13269,0.162164,9,121950
13270,0.190122,12,121962
13271,0.203358,13,121975
13272,0.190523,10,121985
13273,0.255998,14,121999
13274,0.340094,21,122020
13275,0.189479,13,122033
13276,0.182585,11,122044
13277,0.304445,18,122062
13278,0.017461,1,122063
13279,0.14284,8,122071
13280,0.185007,10,122081
13281,0.019426,1,122082
13282,0.278663,15,122097
13283,0.204021,15,122112
13284,0.2703,15,122127
13285,0.018571,1,122128
13286,0.163916,9,122137
13287,0.094397,5,122142
13288,0.246908,13,122155
13289,0.177867,10,122165
13290,0.197515,12,122177
13291,0.324539,18,122195
13292,0.114386,6,122201
13293,0.179699,10,122211
13294,0.13777,8,122219
13295,0.131045,8,122227
13296,0.135572,8,122235
13297,0.09129,6,122241
13298,0.155992,9,122250
13299,0.02165,1,122251
13300,0.069462,4,122255
13301,0.374678,21,122276
13302,0.149942,8,122284
13303,0.171158,13,122297
13304,0.132595,7,122304
13305,0.309912,19,122323
13306,0.145947,8,122331
13307,0.017426,1,122332
13308,0.128589,8,122340
13309,0.130616,7,122347
13310,0.019387,1,122348
13311,0.274215,15,122363
13312,0.192016,11,122374
13313,0.25809,15,122389
13314,0.149254,10,122399
13315,0.018287,1,122400
13316,0.257366,14,122414
13317,0.22838,13,122427
13318,0.518002,31,122458
13319,0.19368,11,122469
13320,0.172166,9,122478
13321,0.393499,24,122502
13322,0.199235,12,122514
13323,0.234867,13,122527
13324,0.213668,12,122539
13325,0.154989,9,122548
13326,0.256297,14,122562
13327,0.228014,12,122574
13328,0.019951,1,122575
13329,0.423161,27,122602
13330,0.125467,7,122609
13331,0.303261,23,122632
13332,0.114346,6,122638
13333,0.244214,13,122651
13334,0.238835,15,122666
13335,0.130863,7,122673
13336,0.183692,10,122683
13337,0.262023,16,122699
13338,0.220793,12,122711
13339,0.276174,17,122728
13340,0.268735,16,122744
13341,0.185475,12,122756
13342,0.2742,15,122771
13343,0.351675,21,122792
13344,0.288011,17,122809
13345,0.199247,11,122820
13346,0.148427,8,122828
13347,0.320014,27,122855
13348,0.205887,11,122866
13349,0.232084,13,122879
13350,0.276953,16,122895
13351,0.183931,10,122905
13352,0.292334,16,122921
13353,0.106629,6,122927
13354,0.058193,3,122930
13355,0.333097,20,122950
13356,0.161814,9,122959
13357,0.01559,1,122960
13358,0.246234,15,122975
13359,0.085284,5,122980
13360,0.179459,10,122990
13361,0.170129,9,122999
13362,0.187494,10,123009
13363,0.324373,19,123028
13364,0.216165,14,123042
13365,0.252876,14,123056
13366,0.242553,13,123069
13367,0.309778,17,123086
13368,0.239916,14,123100
13369,0.259489,15,123115
13370,0.267226,18,123133
13371,0.163407,11,123144
13372,0.094707,5,123149
13373,0.213065,12,123161
13374,0.297654,19,123180
13375,0.545256,31,123211
13376,0.255315,19,123230
13377,0.215797,14,123244
13378,0.466635,27,123271
13379,0.301074,18,123289
13380,0.165821,9,123298
13381,0.322051,18,123316
13382,0.35032,19,123335
13383,0.167229,9,123344
13384,0.283966,16,123360
13385,0.155564,8,123368
13386,0.243507,13,123381
13387,0.215853,13,123394
13388,0.342178,25,123419
13389,0.3576,20,123439
13390,0.22561,13,123452
13391,0.200193,11,123463
13392,0.058109,3,123466
13393,0.334305,19,123485
13394,0.165488,9,123494
13395,0.408142,22,123516
13396,0.203479,11,123527
13397,0.214509,12,123539
13398,0.263923,15,123554
13399,0.244777,14,123568
13400,0.297173,16,123584
13401,0.375273,20,123604
13402,0.202339,11,123615
13403,0.231675,14,123629
13404,0.248088,14,123643
13405,0.35829,21,123664
13406,0.306291,17,123681
13407,0.181718,10,123691
13408,0.217486,12,123703
13409,0.239419,13,123716
13410,0.019835,1,123717
13411,0.124772,7,123724
13412,0.20288,12,123736
13413,0.25194,15,123751
13414,0.314107,19,123770
13415,0.256597,16,123786
13416,0.217701,12,123798
13417,0.372698,22,123820
13418,0.201956,11,123831
13419,0.514608,28,123859
13420,0.253021,17,123876
13421,0.33418,19,123895
13422,0.171133,10,123905
13423,0.286945,16,123921
13424,0.10145,6,123927
13425,0.288737,16,123943
13426,0.271532,16,123959
13427,0.333231,18,123977
13428,0.217451,13,123990
13429,0.162367,9,123999
13430,0.179195,10,124009
13431,0.320491,19,124028
13432,0.199231,11,124039
13433,0.170014,9,124048
13434,0.202812,15,124063
13435,0.202065,12,124075
13436,0.164542,9,124084
13437,0.176111,10,124094
13438,0.31214,19,124113
13439,0.231837,13,124126
13440,0.268027,16,124142
13441,0.265675,16,124158
13442,0.139643,9,124167
13443,0.18298,10,124177
13444,0.239128,13,124190
13445,0.141894,8,124198
13446,0.241196,13,124211
13447,0.141518,8,124219
13448,0.187216,10,124229
13449,0.299406,18,124247
13450,0.26701,17,124264
13451,0.153823,9,124273
13452,0.322015,19,124292
13453,0.215971,12,124304
13454,0.376203,24,124328
13455,0.257297,15,124343
13456,0.077468,4,124347
13457,0.144953,8,124355
13458,0.378289,21,124376
13459,0.331736,19,124395
13460,0.200078,11,124406
13461,0.205229,13,124419
13462,0.174817,10,124429
13463,0.140545,8,124437
13464,0.149865,8,124445
13465,0.264992,15,124460
13466,0.178706,10,124470
13467,0.214145,15,124485
13468,0.17782,10,124495
13469,0.132812,7,124502
13470,0.185637,10,124512
13471,0.299584,16,124528
13472,0.450391,24,124552
13473,0.210719,11,124563
13474,0.309877,17,124580
13475,0.223653,13,124593
13476,0.121267,7,124600
13477,0.306853,17,124617
13478,0.278869,15,124632
13479,0.20035,11,124643
13480,0.167408,9,124652
13481,0.256499,15,124667
13482,0.15272,9,124676
13483,0.252907,14,124690
13484,0.199976,12,124702
13485,0.203545,11,124713
13486,0.251186,14,124727
13487,0.204809,11,124738
13488,0.331726,19,124757
13489,0.220659,12,124769
13490,0.460231,26,124795
13491,0.170464,9,124804
13492,0.424328,24,124828
13493,0.144475,8,124836
13494,0.143467,10,124846
13495,0.42288,23,124869
13496,0.076615,4,124873
13497,0.311489,17,124890
13498,0.352702,19,124909
13499,0.203412,12,124921
13500,0.339605,18,124939
13501,0.281916,15,124954
13502,0.111718,6,124960
13503,0.206812,12,124972
13504,0.143074,8,124980
13505,0.250484,14,124994
13506,0.265114,14,125008
13507,0.189288,13,125021
13508,0.258764,14,125035
13509,0.388641,24,125059
13510,0.277235,17,125076
13511,-0.049289,19,125095
13512,0.172676,10,125105
13513,0.160469,9,125114
13514,0.177777,10,125124
13515,0.16656,10,125134
13516,0.167242,11,125145
13517,0.319337,18,125163
13518,0.200466,12,125175
13519,0.293124,17,125192
13520,0.225764,12,125204
13521,0.18565,11,125215
13522,0.209441,11,125226
13523,0.212272,12,125238
13524,0.16236,10,125248
13525,0.329456,21,125269
13526,0.2173,12,125281
13527,0.281076,16,125297
13528,0.187577,10,125307
13529,0.293781,17,125324
13530,0.188761,11,125335
13531,0.441678,26,125361
13532,0.194796,11,125372
13533,0.015866,1,125373
13534,0.265461,15,125388
13535,0.162343,9,125397
13536,0.210455,12,125409
13537,0.267324,17,125426
13538,0.235343,13,125439
13539,0.250424,14,125453
13540,0.113538,6,125459
13541,0.224788,13,125472
13542,0.210569,12,125484
13543,0.41405,24,125508
13544,0.164652,9,125517
13545,0.203951,13,125530
13546,0.155415,8,125538
13547,0.071038,4,125542
13548,0.112694,6,125548
13549,0.123674,8,125556
13550,0.018649,1,125557
13551,0.224326,12,125569
13552,0.286644,16,125585
13553,0.278852,16,125601
13554,0.2363,13,125614
13555,0.018966,1,125615
13556,0.01982,1,125616
13557,0.208665,12,125628
13558,0.471105,31,125659
13559,0.166778,9,125668
13560,0.019925,1,125669
13561,0.199514,13,125682
13562,0.309303,17,125699
13563,0.054978,3,125702
13564,0.359963,20,125722
13565,0.168102,10,125732
13566,0.223672,12,125744
13567,0.05671,3,125747
13568,0.239902,13,125760
13569,0.057231,3,125763
13570,0.174037,11,125774
13571,0.117117,6,125780
13572,0.20563,12,125792
13573,0.175429,10,125802
13574,0.14182,8,125810
13575,0.167618,9,125819
13576,0.182045,10,125829
13577,0.136039,8,125837
13578,0.199715,11,125848
13579,0.155267,9,125857
13580,0.144882,8,125865
13581,0.117401,7,125872
13582,0.298509,16,125888
13583,0.280199,15,125903
13584,0.211274,13,125916
13585,0.447297,33,125949
13586,0.106831,6,125955
13587,0.413215,23,125978
13588,0.206204,12,125990
13589,0.299329,18,126008
13590,0.141148,8,126016
13591,0.301545,16,126032
13592,0.32215,18,126050
13593,0.472641,26,126076
13594,0.38904,23,126099
13595,0.218139,12,126111
13596,0.291616,16,126127
13597,0.260785,14,126141
13598,0.021032,1,126142
13599,0.189512,11,126153
13600,0.233192,14,126167
13601,0.263917,14,126181
13602,0.448462,24,126205
13603,0.171318,10,126215
13604,0.366612,22,126237
13605,0.196757,11,126248
13606,0.209545,12,126260
13607,0.222728,12,126272
13608,0.261968,15,126287
13609,0.322299,19,126306
13610,0.239968,14,126320
13611,0.281643,18,126338
13612,0.429839,23,126361
13613,0.129338,7,126368
13614,0.222839,14,126382
13615,0.180146,10,126392
13616,0.256673,17,126409
13617,0.164435,13,126422
13618,0.191974,11,126433
13619,0.245519,14,126447
13620,0.270829,15,126462
13621,0.567786,31,126493
13622,0.243102,13,126506
13623,0.247206,14,126520
13624,0.150952,8,126528
13625,0.15468,10,126538
13626,0.247788,15,126553
13627,0.230957,13,126566
13628,0.13474,9,126575
13629,0.384717,22,126597
13630,0.399498,27,126624
13631,0.218777,12,126636
13632,0.404035,24,126660
13633,0.179973,10,126670
13634,0.35624,22,126692
13635,0.413946,24,126716
13636,0.187178,11,126727
13637,0.387897,25,126752
13638,0.380316,24,126776
13639,0.191789,11,126787
13640,0.239568,14,126801
13641,0.182629,10,126811
13642,0.153391,9,126820
13643,0.223625,15,126835
13644,0.312945,18,126853
13645,0.236575,14,126867
13646,0.019542,1,126868
13647,0.152964,9,126877
13648,0.244987,14,126891
13649,0.01832,1,126892
13650,0.39685,31,126923
13651,0.239632,14,126937
13652,0.210627,12,126949
13653,0.22381,13,126962
13654,0.092198,5,126967
13655,0.157691,9,126976
13656,0.17088,10,126986
13657,0.112572,6,126992
13658,0.159917,9,127001
13659,0.180587,10,127011
13660,0.218184,12,127023
13661,0.362061,21,127044
13662,0.150344,8,127052
13663,0.077133,4,127056
13664,0.224174,12,127068
13665,0.350444,25,127093
13666,0.233149,16,127109
13667,0.125058,7,127116
13668,0.415537,24,127140
13669,0.216966,12,127152
13670,0.2213,12,127164
13671,0.367843,20,127184
13672,0.383514,30,127214
13673,0.276555,15,127229
13674,0.149948,8,127237
13675,0.131069,7,127244
13676,0.170094,9,127253
13677,0.303625,17,127270
13678,0.123205,7,127277
13679,0.297101,17,127294
13680,0.163881,9,127303
13681,0.188004,11,127314
13682,0.274096,16,127330
13683,0.229139,13,127343
13684,0.216197,13,127356
13685,0.172118,9,127365
13686,0.274291,16,127381
13687,0.138198,8,127389
13688,0.200295,12,127401
13689,0.274265,15,127416
13690,0.19978,11,127427
13691,0.417591,23,127450
13692,0.289089,17,127467
13693,0.237139,14,127481
13694,0.195945,11,127492
13695,0.278058,15,127507
13696,0.198336,11,127518
13697,0.148777,9,127527
13698,0.362791,23,127550
13699,0.336746,19,127569
13700,0.359584,20,127589
13701,0.020162,1,127590
13702,0.116661,8,127598
13703,0.165876,10,127608
13704,0.268253,15,127623
13705,0.121265,7,127630
13706,0.308597,19,127649
13707,0.183064,12,127661
13708,0.232748,13,127674
13709,0.399059,23,127697
13710,0.162972,9,127706
13711,0.318592,19,127725
13712,0.232079,13,127738
13713,0.193474,11,127749
13714,0.387919,21,127770
13715,0.153467,9,127779
13716,0.267945,16,127795
13717,0.345554,20,127815
13718,0.256259,14,127829
13719,0.181521,10,127839
13720,0.362527,22,127861
13721,0.122845,8,127869
13722,0.019728,1,127870
13723,0.247555,14,127884
13724,0.142935,8,127892
13725,0.235867,14,127906
13726,0.445625,24,127930
13727,0.291555,17,127947
13728,0.368956,21,127968
13729,0.177219,10,127978
13730,0.203267,12,127990
13731,0.190827,11,128001
13732,0.305043,17,128018
13733,0.303793,17,128035
13734,0.291521,18,128053
13735,0.22115,13,128066
13736,0.231479,13,128079
13737,0.312291,17,128096
13738,0.326977,27,128123
13739,0.217475,12,128135
13740,0.131395,7,128142
13741,0.199837,14,128156
13742,0.176251,10,128166
13743,0.262605,15,128181
13744,0.015461,1,128182
13745,0.202253,12,128194
13746,0.232188,14,128208
13747,0.142475,8,128216
13748,0.117684,7,128223
13749,0.245363,13,128236
13750,0.290466,18,128254
13751,0.257951,16,128270
13752,0.151614,8,128278
13753,0.255582,14,128292
13754,0.187127,10,128302
13755,0.198217,13,128315
13756,0.279267,23,128338
13757,0.17274,11,128349
13758,0.22869,13,128362
13759,0.211155,13,128375
13760,0.172985,10,128385
13761,0.250172,14,128399
13762,0.235822,13,128412
13763,0.141847,8,128420
13764,0.127584,7,128427
13765,0.268684,15,128442
13766,0.058325,3,128445
13767,0.215286,12,128457
13768,0.277178,16,128473
13769,0.339873,21,128494
13770,0.097582,6,128500
13771,0.429233,32,128532
13772,0.222975,12,128544
13773,0.248417,14,128558
13774,0.334666,21,128579
13775,0.195216,11,128590
13776,0.227236,12,128602
13777,0.181863,11,128613
13778,0.298259,16,128629
13779,0.346567,23,128652
13780,0.32924,18,128670
13781,0.226661,13,128683
13782,0.166205,9,128692
13783,0.366636,22,128714
13784,0.280074,15,128729
13785,0.222997,13,128742
13786,0.189662,10,128752
13787,0.198303,12,128764
13788,0.160917,9,128773
13789,0.182905,11,128784
13790,0.259129,15,128799
13791,0.194493,11,128810
13792,0.279418,16,128826
13793,0.019092,1,128827
13794,0.180533,10,128837
13795,0.162032,9,128846
13796,0.662944,40,128886
13797,0.278664,17,128903
13798,0.134247,7,128910
13799,0.371731,22,128932
13800,0.123228,7,128939
13801,0.243907,16,128955
13802,0.154265,8,128963
13803,0.268176,15,128978
13804,0.151467,9,128987
13805,0.274943,15,129002
13806,0.239686,16,129018
13807,0.334089,18,129036
13808,0.173679,10,129046
13809,0.158833,11,129057
13810,0.164529,9,129066
13811,0.019346,1,129067
13812,0.018862,1,129068
13813,0.257626,15,129083
13814,0.157844,9,129092
13815,0.373776,20,129112
13816,0.272429,19,129131
13817,0.206125,15,129146
13818,0.379359,21,129167
13819,0.020158,1,129168
13820,0.26401,15,129183
13821,0.185594,10,129193
13822,0.312829,17,129210
13823,0.197617,11,129221
13824,0.240422,13,129234
13825,0.134293,7,129241
13826,0.396319,25,129266
13827,0.186866,11,129277
13828,0.112063,6,129283
13829,0.033382,2,129285
13830,0.198874,13,129298
13831,0.1811,10,129308
13832,0.343229,20,129328
13833,0.121487,8,129336
13834,0.239764,13,129349
13835,0.145023,8,129357
13836,0.233861,13,129370
13837,0.280776,16,129386
13838,0.149783,8,129394
13839,0.313155,20,129414
13840,0.019782,1,129415
13841,0.188256,13,129428
13842,0.292641,16,129444
13843,0.195799,11,129455
13844,0.195786,11,129466
13845,0.190005,11,129477
13846,0.19926,11,129488
13847,0.186948,10,129498
13848,0.163556,9,129507
13849,0.186224,10,129517
13850,0.260905,15,129532
13851,0.163171,9,129541
13852,0.266822,15,129556
13853,0.15643,9,129565
13854,0.141261,8,129573
13855,0.185243,10,129583
13856,0.136307,8,129591
13857,0.247284,14,129605
13858,0.280949,15,129620
13859,-0.122562,15,129635
13860,0.352827,20,129655
13861,0.261081,14,129669
13862,0.386873,32,129701
13863,0.245643,13,129714
13864,0.257586,14,129728
13865,0.163296,10,129738
13866,0.38011,21,129759
13867,0.334113,21,129780
13868,0.50095,27,129807
13869,0.435178,28,129835
13870,0.211346,12,129847
13871,0.166847,9,129856
13872,0.174921,10,129866
13873,0.05868,3,129869
13874,0.161678,9,129878
13875,0.092901,5,129883
13876,0.456337,38,129921
13877,0.253247,15,129936
13878,0.20141,11,129947
13879,0.201702,12,129959
13880,0.167653,9,129968
13881,0.221472,12,129980
13882,0.330411,20,130000
13883,0.131645,7,130007
13884,0.165833,12,130019
13885,0.218253,12,130031
13886,0.234795,13,130044
13887,0.020237,1,130045
13888,0.276165,17,130062
13889,0.219571,12,130074
13890,0.288074,16,130090
13891,0.248724,14,130104
13892,0.18498,10,130114
13893,0.319973,19,130133
13894,0.206092,11,130144
13895,0.230892,13,130157
13896,0.095223,5,130162
13897,0.213967,13,130175
13898,0.130261,7,130182
13899,0.387837,25,130207
13900,0.016895,1,130208
13901,0.146329,8,130216
13902,0.307593,20,130236
13903,0.228905,15,130251
13904,0.190925,10,130261
13905,0.241694,16,130277
13906,0.189798,11,130288
13907,0.243374,14,130302
13908,0.273727,17,130319
13909,0.370118,21,130340
13910,0.268022,17,130357
13911,0.196609,11,130368
13912,0.290832,18,130386
13913,0.199791,11,130397
13914,0.195243,12,130409
13915,0.235532,14,130423
13916,0.22855,13,130436
13917,0.275378,16,130452
13918,0.181911,10,130462
13919,0.2881,16,130478
13920,0.125207,7,130485
13921,0.211867,14,130499
13922,0.290771,19,130518
13923,0.206562,12,130530
13924,0.208887,13,130543
13925,0.174368,10,130553
13926,0.152401,8,130561
13927,0.191831,11,130572
13928,0.247428,15,130587
13929,0.1122,6,130593
13930,0.232242,16,130609
13931,0.342323,19,130628
13932,0.291649,16,130644
13933,0.263455,15,130659
13934,0.15598,9,130668
13935,0.236707,13,130681
13936,0.26706,16,130697
13937,0.208857,13,130710
13938,0.139374,8,130718
13939,0.253755,14,130732
13940,0.113512,6,130738
13941,0.257874,17,130755
13942,0.288235,16,130771
13943,0.016845,1,130772
13944,0.157056,9,130781
13945,0.185225,10,130791
13946,0.238896,14,130805
13947,0.221014,12,130817
13948,0.102416,6,130823
13949,0.146353,8,130831
13950,0.206853,12,130843
13951,0.133462,7,130850
13952,0.276126,15,130865
13953,0.21974,13,130878
13954,0.124185,10,130888
13955,0.235085,15,130903
13956,0.148078,9,130912
13957,0.171242,9,130921
13958,0.225494,13,130934
13959,0.223693,15,130949
13960,0.166817,9,130958
13961,0.252074,16,130974
13962,0.199678,11,130985
13963,0.246426,13,130998
13964,0.196814,11,131009
13965,0.143626,8,131017
13966,0.203331,12,131029
13967,0.251002,14,131043
13968,0.310219,19,131062
13969,0.255807,14,131076
13970,0.208511,14,131090
13971,0.231439,12,131102
13972,0.24641,15,131117
13973,0.01824,1,131118
13974,0.160053,12,131130
13975,0.223223,12,131142
13976,0.217087,13,131155
13977,0.131057,7,131162
13978,0.27814,16,131178
13979,0.249013,14,131192
13980,0.123188,7,131199
13981,0.497283,28,131227
13982,0.159001,10,131237
13983,0.275499,16,131253
13984,0.319091,18,131271
13985,0.428657,26,131297
13986,0.148407,8,131305
13987,0.306382,18,131323
13988,0.252985,14,131337
13989,0.160183,9,131346
13990,0.376427,21,131367
13991,0.150906,9,131376
13992,0.246204,14,131390
13993,0.212956,12,131402
13994,0.316744,18,131420
13995,0.626505,34,131454
13996,0.123395,7,131461
13997,0.428834,29,131490
13998,0.301091,17,131507
13999,0.418689,25,131532
14000,0.249032,14,131546
14001,0.200002,11,131557
14002,0.28056,16,131573
14003,0.017433,1,131574
14004,0.214234,12,131586
14005,0.313705,22,131608
14006,0.261319,14,131622
14007,0.120138,7,131629
14008,0.1915,11,131640
14009,0.328218,18,131658
14010,0.326965,20,131678
14011,0.331375,18,131696
14012,0.078277,4,131700
14013,0.127739,7,131707
14014,0.149584,9,131716
14015,0.225197,12,131728
14016,-0.233659,10,131738
14017,0.24226,13,131751
14018,0.019199,1,131752
14019,0.425989,23,131775
14020,0.340547,22,131797
14021,0.22164,13,131810
14022,0.107961,6,131816
14023,0.138288,8,131824
14024,0.328418,18,131842
14025,0.176868,10,131852
14026,0.019925,1,131853
14027,0.103294,6,131859
14028,0.590438,34,131893
14029,0.165913,9,131902
14030,0.250626,14,131916
14031,0.264859,15,131931
14032,0.180845,10,131941
14033,0.185381,11,131952
14034,0.175102,10,131962
14035,0.285605,16,131978
14036,0.162201,9,131987
14037,0.176466,11,131998
14038,0.181614,12,132010
14039,0.164943,11,132021
14040,0.206644,11,132032
14041,0.261838,14,132046
14042,0.249849,15,132061
14043,0.249014,14,132075
14044,0.250578,14,132089
14045,0.095524,5,132094
14046,0.261567,14,132108
14047,0.402507,22,132130
14048,0.435854,25,132155
14049,0.345905,19,132174
14050,0.277466,15,132189
14051,0.209399,12,132201
14052,0.331273,18,132219
14053,0.163845,10,132229
14054,0.303383,17,132246
14055,0.298152,16,132262
14056,0.166662,11,132273
14057,0.217767,12,132285
14058,0.187031,10,132295
14059,0.2718,16,132311
14060,0.181965,11,132322
14061,0.168738,10,132332
14062,0.206174,12,132344
14063,0.219978,14,132358
14064,0.245702,14,132372
14065,0.295057,17,132389
14066,0.147446,9,132398
14067,0.198759,11,132409
14068,0.248377,14,132423
14069,0.227479,13,132436
14070,0.190878,12,132448
14071,0.145073,8,132456
14072,0.163888,9,132465
14073,0.416975,29,132494
14074,0.238967,14,132508
14075,0.165535,10,132518
14076,0.150508,8,132526
14077,0.190823,12,132538
14078,0.184832,10,132548
14079,0.364288,20,132568
14080,0.160036,9,132577
14081,0.311654,17,132594
14082,0.146182,11,132605
14083,0.178284,10,132615
14084,0.247788,14,132629
14085,0.270495,15,132644
14086,0.186786,10,132654
14087,0.164548,9,132663
14088,0.217241,13,132676
14089,0.14849,9,132685
14090,0.143829,8,132693
14091,0.273937,15,132708
14092,0.093963,5,132713
14093,0.146545,8,132721
14094,0.480777,36,132757
14095,0.21005,12,132769
14096,0.259817,14,132783
14097,0.167223,9,132792
14098,0.110661,6,132798
14099,0.247422,14,132812
14100,0.387402,21,132833
14101,0.257953,15,132848
14102,0.252937,14,132862
14103,0.258191,14,132876
14104,0.329283,18,132894
14105,0.537559,29,132923
14106,0.219519,13,132936
14107,0.227812,13,132949
14108,0.157423,9,132958
14109,0.203927,12,132970
14110,0.122532,7,132977
14111,0.425399,27,133004
14112,0.157633,9,133013
14113,0.284145,17,133030
14114,0.514271,28,133058
14115,0.227692,12,133070
14116,0.200048,13,133083
14117,0.286873,18,133101
14118,0.217031,13,133114
14119,0.148626,8,133122
14120,0.236317,13,133135
14121,0.168864,9,133144
14122,0.188312,11,133155
14123,0.170881,12,133167
14124,0.185594,10,133177
14125,0.195607,11,133188
14126,0.470833,33,133221
14127,0.255512,14,133235
14128,0.231873,13,133248
14129,0.216539,14,133262
14130,0.249448,14,133276
14131,0.229991,13,133289
14132,0.213586,13,133302
14133,0.254128,14,133316
14134,0.24543,14,133330
14135,0.017842,1,133331
14136,0.212545,12,133343
14137,0.14748,8,133351
14138,0.307067,17,133368
14139,0.367149,29,133397
14140,0.109042,6,133403
14141,0.180538,10,133413
14142,0.153155,9,133422
14143,0.246878,13,133435
14144,0.164908,9,133444
14145,0.198937,11,133455
14146,0.020603,1,133456
14147,0.29418,21,133477
14148,0.184014,10,133487
14149,0.224181,13,133500
14150,0.222554,12,133512
14151,0.270956,15,133527
14152,0.155921,9,133536
14153,0.32358,18,133554
14154,0.206718,11,133565
14155,0.151989,8,133573
14156,0.161949,9,133582
14157,0.356582,20,133602
14158,0.390194,22,133624
14159,0.214497,12,133636
14160,0.206923,12,133648
14161,0.144023,8,133656
14162,0.305868,18,133674
14163,0.305935,18,133692
14164,0.244813,15,133707
14165,0.29189,16,133723
14166,0.211083,12,133735
14167,0.477955,34,133769
14168,0.201094,11,133780
14169,0.194424,11,133791
14170,0.166328,9,133800
14171,0.222015,13,133813
14172,0.058384,3,133816
14173,0.181957,10,133826
14174,0.017832,1,133827
14175,0.214467,12,133839
14176,0.229863,12,133851
14177,0.171167,10,133861
14178,0.56441,36,133897
14179,0.151164,8,133905
14180,0.226646,13,133918
14181,0.238688,13,133931
14182,0.263574,17,133948
14183,0.167314,9,133957
14184,0.19272,11,133968
14185,0.308509,19,133987
14186,0.207968,11,133998
14187,0.147396,8,134006
14188,0.341424,18,134024
14189,0.1409,8,134032
14190,0.232716,13,134045
14191,0.02097,1,134046
14192,0.019936,1,134047
14193,0.234476,14,134061
14194,0.175584,10,134071
14195,0.150738,10,134081
14196,0.205712,11,134092
14197,0.202276,11,134103
14198,0.409595,24,134127
14199,0.020213,1,134128
14200,0.408947,22,134150
14201,0.301206,17,134167
14202,0.143061,8,134175
14203,0.340222,22,134197
14204,0.213335,12,134209
14205,0.26722,14,134223
14206,0.198512,11,134234
14207,0.327539,21,134255
14208,0.24224,21,134276
14209,0.271243,17,134293
14210,0.148174,9,134302
14211,0.235283,14,134316
14212,0.15678,9,134325
14213,0.187734,11,134336
14214,0.33252,20,134356
14215,0.019969,1,134357
14216,0.019571,1,134358
14217,0.173041,10,134368
14218,0.145434,8,134376
14219,0.01967,1,134377
14220,0.14205,8,134385
14221,0.12858,7,134392
14222,0.207771,12,134404
14223,0.076439,4,134408
14224,0.133748,7,134415
14225,0.230192,12,134427
14226,0.016528,1,134428
14227,0.183116,11,134439
14228,0.321494,19,134458
14229,0.313674,22,134480
14230,0.207767,11,134491
14231,0.222317,13,134504
14232,0.170745,11,134515
14233,0.255522,14,134529
14234,0.247656,13,134542
14235,0.187897,11,134553
14236,0.241055,16,134569
14237,0.191309,11,134580
14238,0.184858,10,134590
14239,0.168295,9,134599
14240,0.254322,16,134615
14241,0.232212,13,134628
14242,0.18114,11,134639
14243,0.342352,19,134658
14244,0.240197,14,134672
14245,0.186973,11,134683
14246,0.251854,14,134697
14247,0.209085,11,134708
14248,0.210531,11,134719
14249,0.29935,18,134737
14250,0.349921,22,134759
14251,0.183144,10,134769
14252,0.136173,8,134777
14253,0.284247,18,134795
14254,0.239583,13,134808
14255,0.284128,16,134824
14256,0.341998,21,134845
14257,0.137018,10,134855
14258,0.197989,11,134866
14259,0.019573,1,134867
14260,0.216995,12,134879
14261,0.22071,12,134891
14262,0.236481,13,134904
14263,0.228454,13,134917
14264,0.408573,24,134941
14265,0.191264,12,134953
14266,0.18293,10,134963
14267,0.126886,7,134970
14268,0.155414,9,134979
14269,0.274627,16,134995
14270,0.234836,13,135008
14271,0.200835,11,135019
14272,0.290489,16,135035
14273,0.334738,18,135053
14274,0.375609,25,135078
14275,0.276644,15,135093
14276,0.367536,28,135121
14277,0.199225,11,135132
14278,0.449777,25,135157
14279,0.49022,33,135190
14280,0.015747,1,135191
14281,0.434973,26,135217
14282,0.154098,10,135227
14283,0.207745,11,135238
14284,0.329324,18,135256
14285,0.16163,10,135266
14286,0.205201,12,135278
14287,0.019259,1,135279
14288,0.340627,18,135297
14289,0.184692,13,135310
14290,0.45122,25,135335
14291,0.169526,9,135344
14292,0.194563,13,135357
14293,0.108743,6,135363
14294,0.202807,12,135375
14295,0.310314,25,135400
14296,0.255027,15,135415
14297,0.312925,19,135434
14298,0.371742,21,135455
14299,0.128778,7,135462
14300,0.183428,12,135474
14301,0.180922,10,135484
14302,0.197314,13,135497
14303,0.353889,20,135517
14304,0.153665,9,135526
14305,0.232573,13,135539
14306,0.179802,10,135549
14307,0.220802,15,135564
14308,0.020272,1,135565
14309,0.332139,18,135583
14310,0.588165,32,135615
14311,0.252794,14,135629
14312,0.160056,9,135638
14313,0.14627,8,135646
14314,0.199839,11,135657
14315,0.405047,23,135680
14316,0.39832,22,135702
14317,0.280441,16,135718
14318,0.200546,12,135730
14319,0.256863,14,135744
14320,0.198613,11,135755
14321,0.182995,11,135766
14322,0.223366,17,135783
14323,0.294518,21,135804
14324,0.200918,12,135816
14325,0.212556,12,135828
14326,0.263497,15,135843
14327,0.222287,13,135856
14328,0.114173,6,135862
14329,0.136397,9,135871
14330,0.285522,15,135886
14331,0.230579,13,135899
14332,0.020743,1,135900
14333,0.200034,13,135913
14334,0.184667,12,135925
14335,0.201673,11,135936
14336,0.122416,8,135944
14337,0.260812,14,135958
14338,0.020876,1,135959
14339,0.155817,8,135967
14340,0.184521,10,135977
14341,0.281469,17,135994
14342,0.253388,14,136008
14343,0.230828,15,136023
14344,0.171335,10,136033
14345,0.163127,9,136042
14346,0.313072,18,136060
14347,0.173265,9,136069
14348,0.10698,7,136076
14349,0.267203,18,136094
14350,0.351983,20,136114
14351,0.317683,21,136135
14352,0.223816,12,136147
14353,0.194428,11,136158
14354,0.231346,15,136173
14355,0.197748,11,136184
14356,0.016869,1,136185
14357,0.257431,14,136199
14358,0.232685,15,136214
14359,0.243909,14,136228
14360,0.020182,1,136229
14361,0.094099,5,136234
14362,0.259396,14,136248
14363,0.258327,15,136263
14364,0.205171,12,136275
14365,0.160638,9,136284
14366,0.264623,15,136299
14367,0.358057,22,136321
14368,0.288097,16,136337
14369,0.201389,11,136348
14370,0.219608,12,136360
14371,0.431046,26,136386
14372,0.196085,11,136397
14373,0.02102,1,136398
14374,0.144358,8,136406
14375,0.422256,31,136437
14376,0.125957,7,136444
14377,0.135617,7,136451
14378,0.149727,8,136459
14379,0.21774,12,136471
14380,0.244087,13,136484
14381,0.445086,33,136517
14382,0.466876,32,136549
14383,0.268263,17,136566
14384,0.158326,9,136575
14385,0.169591,11,136586
14386,0.261936,14,136600
14387,0.33586,19,136619
14388,0.326883,19,136638
14389,0.145246,8,136646
14390,0.325294,19,136665
14391,0.201923,11,136676
14392,0.293223,16,136692
14393,0.252252,15,136707
14394,0.215783,12,136719
14395,0.2808,16,136735
14396,0.228503,14,136749
14397,0.20161,12,136761
14398,0.142972,9,136770
14399,0.200193,12,136782
14400,0.305098,18,136800
14401,0.38638,22,136822
14402,0.433822,24,136846
14403,0.197105,11,136857
14404,0.180795,10,136867
14405,0.185066,10,136877
14406,0.135551,8,136885
14407,0.19776,12,136897
14408,0.196425,13,136910
14409,0.174571,11,136921
14410,0.260939,15,136936
14411,0.437101,24,136960
14412,0.266497,14,136974
14413,0.130717,7,136981
14414,0.194219,11,136992
14415,0.290206,28,137020
14416,0.301088,23,137043
14417,0.020053,1,137044
14418,0.221475,12,137056
14419,0.351257,21,137077
14420,0.272826,15,137092
14421,0.15064,8,137100
14422,0.239308,14,137114
14423,0.174102,10,137124
14424,0.176895,12,137136
14425,0.351932,19,137155
14426,0.134336,7,137162
14427,0.300405,18,137180
14428,0.166065,11,137191
14429,0.133609,7,137198
14430,0.112148,6,137204
14431,0.205184,14,137218
14432,0.325399,18,137236
14433,0.219495,12,137248
14434,0.395897,21,137269
14435,0.240179,13,137282
14436,0.181877,10,137292
14437,0.427503,23,137315
14438,0.285054,19,137334
14439,0.367741,20,137354
14440,0.144093,8,137362
14441,0.210301,12,137374
14442,0.33901,19,137393
14443,0.24648,15,137408
14444,0.106038,6,137414
14445,0.214968,12,137426
14446,0.271842,16,137442
14447,0.409796,23,137465
14448,0.190058,13,137478
14449,0.208044,11,137489
14450,0.216272,12,137501
14451,0.222505,17,137518
14452,0.214041,12,137530
14453,0.147713,8,137538
14454,0.191977,11,137549
14455,0.14993,8,137557
14456,0.257727,14,137571
14457,0.375486,21,137592
14458,0.349522,23,137615
14459,0.039298,2,137617
14460,0.128424,7,137624
14461,0.304393,19,137643
14462,0.192933,12,137655
14463,0.337805,20,137675
14464,0.356662,25,137700
14465,0.233139,15,137715
14466,0.218536,12,137727
14467,0.176106,10,137737
14468,0.221844,12,137749
14469,0.265237,16,137765
14470,0.096402,5,137770
14471,0.190757,11,137781
14472,0.018022,1,137782
14473,0.146063,8,137790
14474,0.28696,15,137805
14475,0.490217,27,137832
14476,0.019947,1,137833
14477,0.322744,20,137853
14478,0.280001,15,137868
14479,0.463435,25,137893
14480,0.315626,17,137910
14481,0.3062,17,137927
14482,0.165543,9,137936
14483,0.202519,12,137948
14484,0.131708,7,137955
14485,0.311206,17,137972
14486,0.195789,11,137983
14487,0.079073,4,137987
14488,0.184627,10,137997
14489,0.116654,6,138003
14490,0.162373,9,138012
14491,0.226557,13,138025
14492,0.452697,26,138051
14493,0.211313,13,138064
14494,0.253771,16,138080
14495,0.181262,11,138091
14496,0.180621,10,138101
14497,0.166185,9,138110
14498,0.253677,14,138124
14499,0.392686,23,138147
14500,0.237375,13,138160
14501,0.359445,20,138180
14502,0.146051,8,138188
14503,0.279379,18,138206
14504,0.215082,12,138218
14505,0.252705,15,138233
14506,0.27472,15,138248
14507,0.261,14,138262
14508,0.410727,22,138284
14509,0.149715,9,138293
14510,0.12691,7,138300
14511,0.419269,37,138337
14512,0.248315,14,138351
14513,0.195635,12,138363
14514,0.203441,13,138376
14515,0.179001,10,138386
14516,0.234016,13,138399
14517,0.212348,12,138411
14518,0.169871,9,138420
14519,0.01958,1,138421
14520,0.235217,14,138435
14521,0.233023,13,138448
14522,0.256198,14,138462
14523,0.131095,7,138469
14524,0.228307,14,138483
14525,0.294746,18,138501
14526,0.395598,25,138526
14527,0.230766,14,138540
14528,0.252488,14,138554
14529,0.39056,21,138575
14530,0.191093,11,138586
14531,0.257755,14,138600
14532,0.184993,11,138611
14533,0.261859,14,138625
14534,0.178535,10,138635
14535,0.213934,13,138648
14536,0.156979,9,138657
14537,0.303927,18,138675
14538,0.326708,18,138693
14539,0.447493,27,138720
14540,0.272082,15,138735
14541,0.188143,11,138746
14542,0.248774,14,138760
14543,0.28618,16,138776
14544,0.270082,16,138792
14545,0.315668,19,138811
14546,0.29881,16,138827
14547,0.165361,9,138836
14548,0.320526,18,138854
14549,0.296173,18,138872
14550,0.178399,11,138883
14551,0.17207,9,138892
14552,0.440789,24,138916
14553,0.225116,13,138929
14554,0.039634,2,138931
14555,0.134226,7,138938
14556,0.334281,19,138957
14557,0.274476,15,138972
14558,0.291399,16,138988
14559,0.167848,9,138997
14560,0.286199,16,139013
14561,0.212059,12,139025
14562,0.348987,24,139049
14563,0.236553,13,139062
14564,0.215785,12,139074
14565,0.177363,10,139084
14566,0.455413,29,139113
14567,0.252849,14,139127
14568,0.318108,18,139145
14569,0.173637,10,139155
14570,0.178968,10,139165
14571,0.221262,13,139178
14572,0.095709,5,139183
14573,0.183934,10,139193
14574,0.135025,9,139202
14575,0.235149,14,139216
14576,0.168235,9,139225
14577,0.401288,24,139249
14578,0.232328,13,139262
14579,0.132009,7,139269
14580,0.359824,20,139289
14581,0.165844,9,139298
14582,0.403683,22,139320
14583,0.189162,12,139332
14584,0.286172,16,139348
14585,0.196001,11,139359
14586,0.302575,16,139375
14587,0.289814,16,139391
14588,0.354365,24,139415
14589,0.149308,8,139423
14590,0.184022,11,139434
14591,0.380091,23,139457
14592,0.275484,16,139473
14593,0.219629,12,139485
14594,0.273677,15,139500
14595,0.20216,11,139511
14596,0.299535,19,139530
14597,0.078289,4,139534
14598,0.347052,22,139556
14599,0.161799,9,139565
14600,0.422127,27,139592
14601,0.269092,15,139607
14602,0.220643,12,139619
14603,0.143788,8,139627
14604,0.263968,17,139644
14605,0.229703,13,139657
14606,0.269639,15,139672
14607,0.301492,16,139688
14608,0.12198,7,139695
14609,0.307107,21,139716
14610,0.353222,20,139736
14611,0.203648,11,139747
14612,0.164382,9,139756
14613,0.096377,5,139761
14614,0.273636,17,139778
14615,0.020441,1,139779
14616,0.201283,11,139790
14617,0.019378,1,139791
14618,0.190377,10,139801
14619,0.169903,11,139812
14620,0.196437,11,139823
14621,0.185315,10,139833
14622,0.305653,17,139850
14623,0.232156,13,139863
14624,0.315057,17,139880
14625,0.017181,1,139881
14626,0.144399,8,139889
14627,0.392439,22,139911
14628,0.222328,12,139923
14629,0.250777,14,139937
14630,0.365931,21,139958
14631,0.153207,9,139967
14632,0.168963,10,139977
14633,0.11247,6,139983
14634,0.517574,29,140012
14635,0.177165,10,140022
14636,0.382792,21,140043
14637,0.219638,13,140056
14638,0.353933,20,140076
14639,0.361084,20,140096
14640,0.195414,11,140107
14641,0.405525,22,140129
14642,0.314871,17,140146
14643,0.019742,1,140147
14644,0.192328,11,140158
14645,0.243587,14,140172
14646,0.177516,10,140182
14647,0.2481,15,140197
14648,0.199514,12,140209
14649,0.222481,14,140223
14650,0.428631,24,140247
14651,0.212568,12,140259
14652,0.20136,16,140275
14653,0.229916,16,140291
14654,0.26077,15,140306
14655,0.25028,15,140321
14656,0.180017,10,140331
14657,0.231012,14,140345
14658,0.372276,23,140368
14659,0.203394,12,140380
14660,0.181636,11,140391
14661,0.166764,10,140401
14662,0.168296,9,140410
14663,0.252416,14,140424
14664,0.265492,15,140439
14665,0.168159,10,140449
14666,0.18683,10,140459
14667,0.212301,12,140471
14668,0.216034,13,140484
14669,0.275657,17,140501
14670,0.242626,14,140515
14671,0.275863,18,140533
14672,0.294248,17,140550
14673,0.221903,13,140563
14674,0.155639,9,140572
14675,0.212313,12,140584
14676,0.215823,14,140598
14677,0.151115,8,140606
14678,0.158132,9,140615
14679,0.016296,1,140616
14680,0.204736,14,140630
14681,0.298214,17,140647
14682,0.230715,13,140660
14683,0.203257,11,140671
14684,0.19637,13,140684
14685,0.020452,1,140685
14686,0.267057,16,140701
14687,0.191212,11,140712
14688,0.22657,13,140725
14689,0.017106,1,140726
14690,0.365852,20,140746
14691,0.250048,16,140762
14692,0.282368,15,140777
14693,0.52191,29,140806
14694,0.400495,23,140829
14695,0.191782,11,140840
14696,0.186732,10,140850
14697,0.27947,16,140866
14698,0.018276,1,140867
14699,0.152815,8,140875
14700,0.182746,10,140885
14701,0.019538,1,140886
14702,0.197617,11,140897
14703,0.320872,17,140914
14704,0.337521,19,140933
14705,0.019754,1,140934
14706,0.288239,18,140952
14707,0.286643,16,140968
14708,0.342942,20,140988
14709,0.124032,8,140996
14710,0.190846,11,141007
14711,0.247073,17,141024
14712,0.022668,1,141025
14713,0.141189,8,141033
14714,0.1853,10,141043
14715,0.370151,20,141063
14716,0.30863,17,141080
14717,0.286897,17,141097
14718,0.278868,15,141112
14719,0.239511,13,141125
14720,0.188336,11,141136
14721,0.130288,8,141144
14722,0.27171,16,141160
14723,0.245846,14,141174
14724,0.173373,10,141184
14725,0.367779,24,141208
14726,0.34134,23,141231
14727,0.208174,11,141242
14728,0.247464,15,141257
14729,0.299501,18,141275
14730,0.110077,6,141281
14731,0.238747,14,141295
14732,0.253088,14,141309
14733,0.151347,8,141317
14734,0.111646,6,141323
14735,0.134171,8,141331
14736,0.191696,12,141343
14737,0.189812,10,141353
14738,0.186969,10,141363
14739,0.379046,23,141386
14740,0.386164,21,141407
14741,0.179086,11,141418
14742,0.230813,14,141432
14743,0.293732,20,141452
14744,0.257351,15,141467
14745,0.152564,9,141476
14746,0.52741,29,141505
14747,0.21879,15,141520
14748,0.378984,23,141543
14749,0.144684,9,141552
14750,0.229856,14,141566
14751,0.19169,12,141578
14752,0.45046,28,141606
14753,0.374427,22,141628
14754,0.226292,12,141640
14755,0.207551,12,141652
14756,0.444451,26,141678
14757,0.263891,17,141695
14758,0.181827,10,141705
14759,0.019828,1,141706
14760,0.267742,16,141722
14761,0.201878,13,141735
14762,0.273649,16,141751
14763,0.150911,9,141760
14764,0.179981,12,141772
14765,0.433474,32,141804
14766,0.265373,15,141819
14767,0.275474,19,141838
14768,0.241462,15,141853
14769,0.214976,12,141865
14770,0.288411,16,141881
14771,0.308001,23,141904
14772,0.320901,19,141923
14773,0.360877,21,141944
14774,0.341336,20,141964
14775,0.253895,16,141980
14776,0.263366,14,141994
14777,0.216627,13,142007
14778,0.196937,11,142018
14779,0.274196,15,142033
14780,0.204843,11,142044
14781,0.364536,23,142067
14782,0.165044,10,142077
14783,0.018841,1,142078
14784,0.231657,13,142091
14785,0.178103,10,142101
14786,0.112107,6,142107
14787,0.190195,10,142117
14788,0.082567,5,142122
14789,0.129661,7,142129
14790,0.367869,20,142149
14791,0.252767,15,142164
14792,0.241178,14,142178
14793,0.203593,11,142189
14794,0.200657,11,142200
14795,0.393525,21,142221
14796,0.224062,13,142234
14797,0.276573,15,142249
14798,0.227993,15,142264
14799,0.280447,18,142282
14800,0.210829,11,142293
14801,0.219993,14,142307
14802,0.275895,15,142322
14803,0.243465,14,142336
14804,0.297837,27,142363
14805,0.19814,11,142374
14806,0.179381,10,142384
14807,0.180623,10,142394
14808,0.152155,9,142403
14809,0.11868,7,142410
14810,0.502452,31,142441
14811,0.255074,16,142457
14812,0.44562,25,142482
14813,0.168557,9,142491
14814,0.259346,15,142506
14815,0.19221,11,142517
14816,0.308194,18,142535
14817,0.223375,13,142548
14818,0.290398,17,142565
14819,0.201618,12,142577
14820,0.244493,13,142590
14821,0.36332,21,142611
14822,0.307327,20,142631
14823,0.243666,13,142644
14824,0.312467,17,142661
14825,0.019379,1,142662
14826,0.194148,14,142676
14827,0.25038,14,142690
14828,0.231556,13,142703
14829,0.226106,12,142715
14830,0.400206,26,142741
14831,0.2333,13,142754
14832,0.112167,6,142760
14833,0.309982,17,142777
14834,0.279836,17,142794
14835,0.268729,15,142809
14836,0.162466,10,142819
14837,0.505766,28,142847
14838,0.189759,11,142858
14839,0.192845,11,142869
14840,0.176924,10,142879
14841,0.27899,17,142896
14842,0.190431,11,142907
14843,0.399999,29,142936
14844,0.42588,28,142964
14845,0.146319,8,142972
14846,0.169358,9,142981
14847,0.345688,19,143000
14848,0.254494,15,143015
14849,0.165619,9,143024
14850,0.196145,13,143037
14851,0.223178,15,143052
14852,0.388339,30,143082
14853,0.175717,10,143092
14854,0.269069,17,143109
14855,0.153032,8,143117
14856,0.219436,12,143129
14857,0.268464,15,143144
14858,0.222982,12,143156
14859,0.305436,17,143173
14860,0.311876,18,143191
14861,0.167071,9,143200
14862,0.177448,10,143210
14863,0.164591,10,143220
14864,0.241095,14,143234
14865,0.251055,14,143248
14866,0.246739,14,143262
14867,0.018132,1,143263
14868,0.241867,16,143279
14869,0.085807,5,143284
14870,0.354005,21,143305
14871,0.167641,9,143314
14872,0.133793,8,143322
14873,0.166942,9,143331
14874,0.234533,14,143345
14875,0.15344,8,143353
14876,0.423601,24,143377
14877,0.181423,10,143387
14878,0.301613,17,143404
14879,0.218917,12,143416
14880,0.1702,9,143425
14881,0.450491,26,143451
14882,0.253306,14,143465
14883,0.206685,11,143476
14884,0.149927,8,143484
14885,0.19529,11,143495
14886,0.207233,11,143506
14887,0.218932,13,143519
14888,0.039484,2,143521
14889,0.317177,17,143538
14890,0.198638,11,143549
14891,0.219444,12,143561
14892,0.266997,15,143576
14893,0.174606,10,143586
14894,0.292039,16,143602
14895,0.01804,1,143603
14896,0.255341,17,143620
14897,0.224466,13,143633
14898,0.197713,11,143644
14899,0.149309,8,143652
14900,0.319466,24,143676
14901,0.129868,7,143683
14902,0.134911,8,143691
14903,0.25828,16,143707
14904,0.313294,17,143724
14905,0.105988,6,143730
14906,0.161379,9,143739
14907,0.019829,1,143740
14908,0.220651,12,143752
14909,0.228159,12,143764
14910,0.147887,8,143772
14911,0.272336,16,143788
14912,0.140795,8,143796
14913,0.182718,10,143806
14914,0.19541,11,143817
14915,0.38066,22,143839
14916,0.410515,23,143862
14917,0.238587,14,143876
14918,0.368869,20,143896
14919,0.408908,22,143918
14920,0.124592,7,143925
14921,0.185848,10,143935
14922,0.239581,13,143948
14923,0.192587,11,143959
14924,0.276168,18,143977
14925,0.149739,8,143985
14926,0.019662,1,143986
14927,0.233808,13,143999
14928,0.132934,7,144006
14929,0.290166,16,144022
14930,0.249029,14,144036
14931,0.384603,24,144060
14932,0.375722,23,144083
14933,0.280289,18,144101
14934,0.21523,14,144115
14935,0.493195,27,144142
14936,0.24979,14,144156
14937,0.097074,5,144161
14938,0.202032,12,144173
14939,0.321604,17,144190
14940,0.238571,14,144204
14941,0.158616,9,144213
14942,0.160063,9,144222
14943,0.024168,1,144223
14944,0.439367,26,144249
14945,0.196656,11,144260
14946,0.238291,13,144273
14947,0.473239,30,144303
14948,0.21506,13,144316
14949,0.232039,13,144329
14950,0.218685,12,144341
14951,0.206184,12,144353
14952,0.055945,3,144356
14953,0.263791,15,144371
14954,0.204191,11,144382
14955,0.095052,5,144387
14956,0.265195,14,144401
14957,0.364986,21,144422
14958,0.195028,11,144433
14959,0.381782,21,144454
14960,0.259919,14,144468
14961,0.190974,14,144482
14962,0.269006,15,144497
14963,0.232611,13,144510
14964,0.227913,15,144525
14965,0.280565,16,144541
14966,0.248859,13,144554
14967,0.203929,14,144568
14968,0.020442,1,144569
14969,0.389589,25,144594
14970,0.241137,13,144607
14971,0.089859,5,144612
14972,0.334252,18,144630
14973,0.200919,11,144641
14974,0.27292,17,144658
14975,0.205385,11,144669
14976,0.223456,13,144682
14977,0.243251,13,144695
14978,0.205343,12,144707
14979,0.067562,4,144711
14980,0.314945,20,144731
14981,0.225667,13,144744
14982,0.240026,13,144757
14983,0.146498,8,144765
14984,0.203383,11,144776
14985,0.355303,24,144800
14986,0.205365,13,144813
14987,0.235578,14,144827
14988,0.362727,21,144848
14989,0.272479,19,144867
14990,0.016783,1,144868
14991,0.019863,1,144869
14992,0.244358,13,144882
14993,0.266828,18,144900
14994,0.197591,12,144912
14995,0.23728,14,144926
14996,0.299682,24,144950
14997,0.27369,15,144965
14998,0.019065,1,144966
14999,0.230283,13,144979
15000,0.151107,8,144987
15001,0.336404,21,145008
15002,0.018333,1,145009
15003,0.213968,14,145023
15004,0.282804,15,145038
15005,0.212271,15,145053
15006,0.185292,10,145063
15007,0.651962,36,145099
15008,0.017073,1,145100
15009,0.338452,19,145119
15010,0.203284,15,145134
15011,0.498682,27,145161
15012,0.224292,12,145173
15013,0.353552,20,145193
15014,0.302188,16,145209
15015,0.316975,18,145227
15016,0.069504,4,145231
15017,0.105309,6,145237
15018,0.500672,33,145270
15019,0.158739,9,145279
15020,0.239028,13,145292
15021,0.329429,21,145313
15022,0.181935,10,145323
15023,0.3625,20,145343
15024,0.245921,14,145357
15025,0.146975,8,145365
15026,0.170985,10,145375
15027,0.09617,6,145381
15028,0.24787,13,145394
15029,0.309301,18,145412
15030,0.162047,10,145422
15031,0.194337,12,145434
15032,0.195915,11,145445
15033,0.058737,3,145448
15034,0.149389,9,145457
15035,0.223984,14,145471
15036,0.216865,12,145483
15037,0.486275,27,145510
15038,0.133815,7,145517
15039,0.21332,17,145534
15040,0.201911,12,145546
15041,0.116877,6,145552
15042,0.212456,13,145565
15043,0.015848,1,145566
15044,0.290385,17,145583
15045,0.217259,12,145595
15046,0.14238,9,145604
15047,0.280408,16,145620
15048,0.166885,9,145629
15049,0.259975,15,145644
15050,0.270849,16,145660
15051,0.42539,23,145683
15052,0.20151,11,145694
15053,0.323458,20,145714
15054,0.384712,21,145735
15055,0.15877,9,145744
15056,0.201787,11,145755
15057,0.135199,8,145763
15058,0.058807,3,145766
15059,0.223617,13,145779
15060,0.362943,21,145800
15061,0.2378,15,145815
15062,0.260661,15,145830
15063,0.090086,5,145835
15064,0.257825,16,145851
15065,0.309876,17,145868
15066,0.198434,12,145880
15067,0.168053,9,145889
15068,0.01958,1,145890
15069,0.288114,17,145907
15070,0.150081,9,145916
15071,0.080975,5,145921
15072,0.135738,8,145929
15073,0.133433,9,145938
15074,0.226932,14,145952
15075,0.151497,8,145960
15076,0.01771,1,145961
15077,0.237051,13,145974
15078,0.245552,14,145988
15079,0.153702,8,145996
15080,0.259238,14,146010
15081,0.215511,13,146023
15082,0.216884,12,146035
15083,0.238826,13,146048
15084,0.191468,11,146059
15085,0.246327,17,146076
15086,0.114562,6,146082
15087,0.228606,14,146096
15088,0.421422,23,146119
15089,0.429732,29,146148
15090,0.178549,10,146158
15091,0.220273,12,146170
15092,0.133031,8,146178
15093,0.296074,16,146194
15094,0.222935,13,146207
15095,0.210572,12,146219
15096,0.234085,13,146232
15097,0.077829,4,146236
15098,0.191175,11,146247
15099,0.283121,15,146262
15100,0.284367,17,146279
15101,0.213104,12,146291
15102,0.306211,18,146309
15103,0.194458,11,146320
15104,0.13697,8,146328
15105,0.163914,9,146337
15106,0.134346,7,146344
15107,0.249485,14,146358
15108,0.166421,9,146367
15109,0.146783,8,146375
15110,0.168644,9,146384
15111,0.252848,14,146398
15112,0.244133,13,146411
15113,0.207949,11,146422
15114,0.247498,14,146436
15115,0.131786,7,146443
15116,0.017049,1,146444
15117,0.321012,19,146463
15118,0.280799,15,146478
15119,0.343274,19,146497
15120,0.20297,11,146508
15121,0.253713,15,146523
15122,0.183543,11,146534
15123,0.234103,16,146550
15124,0.384188,21,146571
15125,0.113161,6,146577
15126,0.114962,6,146583
15127,0.265012,17,146600
15128,0.314156,17,146617
15129,0.018925,1,146618
15130,0.260728,14,146632
15131,0.185882,10,146642
15132,0.247001,13,146655
15133,0.284731,16,146671
15134,0.365542,20,146691
15135,0.075715,4,146695
15136,0.260803,14,146709
15137,0.261259,14,146723
15138,0.309997,17,146740
15139,0.019715,1,146741
15140,0.217785,12,146753
15141,0.336456,19,146772
15142,0.228366,13,146785
15143,0.226068,12,146797
15144,0.257905,14,146811
15145,0.220393,14,146825
15146,0.232321,13,146838
15147,0.322064,19,146857
15148,0.223668,13,146870
15149,0.181553,10,146880
15150,0.172459,10,146890
15151,0.225994,12,146902
15152,0.275589,17,146919
15153,0.231991,13,146932
15154,0.075925,4,146936
15155,0.201824,11,146947
15156,0.339532,19,146966
15157,0.314497,18,146984
15158,0.2745,15,146999
15159,0.158472,9,147008
15160,0.299136,16,147024
15161,0.266957,15,147039
15162,0.203912,13,147052
15163,0.135424,8,147060
15164,0.153151,8,147068
15165,0.255503,14,147082
15166,0.341225,22,147104
15167,0.163129,9,147113
15168,0.144513,8,147121
15169,0.122325,7,147128
15170,0.253593,17,147145
15171,0.186553,10,147155
15172,0.017883,1,147156
15173,0.176846,10,147166
15174,0.245529,16,147182
15175,0.214185,12,147194
15176,0.293216,18,147212
15177,0.272835,15,147227
15178,0.15439,10,147237
15179,0.202862,14,147251
15180,0.166672,9,147260
15181,0.114936,6,147266
15182,0.189029,10,147276
15183,0.268739,15,147291
15184,0.216032,12,147303
15185,0.424075,26,147329
15186,0.134011,7,147336
15187,0.410576,25,147361
15188,0.29737,16,147377
15189,0.267344,15,147392
15190,0.190666,10,147402
15191,0.239918,13,147415
15192,0.162771,9,147424
15193,0.312165,18,147442
15194,0.261602,15,147457
15195,0.194445,11,147468
15196,0.305361,17,147485
15197,0.169851,9,147494
15198,0.255595,15,147509
15199,0.154596,10,147519
15200,0.126948,7,147526
15201,0.232796,13,147539
15202,0.213537,12,147551
15203,0.197244,11,147562
15204,0.145974,9,147571
15205,0.295245,17,147588
15206,0.242531,15,147603
15207,0.200785,11,147614
15208,0.296377,17,147631
15209,0.190928,10,147641
15210,0.188971,10,147651
15211,0.223884,14,147665
15212,0.201605,11,147676
15213,0.152519,9,147685
15214,0.16872,10,147695
15215,0.183583,10,147705
15216,0.21597,12,147717
15217,0.30137,17,147734
15218,0.191316,15,147749
15219,0.382816,21,147770
15220,0.173931,9,147779
15221,0.312917,18,147797
15222,0.441682,24,147821
15223,0.255594,14,147835
15224,0.207019,12,147847
15225,0.189652,10,147857
15226,0.272573,16,147873
15227,0.188991,11,147884
15228,0.261259,15,147899
15229,0.17594,10,147909
15230,0.163133,10,147919
15231,0.293939,16,147935
15232,0.210777,13,147948
15233,0.190819,11,147959
15234,0.019072,1,147960
15235,0.393045,24,147984
15236,0.254645,14,147998
15237,0.268766,17,148015
15238,0.311822,18,148033
15239,0.153924,9,148042
15240,0.148612,8,148050
15241,0.16972,9,148059
15242,0.184541,11,148070
15243,0.268132,17,148087
15244,0.206515,11,148098
15245,0.321147,18,148116
15246,0.230908,13,148129
15247,0.149033,8,148137
15248,0.199454,12,148149
15249,0.257765,16,148165
15250,0.122314,7,148172
15251,0.217618,12,148184
15252,0.222761,12,148196
15253,0.19952,12,148208
15254,0.170307,10,148218
15255,0.212261,12,148230
15256,0.3017,16,148246
15257,0.243813,14,148260
15258,0.198282,11,148271
15259,0.229878,13,148284
15260,0.220593,12,148296
15261,0.278015,16,148312
15262,0.29475,16,148328
15263,0.169493,10,148338
15264,0.377314,22,148360
15265,0.389654,21,148381
15266,0.021075,1,148382
15267,0.178567,10,148392
15268,0.451783,25,148417
15269,0.114249,7,148424
15270,0.200981,11,148435
15271,0.43212,28,148463
15272,0.173913,11,148474
15273,0.322633,18,148492
15274,0.150371,8,148500
15275,0.1823,10,148510
15276,0.278962,16,148526
15277,0.328138,29,148555
15278,0.28987,18,148573
15279,0.213952,12,148585
15280,0.241714,15,148600
15281,0.162665,9,148609
15282,0.26484,15,148624
15283,0.27836,19,148643
15284,0.389523,22,148665
15285,0.212995,12,148677
15286,0.16786,10,148687
15287,0.146495,8,148695
15288,0.313224,17,148712
15289,0.202367,12,148724
15290,0.320374,18,148742
15291,0.215869,13,148755
15292,0.354087,22,148777
15293,0.303939,18,148795
15294,0.104584,6,148801
15295,0.307333,17,148818
15296,0.421968,23,148841
15297,0.310073,17,148858
15298,0.222738,12,148870
15299,0.229498,13,148883
15300,0.293285,18,148901
15301,0.275123,23,148924
15302,0.569103,34,148958
15303,0.301241,18,148976
15304,0.307236,18,148994
15305,0.225222,13,149007
15306,0.168408,9,149016
15307,0.276655,16,149032
15308,0.223976,13,149045
15309,0.231919,13,149058
15310,0.236715,13,149071
15311,0.185001,11,149082
15312,0.190454,11,149093
15313,0.175554,10,149103
15314,0.257096,16,149119
15315,0.469129,28,149147
15316,0.276294,22,149169
15317,0.188536,11,149180
15318,0.285252,15,149195
15319,0.188656,10,149205
15320,0.287731,17,149222
15321,0.275225,16,149238
15322,0.174599,10,149248
15323,0.187979,11,149259
15324,0.159672,9,149268
15325,0.193753,11,149279
15326,0.278638,15,149294
15327,0.272783,15,149309
15328,0.333438,20,149329
15329,0.235729,15,149344
15330,0.136271,7,149351
15331,0.163871,9,149360
15332,0.202371,11,149371
15333,0.365638,20,149391
15334,0.347966,19,149410
15335,0.355826,20,149430
15336,0.475379,29,149459
15337,0.342732,20,149479
15338,0.260402,19,149498
15339,0.328141,18,149516
15340,0.547192,38,149554
15341,0.291181,17,149571
15342,0.233379,14,149585
15343,0.251219,14,149599
15344,0.21812,14,149613
15345,0.213008,13,149626
15346,0.171858,10,149636
15347,0.263564,14,149650
15348,0.335839,18,149668
15349,0.302781,17,149685
15350,0.211382,12,149697
15351,0.458226,25,149722
15352,0.370969,20,149742
15353,0.25135,14,149756
15354,0.339792,18,149774
15355,0.01778,1,149775
15356,0.148378,8,149783
15357,0.36074,20,149803
15358,0.276925,17,149820
15359,0.217714,12,149832
15360,0.191852,11,149843
15361,0.245415,14,149857
15362,0.169857,9,149866
15363,0.2349,16,149882
15364,0.273833,15,149897
15365,0.25073,15,149912
15366,0.131166,7,149919
15367,0.348749,21,149940
15368,0.376662,22,149962
15369,0.307896,17,149979
15370,0.23491,13,149992
15371,0.440304,31,150023
15372,0.202476,12,150035
15373,0.233494,14,150049
15374,0.205351,12,150061
15375,0.172939,11,150072
15376,0.400796,24,150096
15377,0.306356,23,150119
15378,0.23994,13,150132
15379,0.428225,25,150157
15380,0.256294,14,150171
15381,0.223806,13,150184
15382,0.187664,10,150194
15383,0.145686,9,150203
15384,0.149685,8,150211
15385,0.076941,4,150215
15386,0.188416,10,150225
15387,0.459772,26,150251
15388,0.166483,9,150260
15389,0.329868,21,150281
15390,0.176076,10,150291
15391,0.333781,21,150312
15392,0.133399,7,150319
15393,0.17901,10,150329
15394,0.220218,12,150341
15395,0.217065,15,150356
15396,0.245203,14,150370
15397,0.192128,11,150381
15398,0.207839,11,150392
15399,0.207571,11,150403
15400,0.271375,17,150420
15401,0.26068,15,150435
15402,0.244199,15,150450
15403,0.261179,15,150465
15404,0.276195,16,150481
15405,0.134347,7,150488
15406,0.517279,28,150516
15407,0.390593,21,150537
15408,0.20157,11,150548
15409,0.236242,13,150561
15410,0.02053,1,150562
15411,0.250568,14,150576
15412,0.225016,12,150588
15413,0.216719,13,150601
15414,0.223864,13,150614
15415,0.323227,19,150633
15416,0.219004,12,150645
15417,0.253144,16,150661
15418,0.20772,12,150673
15419,0.226635,13,150686
15420,0.177934,10,150696
15421,0.223041,13,150709
15422,0.184488,10,150719
15423,0.300501,19,150738
15424,0.33942,21,150759
15425,0.254794,15,150774
15426,0.265169,18,150792
15427,0.378304,22,150814
15428,0.256963,14,150828
15429,0.178541,10,150838
15430,0.370295,20,150858
15431,0.23296,13,150871
15432,0.253602,15,150886
15433,0.2052,11,150897
15434,0.120418,7,150904
15435,0.2306,13,150917
15436,0.255017,14,150931
15437,0.171651,10,150941
15438,0.363455,21,150962
15439,0.159642,9,150971
15440,0.115057,6,150977
15441,0.203395,12,150989
15442,0.265759,19,151008
15443,0.328526,22,151030
15444,0.270095,15,151045
15445,0.255207,14,151059
15446,0.307599,20,151079
15447,0.346895,20,151099
15448,0.255139,15,151114
15449,0.131375,7,151121
15450,0.279484,15,151136
15451,0.342408,19,151155
15452,0.177942,10,151165
15453,0.054894,3,151168
15454,0.176713,10,151178
15455,0.097233,5,151183
15456,0.16993,9,151192
15457,0.213333,12,151204
15458,0.28477,19,151223
15459,0.33186,19,151242
15460,0.289432,18,151260
15461,0.129324,7,151267
15462,0.314943,17,151284
15463,0.354424,19,151303
15464,0.496763,31,151334
15465,0.271524,16,151350
15466,0.149619,8,151358
15467,0.224606,13,151371
15468,0.181514,10,151381
15469,0.166257,9,151390
15470,0.439529,26,151416
15471,0.239297,16,151432
15472,0.250477,16,151448
15473,0.169482,9,151457
15474,0.322878,19,151476
15475,0.185615,10,151486
15476,0.290543,16,151502
15477,0.169607,9,151511
15478,0.221075,12,151523
15479,0.155975,8,151531
15480,0.314316,17,151548
15481,0.302141,19,151567
15482,0.249641,14,151581
15483,0.549044,36,151617
15484,0.30216,18,151635
15485,0.181319,10,151645
15486,0.52228,29,151674
15487,0.162145,10,151684
15488,0.234892,14,151698
15489,0.278852,16,151714
15490,0.196355,11,151725
15491,0.200641,12,151737
15492,0.186482,10,151747
15493,0.210483,12,151759
15494,0.310227,17,151776
15495,0.236889,14,151790
15496,0.319508,19,151809
15497,0.252839,14,151823
15498,0.254635,14,151837
15499,0.423484,25,151862
15500,0.403038,25,151887
15501,0.165302,9,151896
15502,0.35776,21,151917
15503,0.450391,25,151942
15504,0.352755,20,151962
15505,0.169542,13,151975
15506,0.21815,12,151987
15507,0.196779,11,151998
15508,0.172808,11,152009
15509,0.02154,1,152010
15510,0.291943,16,152026
15511,0.163274,9,152035
15512,0.200838,12,152047
15513,0.13471,7,152054
15514,0.311406,17,152071
15515,0.40521,22,152093
15516,0.090705,5,152098
15517,0.275072,15,152113
15518,0.361265,21,152134
15519,0.340894,19,152153
15520,0.235391,13,152166
15521,0.39748,21,152187
15522,0.075178,4,152191
15523,0.26102,14,152205
15524,0.250774,15,152220
15525,0.49315,29,152249
15526,0.406855,22,152271
15527,0.186646,10,152281
15528,0.226726,12,152293
15529,0.274786,16,152309
15530,0.494624,27,152336
15531,0.283914,16,152352
15532,0.150599,8,152360
15533,0.422697,25,152385
15534,0.388016,22,152407
15535,0.290746,19,152426
15536,0.198715,11,152437
15537,0.173935,11,152448
15538,0.198055,11,152459
15539,0.144996,8,152467
15540,0.14885,8,152475
15541,0.332234,25,152500
15542,0.233458,15,152515
15543,0.207942,11,152526
15544,0.309739,19,152545
15545,0.149785,9,152554
15546,0.321387,17,152571
15547,0.189897,11,152582
15548,0.421821,25,152607
15549,0.177484,10,152617
15550,0.14185,9,152626
15551,0.32018,19,152645
15552,0.64154,36,152681
15553,0.193771,12,152693
15554,0.283481,15,152708
15555,0.436378,30,152738
15556,0.199415,11,152749
15557,0.28778,16,152765
15558,0.297575,18,152783
15559,0.148461,9,152792
15560,0.020629,1,152793
15561,0.336352,19,152812
15562,0.229975,15,152827
15563,0.205662,12,152839
15564,0.520531,32,152871
15565,0.278387,16,152887
15566,0.261755,15,152902
15567,0.590232,34,152936
15568,0.199917,11,152947
15569,0.285077,17,152964
15570,0.147173,8,152972
15571,0.209068,12,152984
15572,0.27658,16,153000
15573,0.146954,8,153008
15574,0.220808,15,153023
15575,0.229224,12,153035
15576,0.11348,6,153041
15577,0.152531,8,153049
15578,0.273682,16,153065
15579,0.18339,11,153076
15580,0.289139,16,153092
15581,0.184434,10,153102
15582,0.336354,18,153120
15583,0.347722,19,153139
15584,0.058511,3,153142
15585,0.019315,1,153143
15586,0.175944,10,153153
15587,0.30942,17,153170
15588,0.019131,1,153171
15589,0.243935,13,153184
15590,0.358444,20,153204
15591,0.335653,19,153223
15592,0.185997,10,153233
15593,0.193366,12,153245
15594,0.250879,14,153259
15595,0.201167,11,153270
15596,0.311125,21,153291
15597,0.369888,24,153315
15598,0.261051,15,153330
15599,0.154654,8,153338
15600,0.226454,13,153351
15601,0.337972,26,153377
15602,0.149967,9,153386
15603,0.021289,1,153387
15604,0.18062,11,153398
15605,0.459269,29,153427
15606,0.276082,16,153443
15607,0.374647,21,153464
15608,0.190935,11,153475
15609,0.260062,14,153489
15610,0.395191,23,153512
15611,0.333513,22,153534
15612,0.266823,16,153550
15613,0.185111,10,153560
15614,0.153942,8,153568
15615,0.018855,1,153569
15616,0.300245,16,153585
15617,0.217103,14,153599
15618,0.216724,12,153611
15619,0.244185,15,153626
15620,0.197789,13,153639
15621,0.235841,13,153652
15622,0.36775,22,153674
15623,0.254834,14,153688
15624,0.019894,1,153689
15625,0.379546,22,153711
15626,0.460308,28,153739
15627,0.219004,12,153751
15628,0.117627,7,153758
15629,0.137665,8,153766
15630,0.17511,10,153776
15631,0.198797,11,153787
15632,0.204173,11,153798
15633,0.281166,15,153813
15634,0.253532,15,153828
15635,0.200709,12,153840
15636,0.241607,14,153854
15637,0.018952,1,153855
15638,0.193811,12,153867
15639,0.25815,15,153882
15640,0.42377,23,153905
15641,0.21024,11,153916
15642,0.227839,13,153929
15643,0.238001,13,153942
15644,0.215888,13,153955
15645,0.273088,15,153970
15646,0.196593,12,153982
15647,0.232946,13,153995
15648,0.327571,18,154013
15649,0.298225,17,154030
15650,0.144635,8,154038
15651,0.309662,17,154055
15652,0.219679,12,154067
15653,0.185407,10,154077
15654,0.334641,18,154095
15655,0.017973,1,154096
15656,0.240092,14,154110
15657,0.393987,24,154134
15658,0.198613,11,154145
15659,0.218538,13,154158
15660,0.209909,12,154170
15661,0.250017,14,154184
15662,0.259811,14,154198
15663,0.384013,22,154220
15664,0.254166,15,154235
15665,0.264368,14,154249
15666,0.358658,20,154269
15667,0.212784,12,154281
15668,0.36842,22,154303
15669,0.164561,9,154312
15670,0.152716,8,154320
15671,0.124161,7,154327
15672,0.122491,7,154334
15673,0.266963,18,154352
15674,0.377096,20,154372
15675,0.327688,19,154391
15676,0.225973,13,154404
15677,0.058896,3,154407
15678,0.227903,17,154424
15679,0.188635,10,154434
15680,0.150529,8,154442
15681,0.492144,31,154473
15682,0.372529,22,154495
15683,0.284871,16,154511
15684,0.186046,11,154522
15685,0.197329,11,154533
15686,0.250698,15,154548
15687,0.151229,8,154556
15688,0.260392,15,154571
15689,0.297617,18,154589
15690,0.319954,19,154608
15691,0.358198,24,154632
15692,0.342869,25,154657
15693,0.28028,16,154673
15694,0.374099,20,154693
15695,0.305574,17,154710
15696,0.067463,4,154714
15697,0.297503,17,154731
15698,0.266004,16,154747
15699,0.311651,21,154768
15700,0.332291,20,154788
15701,0.0763,4,154792
15702,0.165084,9,154801
15703,0.198993,11,154812
15704,0.407997,22,154834
15705,0.189059,12,154846
15706,0.212156,12,154858
15707,0.286378,20,154878
15708,0.201019,11,154889
15709,0.022393,1,154890
15710,0.209376,13,154903
15711,0.306637,17,154920
15712,0.212097,12,154932
15713,0.25243,14,154946
15714,0.165652,9,154955
15715,0.307277,19,154974
15716,0.199075,11,154985
15717,0.214863,12,154997
15718,0.199844,11,155008
15719,0.020202,1,155009
15720,0.222785,12,155021
15721,0.263373,15,155036
15722,0.128766,7,155043
15723,0.473719,27,155070
15724,0.265094,16,155086
15725,0.019604,1,155087
15726,0.396391,23,155110
15727,0.018884,1,155111
15728,0.233341,14,155125
15729,0.201839,11,155136
15730,0.219691,13,155149
15731,0.418908,23,155172
15732,0.335409,19,155191
15733,0.144704,10,155201
15734,0.167722,10,155211
15735,0.157815,9,155220
15736,0.362716,26,155246
15737,0.240873,14,155260
15738,0.18709,10,155270
15739,0.015348,1,155271
15740,0.43842,24,155295
15741,0.374615,21,155316
15742,0.269226,16,155332
15743,0.319126,20,155352
15744,0.426605,23,155375
15745,0.302811,18,155393
15746,0.443266,25,155418
15747,0.172153,10,155428
15748,0.200569,11,155439
15749,0.14515,8,155447
15750,0.235702,14,155461
15751,0.340141,19,155480
15752,0.226457,13,155493
15753,0.221835,12,155505
15754,0.345647,19,155524
15755,0.519285,29,155553
15756,0.213691,12,155565
15757,0.181364,13,155578
15758,0.207469,11,155589
15759,0.170763,10,155599
15760,0.203483,12,155611
15761,0.224386,13,155624
15762,0.341234,19,155643
15763,0.224498,12,155655
15764,0.193115,10,155665
15765,0.312829,17,155682
15766,0.185724,10,155692
15767,0.222709,13,155705
15768,0.287003,17,155722
15769,0.400085,22,155744
15770,0.241089,13,155757
15771,0.221492,12,155769
15772,0.333009,18,155787
15773,0.148933,8,155795
15774,0.279782,16,155811
15775,0.348041,23,155834
15776,0.261647,14,155848
15777,0.209272,12,155860
15778,0.288144,16,155876
15779,0.135578,7,155883
15780,0.23487,13,155896
15781,0.307344,20,155916
15782,0.321422,19,155935
15783,0.224214,13,155948
15784,0.136444,7,155955
15785,0.368785,26,155981
15786,0.157461,9,155990
15787,0.186101,10,156000
15788,0.020112,1,156001
15789,0.282479,18,156019
15790,0.226503,14,156033
15791,0.277597,16,156049
15792,0.243836,15,156064
15793,0.270997,15,156079
15794,0.210482,11,156090
15795,0.26572,26,156116
15796,0.144627,8,156124
15797,0.252477,14,156138
15798,0.256593,14,156152
15799,0.275178,15,156167
15800,0.371022,20,156187
15801,0.109938,6,156193
15802,0.204539,13,156206
15803,0.262452,15,156221
15804,0.340304,22,156243
15805,0.183965,10,156253
15806,0.640978,36,156289
15807,0.233111,14,156303
15808,0.456134,26,156329
15809,0.096038,6,156335
15810,0.194782,11,156346
15811,0.51862,31,156377
15812,0.375837,20,156397
15813,0.306989,18,156415
15814,0.165211,9,156424
15815,0.259433,14,156438
15816,0.130539,8,156446
15817,0.183299,10,156456
15818,0.201829,12,156468
15819,0.261146,15,156483
15820,0.236092,13,156496
15821,0.339601,22,156518
15822,0.16072,9,156527
15823,0.40798,26,156553
15824,0.525854,32,156585
15825,0.195094,11,156596
15826,0.020357,1,156597
15827,0.336611,20,156617
15828,0.186692,11,156628
15829,0.247663,14,156642
15830,0.260613,15,156657
15831,0.279056,17,156674
15832,0.222672,12,156686
15833,0.318584,18,156704
15834,0.255423,14,156718
15835,0.17246,10,156728
15836,0.303182,18,156746
15837,0.256707,14,156760
15838,0.299878,17,156777
15839,0.179236,12,156789
15840,0.213888,12,156801
15841,0.01982,1,156802
15842,0.272946,15,156817
15843,0.169851,9,156826
15844,0.187032,12,156838
15845,0.224335,12,156850
15846,0.317161,20,156870
15847,0.295484,16,156886
15848,0.229999,13,156899
15849,0.339265,22,156921
15850,0.21824,12,156933
15851,0.169824,9,156942
15852,0.01979,1,156943
15853,0.017235,1,156944
15854,0.305989,21,156965
15855,0.300624,16,156981
15856,0.326138,21,157002
15857,0.328549,18,157020
15858,0.23643,15,157035
15859,0.363994,21,157056
15860,0.197382,11,157067
15861,0.21977,13,157080
15862,0.325314,20,157100
15863,0.352595,22,157122
15864,0.342499,19,157141
15865,0.266423,17,157158
15866,0.292262,19,157177
15867,0.425552,24,157201
15868,0.225391,13,157214
15869,0.387345,26,157240
15870,0.389468,25,157265
15871,0.352318,22,157287
15872,0.388506,22,157309
15873,0.196386,11,157320
15874,0.275274,15,157335
15875,0.289406,18,157353
15876,0.215551,12,157365
15877,0.546195,34,157399
15878,0.403285,31,157430
15879,0.367244,34,157464
15880,0.32103,23,157487
15881,0.020904,1,157488
15882,0.225495,12,157500
15883,0.183869,11,157511
15884,0.383937,21,157532
15885,0.319375,18,157550
15886,0.229783,13,157563
15887,0.2017,11,157574
15888,0.232656,16,157590
15889,0.150262,8,157598
15890,0.22382,14,157612
15891,0.279815,15,157627
15892,0.019644,1,157628
15893,0.292996,27,157655
15894,0.01928,1,157656
15895,0.185304,12,157668
15896,0.210429,11,157679
15897,0.238158,13,157692
15898,0.227304,13,157705
15899,0.394293,24,157729
15900,0.208767,12,157741
15901,0.019997,1,157742
15902,0.265077,16,157758
15903,0.145164,8,157766
15904,0.198838,11,157777
15905,0.236731,13,157790
15906,0.182357,10,157800
15907,0.236877,13,157813
15908,0.020092,1,157814
15909,0.180507,10,157824
15910,0.281427,16,157840
15911,0.142349,8,157848
15912,0.304064,19,157867
15913,0.207552,12,157879
15914,0.444493,25,157904
15915,0.474931,34,157938
15916,0.30101,18,157956
15917,0.37872,21,157977
15918,0.335407,18,157995
15919,0.019581,1,157996
15920,0.243007,13,158009
15921,0.253614,15,158024
15922,0.435006,25,158049
15923,0.410788,22,158071
15924,0.231324,13,158084
15925,0.248601,15,158099
15926,0.138433,8,158107
15927,0.313109,19,158126
15928,0.180723,11,158137
15929,0.187325,10,158147
15930,0.123701,10,158157
15931,0.214035,12,158169
15932,0.130644,7,158176
15933,0.181737,10,158186
15934,0.316281,17,158203
15935,0.297263,28,158231
15936,0.254308,16,158247
15937,0.232335,13,158260
15938,0.355183,20,158280
15939,0.017939,1,158281
15940,0.27105,16,158297
15941,0.185497,10,158307
15942,0.217737,12,158319
15943,0.430225,27,158346
15944,0.213797,12,158358
15945,0.111247,6,158364
15946,0.257261,16,158380
15947,0.439495,25,158405
15948,0.25139,15,158420
15949,0.145053,8,158428
15950,0.33166,24,158452
15951,0.113613,6,158458
15952,0.297675,16,158474
15953,0.265217,15,158489
15954,0.183917,10,158499
15955,0.369837,24,158523
15956,0.498598,29,158552
15957,0.173306,10,158562
15958,0.344622,20,158582
15959,0.301977,18,158600
15960,0.191631,10,158610
15961,0.233069,14,158624
15962,0.271875,16,158640
15963,0.053046,3,158643
15964,0.236893,14,158657
15965,0.224373,12,158669
15966,0.229339,13,158682
15967,0.216708,12,158694
15968,0.317013,17,158711
15969,0.270104,16,158727
15970,0.206549,11,158738
15971,0.312026,18,158756
15972,0.206608,13,158769
15973,0.244885,13,158782
15974,0.247759,15,158797
15975,0.185973,10,158807
15976,0.266195,14,158821
15977,0.258333,14,158835
15978,0.224825,12,158847
15979,0.323071,18,158865
15980,0.220731,13,158878
15981,0.260915,15,158893
15982,0.190424,10,158903
15983,0.2204,15,158918
15984,0.35865,22,158940
15985,0.392802,23,158963
15986,0.237115,13,158976
15987,0.306585,17,158993
15988,0.201366,11,159004
15989,0.278046,15,159019
15990,0.117469,6,159025
15991,0.376414,24,159049
15992,0.019878,1,159050
15993,0.169451,10,159060
15994,0.215772,12,159072
15995,0.225397,12,159084
15996,0.303061,17,159101
15997,0.019847,1,159102
15998,0.21296,12,159114
15999,0.154629,9,159123
16000,0.280542,15,159138
16001,0.168353,9,159147
16002,0.571953,32,159179
16003,0.188699,11,159190
16004,0.200396,11,159201
16005,0.194209,12,159213
16006,0.018929,1,159214
16007,0.219786,12,159226
16008,0.125372,7,159233
16009,0.225225,13,159246
16010,0.183238,10,159256
16011,0.30994,18,159274
16012,0.143481,8,159282
16013,0.246569,15,159297
16014,0.444656,24,159321
16015,0.259062,15,159336
16016,0.419361,25,159361
16017,0.285428,16,159377
16018,0.19326,10,159387
16019,0.267476,15,159402
16020,0.500801,28,159430
16021,0.260375,15,159445
16022,0.194625,10,159455
16023,0.200165,12,159467
16024,0.338774,21,159488
16025,0.190517,11,159499
16026,0.183689,10,159509
16027,0.248846,15,159524
16028,0.344742,22,159546
16029,0.203234,12,159558
16030,0.227897,12,159570
16031,0.539088,30,159600
16032,0.380456,23,159623
16033,0.306173,17,159640
16034,0.180227,11,159651
16035,0.264891,16,159667
16036,0.238181,13,159680
16037,0.161528,9,159689
16038,0.301688,16,159705
16039,0.179807,10,159715
16040,0.284538,16,159731
16041,0.154483,9,159740
16042,0.206392,11,159751
16043,0.346202,21,159772
16044,0.312364,19,159791
16045,0.214346,14,159805
16046,0.22019,12,159817
16047,0.292464,16,159833
16048,0.158282,12,159845
16049,0.299333,18,159863
16050,0.279338,15,159878
16051,0.28168,16,159894
16052,0.621559,34,159928
16053,0.169971,9,159937
16054,0.12645,7,159944
16055,0.405691,28,159972
16056,0.018232,1,159973
16057,0.220847,13,159986
16058,0.191476,13,159999
16059,0.182345,11,160010
16060,0.243524,14,160024
16061,0.208786,11,160035
16062,0.181775,10,160045
16063,0.021455,1,160046
16064,0.230079,13,160059
16065,0.115314,7,160066
16066,0.224879,12,160078
16067,0.169634,9,160087
16068,0.11998,7,160094
16069,0.358132,25,160119
16070,0.40822,22,160141
16071,0.202924,11,160152
16072,0.094764,5,160157
16073,0.183022,11,160168
16074,0.369608,20,160188
16075,0.237708,15,160203
16076,0.195934,11,160214
16077,0.225176,16,160230
16078,0.193385,11,160241
16079,0.223673,12,160253
16080,0.286088,16,160269
16081,0.131367,7,160276
16082,0.218141,12,160288
16083,0.188471,10,160298
16084,0.347718,19,160317
16085,0.257232,14,160331
16086,0.111151,7,160338
16087,0.204422,11,160349
16088,0.19534,11,160360
16089,0.239385,14,160374
16090,0.231487,13,160387
16091,0.206044,13,160400
16092,0.236997,15,160415
16093,0.229246,13,160428
16094,0.320996,19,160447
16095,0.077615,4,160451
16096,0.343282,22,160473
16097,0.239113,14,160487
16098,0.314203,17,160504
16099,0.197384,12,160516
16100,0.131658,7,160523
16101,0.38887,21,160544
16102,0.01972,1,160545
16103,0.168203,9,160554
16104,0.227192,13,160567
16105,0.033608,2,160569
16106,0.585653,34,160603
16107,0.272354,16,160619
16108,0.344163,23,160642
16109,0.324756,18,160660
16110,0.227103,13,160673
16111,0.258932,14,160687
16112,0.238571,13,160700
16113,0.133636,7,160707
16114,0.097708,5,160712
16115,0.147955,8,160720
16116,0.273463,20,160740
16117,0.180924,11,160751
16118,0.376869,21,160772
16119,0.365227,20,160792
16120,0.146966,8,160800
16121,0.183631,10,160810
16122,0.206652,12,160822
16123,0.170621,10,160832
16124,0.505951,31,160863
16125,0.01487,1,160864
16126,0.366312,31,160895
16127,0.247214,15,160910
16128,0.184899,10,160920
16129,0.402089,28,160948
16130,0.293939,18,160966
16131,0.020919,1,160967
16132,0.154633,8,160975
16133,0.0699,4,160979
16134,0.17282,10,160989
16135,0.342918,23,161012
16136,0.186085,10,161022
16137,0.212891,11,161033
16138,0.366602,20,161053
16139,0.4276,28,161081
16140,0.018794,1,161082
16141,0.25215,14,161096
16142,0.397191,25,161121
16143,0.354137,19,161140
16144,0.377638,21,161161
16145,0.2394,14,161175
16146,0.267783,16,161191
16147,0.224073,12,161203
16148,0.258214,16,161219
16149,0.150299,8,161227
16150,0.262556,15,161242
16151,0.148084,8,161250
16152,0.245804,13,161263
16153,0.54196,32,161295
16154,0.388282,21,161316
16155,0.311684,17,161333
16156,0.193468,11,161344
16157,0.351033,25,161369
16158,0.280169,17,161386
16159,0.361122,20,161406
16160,0.298043,16,161422
16161,0.302608,17,161439
16162,0.217813,14,161453
16163,0.288386,16,161469
16164,0.325629,18,161487
16165,0.167074,9,161496
16166,0.359957,24,161520
16167,0.354951,22,161542
16168,0.168868,9,161551
16169,0.224078,12,161563
16170,0.226521,13,161576
16171,0.194985,12,161588
16172,0.299494,19,161607
16173,0.539989,31,161638
16174,0.188591,10,161648
16175,0.219856,13,161661
16176,0.31082,17,161678
16177,0.210011,16,161694
16178,0.229462,13,161707
16179,0.2665,16,161723
16180,0.331555,18,161741
16181,0.370667,21,161762
16182,0.247933,15,161777
16183,0.258692,19,161796
16184,0.327627,20,161816
16185,0.177701,10,161826
16186,0.178828,11,161837
16187,0.223714,14,161851
16188,0.450052,31,161882
16189,0.327589,18,161900
16190,0.146607,10,161910
16191,0.224071,12,161922
16192,0.277583,15,161937
16193,0.222093,13,161950
16194,0.284508,15,161965
16195,0.261423,15,161980
16196,0.226676,12,161992
16197,0.30404,17,162009
16198,0.482263,26,162035
16199,0.141561,8,162043
16200,0.311271,18,162061
16201,0.18466,11,162072
16202,0.279073,16,162088
16203,0.179071,11,162099
16204,0.27859,16,162115
16205,0.186678,10,162125
16206,0.242069,14,162139
16207,0.238508,14,162153
16208,0.363571,22,162175
16209,0.268096,15,162190
16210,0.272359,15,162205
16211,0.155963,9,162214
16212,0.207925,12,162226
16213,0.514595,45,162271
16214,0.345486,19,162290
16215,0.294045,16,162306
16216,0.217097,12,162318
16217,0.300288,17,162335
16218,0.298564,18,162353
16219,0.282819,16,162369
16220,0.21165,12,162381
16221,0.167306,11,162392
16222,0.29767,19,162411
16223,0.21745,14,162425
16224,0.418145,35,162460
16225,0.144233,8,162468
16226,0.113768,6,162474
16227,0.291116,17,162491
16228,0.359277,20,162511
16229,0.01593,1,162512
16230,0.140476,8,162520
16231,0.214131,12,162532
16232,0.228008,14,162546
16233,0.163248,9,162555
16234,0.332662,20,162575
16235,0.204422,12,162587
16236,0.27621,15,162602
16237,0.358386,29,162631
16238,0.259347,14,162645
16239,0.016249,1,162646
16240,0.287962,15,162661
16241,0.131465,8,162669
16242,0.019185,1,162670
16243,0.19526,12,162682
16244,0.227586,13,162695
16245,0.189022,11,162706
16246,0.381264,23,162729
16247,0.192998,12,162741
16248,0.114754,6,162747
16249,0.162565,10,162757
16250,0.215516,13,162770
16251,0.155618,9,162779
16252,0.23685,14,162793
16253,0.234569,13,162806
16254,0.166243,9,162815
16255,0.250966,17,162832
16256,0.225844,13,162845
16257,0.615934,36,162881
16258,0.191261,11,162892
16259,0.179559,12,162904
16260,0.580607,32,162936
16261,0.36231,24,162960
16262,0.155148,10,162970
16263,0.241009,13,162983
16264,0.193624,11,162994
16265,0.20702,15,163009
16266,0.242751,13,163022
16267,0.371355,21,163043
16268,0.312078,20,163063
16269,0.250127,14,163077
16270,0.240802,13,163090
16271,0.280755,17,163107
16272,0.337689,21,163128
16273,0.255952,14,163142
16274,0.365365,20,163162
16275,0.016487,1,163163
16276,0.2985,17,163180
16277,0.271099,15,163195
16278,0.019743,1,163196
16279,0.223295,15,163211
16280,0.191114,12,163223
16281,0.358222,27,163250
16282,0.295286,16,163266
16283,0.260661,15,163281
16284,0.229542,13,163294
16285,0.398741,25,163319
16286,0.179121,11,163330
16287,0.311718,17,163347
16288,0.210894,15,163362
16289,0.499308,32,163394
16290,0.701279,38,163432
16291,0.364597,21,163453
16292,0.346956,36,163489
16293,0.175738,10,163499
16294,0.226389,13,163512
16295,0.296991,16,163528
16296,0.344004,19,163547
16297,0.324438,19,163566
16298,0.200496,11,163577
16299,0.209121,11,163588
16300,0.18823,10,163598
16301,0.163691,10,163608
16302,0.149744,8,163616
16303,0.360382,21,163637
16304,0.155693,8,163645
16305,0.210063,12,163657
16306,0.269824,15,163672
16307,0.482184,33,163705
16308,0.019668,1,163706
16309,0.275157,16,163722
16310,0.246363,13,163735
16311,0.360069,25,163760
16312,0.185457,11,163771
16313,0.219256,13,163784
16314,0.287544,16,163800
16315,0.466638,27,163827
16316,0.224566,14,163841
16317,0.196398,11,163852
16318,0.161787,10,163862
16319,0.245366,14,163876
16320,0.241165,13,163889
16321,0.198056,12,163901
16322,0.249521,14,163915
16323,0.439683,24,163939
16324,0.23327,13,163952
16325,0.095624,5,163957
16326,0.230664,13,163970
16327,0.152113,8,163978
16328,0.269327,17,163995
16329,0.104242,7,164002
16330,0.138461,13,164015
16331,0.199891,11,164026
16332,0.339906,19,164045
16333,0.207041,11,164056
16334,0.287953,18,164074
16335,0.036257,2,164076
16336,0.336898,20,164096
16337,0.320993,18,164114
16338,0.216059,13,164127
16339,0.147446,8,164135
16340,0.292503,16,164151
16341,0.271816,15,164166
16342,0.303418,18,164184
16343,0.261764,15,164199
16344,0.342877,19,164218
16345,0.34197,21,164239
16346,0.212426,12,164251
16347,0.294141,17,164268
16348,0.287566,16,164284
16349,0.300759,17,164301
16350,0.203427,11,164312
16351,0.154074,9,164321
16352,0.318233,18,164339
16353,0.299991,16,164355
16354,0.441313,28,164383
16355,-0.065293,20,164403
16356,0.189677,11,164414
16357,0.190678,11,164425
16358,0.352363,19,164444
16359,0.32186,21,164465
16360,0.136788,7,164472
16361,0.141486,8,164480
16362,0.019061,1,164481
16363,0.277363,15,164496
16364,0.269669,15,164511
16365,0.290006,16,164527
16366,0.24956,15,164542
16367,0.163039,9,164551
16368,0.309517,19,164570
16369,0.10796,6,164576
16370,0.189716,11,164587
16371,0.271383,15,164602
16372,0.23433,13,164615
16373,0.282867,21,164636
16374,0.248966,16,164652
16375,0.199465,11,164663
16376,0.420231,24,164687
16377,0.018507,1,164688
16378,0.331889,20,164708
16379,0.242915,15,164723
16380,0.393836,34,164757
16381,0.127949,7,164764
16382,0.209149,12,164776
16383,0.470058,26,164802
16384,0.307627,23,164825
16385,0.198932,11,164836
16386,0.224234,12,164848
16387,0.245621,13,164861
16388,0.188098,11,164872
16389,0.295823,17,164889
16390,0.212335,12,164901
16391,0.237237,13,164914
16392,0.351964,20,164934
16393,0.210818,11,164945
16394,0.266411,18,164963
16395,0.223243,12,164975
16396,0.232947,13,164988
16397,0.260547,16,165004
16398,0.168132,9,165013
16399,0.213508,12,165025
16400,0.187987,14,165039
16401,0.019762,1,165040
16402,0.263377,15,165055
16403,0.550207,30,165085
16404,0.180514,12,165097
16405,0.257376,14,165111
16406,0.526199,29,165140
16407,0.191981,12,165152
16408,0.318278,17,165169
16409,0.139098,8,165177
16410,0.225781,13,165190
16411,0.238657,13,165203
16412,0.291006,16,165219
16413,0.145773,8,165227
16414,0.309942,17,165244
16415,0.306956,20,165264
16416,0.155629,9,165273
16417,0.280617,18,165291
16418,0.170541,9,165300
16419,0.30573,17,165317
16420,0.208451,13,165330
16421,0.276751,17,165347
16422,0.187535,10,165357
16423,0.28495,18,165375
16424,0.248706,13,165388
16425,0.261372,14,165402
16426,0.733761,45,165447
16427,0.331191,24,165471
16428,0.314655,17,165488
16429,0.204182,11,165499
16430,0.197548,12,165511
16431,0.264871,19,165530
16432,0.141799,8,165538
16433,0.184546,10,165548
16434,0.214951,12,165560
16435,0.158508,9,165569
16436,0.223511,12,165581
16437,0.248216,14,165595
16438,0.282428,15,165610
16439,0.232698,13,165623
16440,0.456591,25,165648
16441,0.133353,11,165659
16442,0.283758,16,165675
16443,0.165853,10,165685
16444,0.22343,16,165701
16445,0.24004,13,165714
16446,0.349445,20,165734
16447,0.171138,10,165744
16448,0.472051,30,165774
16449,0.331468,21,165795
16450,0.403192,25,165820
16451,0.237638,15,165835
16452,0.184729,11,165846
16453,0.198979,11,165857
16454,0.258102,14,165871
16455,0.322391,18,165889
16456,0.092638,5,165894
16457,0.307713,18,165912
16458,0.288721,18,165930
16459,0.368913,28,165958
16460,0.267103,15,165973
16461,0.169691,10,165983
16462,0.204363,12,165995
16463,0.207665,12,166007
16464,0.237311,14,166021
16465,0.608666,34,166055
16466,0.537714,34,166089
16467,0.206332,11,166100
16468,0.019089,1,166101
16469,0.227293,13,166114
16470,0.25962,15,166129
16471,0.293227,16,166145
16472,0.331334,18,166163
16473,0.327211,18,166181
16474,0.388647,21,166202
16475,0.186593,10,166212
16476,0.095461,5,166217
16477,0.207918,11,166228
16478,0.313682,17,166245
16479,0.205676,11,166256
16480,0.217373,12,166268
16481,0.454779,28,166296
16482,0.0196,1,166297
16483,0.222905,12,166309
16484,0.508996,28,166337
16485,0.017427,1,166338
16486,0.236314,13,166351
16487,0.237761,13,166364
16488,0.243569,13,166377
16489,0.239026,15,166392
16490,0.213889,12,166404
16491,0.223581,15,166419
16492,0.309423,20,166439
16493,0.20917,11,166450
16494,0.286301,16,166466
16495,0.418174,23,166489
16496,0.359264,21,166510
16497,0.228331,12,166522
16498,0.140973,9,166531
16499,0.115368,7,166538
16500,0.535285,29,166567
16501,0.303051,19,166586
16502,0.242578,15,166601
16503,0.118218,6,166607
16504,0.201065,11,166618
16505,0.079006,5,166623
16506,0.217022,12,166635
16507,0.187154,10,166645
16508,0.115962,6,166651
16509,0.252555,15,166666
16510,0.105264,6,166672
16511,0.272164,15,166687
16512,0.095807,5,166692
16513,0.233957,14,166706
16514,0.265666,18,166724
16515,0.154679,9,166733
16516,0.372757,24,166757
16517,0.345559,19,166776
16518,0.078058,4,166780
16519,0.183843,12,166792
16520,0.255709,15,166807
16521,0.139809,9,166816
16522,0.201899,11,166827
16523,0.30084,18,166845
16524,0.275343,15,166860
16525,0.274431,15,166875
16526,0.04635,3,166878
16527,0.202367,11,166889
16528,0.279609,17,166906
16529,0.02014,1,166907
16530,0.178267,11,166918
16531,0.154611,9,166927
16532,0.329188,21,166948
16533,0.207847,12,166960
16534,0.264534,14,166974
16535,0.187376,10,166984
16536,0.244668,15,166999
16537,0.014346,1,167000
16538,0.338112,19,167019
16539,0.191217,11,167030
16540,0.382016,24,167054
16541,0.165668,9,167063
16542,0.239806,13,167076
16543,0.325602,24,167100
16544,0.240168,14,167114
16545,0.363552,21,167135
16546,0.195867,13,167148
16547,0.199169,11,167159
16548,0.158797,9,167168
16549,0.263715,15,167183
16550,0.185605,10,167193
16551,0.227915,13,167206
16552,0.016462,1,167207
16553,0.17992,10,167217
16554,0.390182,21,167238
16555,0.280697,16,167254
16556,0.019918,1,167255
16557,0.412056,28,167283
16558,0.212973,12,167295
16559,0.252415,16,167311
16560,0.188471,10,167321
16561,0.205722,11,167332
16562,0.289687,18,167350
16563,0.218314,13,167363
16564,0.353708,21,167384
16565,0.338635,22,167406
16566,0.248226,15,167421
16567,0.313741,17,167438
16568,0.191242,11,167449
16569,0.243867,14,167463
16570,0.255796,15,167478
16571,0.213563,12,167490
16572,0.250371,14,167504
16573,0.492608,31,167535
16574,0.238884,15,167550
16575,0.207162,14,167564
16576,0.174319,11,167575
16577,0.177429,10,167585
16578,0.267585,16,167601
16579,0.318523,18,167619
16580,0.211912,12,167631
16581,0.385164,22,167653
16582,0.02112,1,167654
16583,0.275078,17,167671
16584,0.020144,1,167672
16585,0.143785,8,167680
16586,0.183674,10,167690
16587,0.273171,20,167710
16588,0.300188,17,167727
16589,0.183651,10,167737
16590,0.302102,18,167755
16591,0.202651,11,167766
16592,0.353584,21,167787
16593,0.355654,23,167810
16594,0.206531,12,167822
16595,0.212246,12,167834
16596,0.359462,23,167857
16597,0.126174,7,167864
16598,0.262569,15,167879
16599,0.243798,13,167892
16600,0.183818,10,167902
16601,0.366029,21,167923
16602,0.343949,22,167945
16603,0.220669,12,167957
16604,0.261746,14,167971
16605,0.311878,17,167988
16606,0.362886,23,168011
16607,0.194625,12,168023
16608,0.292822,16,168039
16609,0.298405,18,168057
16610,0.336673,19,168076
16611,0.55692,33,168109
16612,0.278296,18,168127
16613,0.41226,25,168152
16614,0.173077,9,168161
16615,0.346634,19,168180
16616,0.213223,12,168192
16617,0.376492,21,168213
16618,0.425947,23,168236
16619,0.404212,22,168258
16620,0.254984,14,168272
16621,0.251261,14,168286
16622,0.075438,4,168290
16623,0.018655,1,168291
16624,0.204555,12,168303
16625,0.153714,9,168312
16626,0.150588,8,168320
16627,0.331574,21,168341
16628,0.203206,12,168353
16629,0.296263,20,168373
16630,0.172232,10,168383
16631,0.020412,1,168384
16632,0.616774,34,168418
16633,0.359547,23,168441
16634,0.227461,13,168454
16635,0.296404,16,168470
16636,0.283558,16,168486
16637,0.217425,12,168498
16638,0.193574,12,168510
16639,0.192013,11,168521
16640,0.278357,15,168536
16641,0.344022,23,168559
16642,0.16195,10,168569
16643,0.308041,18,168587
16644,0.227469,13,168600
16645,0.19995,12,168612
16646,0.017214,1,168613
16647,0.190502,11,168624
16648,0.137621,7,168631
16649,0.263066,14,168645
16650,0.149382,8,168653
16651,0.354953,20,168673
16652,0.335437,19,168692
16653,0.290784,18,168710
16654,0.249788,14,168724
16655,0.171732,9,168733
16656,0.22763,18,168751
16657,0.232404,16,168767
16658,0.204006,11,168778
16659,0.336454,19,168797
16660,0.460841,31,168828
16661,0.208296,12,168840
16662,0.260922,15,168855
16663,0.021615,1,168856
16664,0.186585,10,168866
16665,0.321214,18,168884
16666,0.211802,12,168896
16667,0.224613,13,168909
16668,0.212927,12,168921
16669,0.206267,11,168932
16670,0.242444,15,168947
16671,0.312985,22,168969
16672,0.298561,16,168985
16673,0.285223,20,169005
16674,0.180921,10,169015
16675,0.370463,26,169041
16676,0.217604,13,169054
16677,0.262703,14,169068
16678,0.236666,14,169082
16679,0.174954,11,169093
16680,0.279748,16,169109
16681,0.30658,18,169127
16682,0.346538,19,169146
16683,0.24762,14,169160
16684,0.250677,14,169174
16685,0.485257,37,169211
16686,0.459079,30,169241
16687,0.207382,11,169252
16688,0.230594,14,169266
16689,0.178983,10,169276
16690,0.172452,9,169285
16691,0.190937,13,169298
16692,0.203505,11,169309
16693,0.36303,24,169333
16694,0.303397,19,169352
16695,0.351372,22,169374
16696,0.019428,1,169375
16697,0.279742,16,169391
16698,0.224138,14,169405
16699,0.332971,19,169424
16700,0.355368,21,169445
16701,0.201781,11,169456
16702,0.192141,12,169468
16703,0.353512,20,169488
16704,0.292293,18,169506
16705,0.268756,15,169521
16706,0.294801,16,169537
16707,0.290433,18,169555
16708,0.213785,12,169567
16709,0.161415,9,169576
16710,0.309732,18,169594
16711,0.354512,20,169614
16712,0.153448,8,169622
16713,0.292169,17,169639
16714,0.232227,14,169653
16715,0.268806,16,169669
16716,0.182154,10,169679
16717,0.200148,12,169691
16718,0.248447,13,169704
16719,0.259836,18,169722
16720,0.273219,16,169738
16721,0.32597,18,169756
16722,0.245006,14,169770
16723,0.220747,12,169782
16724,0.202197,11,169793
16725,0.147937,9,169802
16726,0.233299,14,169816
16727,0.200661,11,169827
16728,0.291758,16,169843
16729,0.294072,21,169864
16730,0.516251,29,169893
16731,0.280736,15,169908
16732,0.218878,12,169920
16733,0.252852,18,169938
16734,0.216558,12,169950
16735,0.355047,20,169970
16736,0.220118,12,169982
16737,0.292681,17,169999
16738,0.284018,16,170015
16739,0.193192,13,170028
16740,0.203221,11,170039
16741,0.278868,16,170055
16742,0.22954,14,170069
16743,0.169741,10,170079
16744,0.154505,9,170088
16745,0.400406,22,170110
16746,0.273987,15,170125
16747,0.132129,7,170132
16748,0.265102,15,170147
16749,0.020449,1,170148
16750,0.019356,1,170149
16751,0.020036,1,170150
16752,0.533376,29,170179
16753,0.303566,16,170195
16754,0.369568,22,170217
16755,0.312665,18,170235
16756,0.495961,29,170264
16757,0.213503,14,170278
16758,0.264443,15,170293
16759,0.246561,15,170308
16760,0.409473,22,170330
16761,0.268327,15,170345
16762,0.261354,15,170360
16763,0.303814,18,170378
16764,0.11617,6,170384
16765,0.244087,13,170397
16766,0.235758,13,170410
16767,0.22327,12,170422
16768,0.195866,11,170433
16769,0.206416,13,170446
16770,0.163842,9,170455
16771,0.283931,15,170470
16772,0.018007,1,170471
16773,0.187183,10,170481
16774,0.26,15,170496
16775,0.217775,12,170508
16776,0.210355,12,170520
16777,0.199339,11,170531
16778,0.21916,13,170544
16779,0.105394,6,170550
16780,0.162321,9,170559
16781,0.264122,15,170574
16782,0.196051,14,170588
16783,0.202126,12,170600
16784,0.182509,10,170610
16785,0.180489,10,170620
16786,0.17123,9,170629
16787,0.312994,18,170647
16788,0.240095,13,170660
16789,0.222636,12,170672
16790,0.279988,30,170702
16791,0.207827,11,170713
16792,0.188461,12,170725
16793,0.211845,13,170738
16794,0.214283,12,170750
16795,0.154095,8,170758
16796,0.134822,8,170766
16797,0.211878,14,170780
16798,0.331402,21,170801
16799,0.310137,20,170821
16800,0.278729,18,170839
16801,0.326973,19,170858
16802,0.250704,14,170872
16803,0.351568,19,170891
16804,0.384991,21,170912
16805,0.461251,26,170938
16806,0.144999,8,170946
16807,0.228691,13,170959
16808,0.226813,13,170972
16809,0.186082,10,170982
16810,0.836967,46,171028
16811,0.195114,11,171039
16812,0.354591,21,171060
16813,0.237483,13,171073
16814,0.201923,11,171084
16815,0.174865,10,171094
16816,0.310084,17,171111
16817,0.206347,12,171123
16818,0.365975,21,171144
16819,0.224183,13,171157
16820,0.333017,20,171177
16821,0.262645,16,171193
16822,0.274116,18,171211
16823,0.284128,18,171229
16824,0.168231,9,171238
16825,0.019189,1,171239
16826,0.217699,12,171251
16827,0.407728,29,171280
16828,0.201099,12,171292
16829,0.313929,17,171309
16830,0.239098,13,171322
16831,0.243864,15,171337
16832,0.327461,18,171355
16833,0.298239,19,171374
16834,0.404706,26,171400
16835,0.326772,21,171421
16836,0.285878,16,171437
16837,0.235336,14,171451
16838,0.277451,15,171466
16839,0.266211,16,171482
16840,0.221938,13,171495
16841,0.196706,12,171507
16842,0.504279,28,171535
16843,0.168473,9,171544
16844,0.283197,16,171560
16845,0.289116,17,171577
16846,0.199005,11,171588
16847,0.433106,30,171618
16848,0.19515,11,171629
16849,0.280217,16,171645
16850,0.400098,23,171668
16851,0.23925,13,171681
16852,0.127659,7,171688
16853,0.185354,16,171704
16854,0.256919,16,171720
16855,0.306216,19,171739
16856,0.34325,19,171758
16857,0.30744,17,171775
16858,0.194829,11,171786
16859,0.191116,10,171796
16860,0.200899,13,171809
16861,0.185062,13,171822
16862,0.172385,10,171832
16863,0.419627,28,171860
16864,0.160923,11,171871
16865,0.28603,16,171887
16866,0.246063,18,171905
16867,0.249666,18,171923
16868,0.277501,15,171938
16869,0.207798,12,171950
16870,0.261159,14,171964
16871,0.200815,12,171976
16872,0.22897,13,171989
16873,0.205059,12,172001
16874,0.158084,9,172010
16875,0.226871,12,172022
16876,0.309808,17,172039
16877,0.123554,7,172046
16878,0.096385,5,172051
16879,0.258694,14,172065
16880,0.306754,17,172082
16881,0.213065,12,172094
16882,0.240809,13,172107
16883,0.227627,13,172120
16884,0.275911,15,172135
16885,0.22732,13,172148
16886,0.349638,22,172170
16887,0.216416,14,172184
16888,0.152629,8,172192
16889,0.232148,12,172204
16890,0.239569,14,172218
16891,0.190046,10,172228
16892,0.239947,16,172244
16893,0.279932,15,172259
16894,0.346078,20,172279
16895,0.200397,11,172290
16896,0.380974,21,172311
16897,0.276264,16,172327
16898,0.267879,17,172344
16899,0.21867,12,172356
16900,0.017171,1,172357
16901,0.167891,9,172366
16902,0.303856,17,172383
16903,0.254292,14,172397
16904,0.117664,10,172407
16905,0.340081,22,172429
16906,0.29832,16,172445
16907,0.410969,24,172469
16908,0.386381,22,172491
16909,0.369057,22,172513
16910,0.351352,21,172534
16911,0.193547,11,172545
16912,0.286028,17,172562
16913,0.456196,26,172588
16914,0.016024,1,172589
16915,0.183598,10,172599
16916,0.338678,19,172618
16917,0.375002,22,172640
16918,0.308726,17,172657
16919,0.416159,23,172680
16920,0.24607,16,172696
16921,0.255746,15,172711
16922,0.223692,13,172724
16923,0.284203,15,172739
16924,0.20213,11,172750
16925,0.265109,16,172766
16926,0.194351,11,172777
16927,0.268171,15,172792
16928,0.308544,19,172811
16929,0.381847,24,172835
16930,0.389548,26,172861
16931,0.411054,22,172883
16932,0.326727,18,172901
16933,0.266149,16,172917
16934,0.318697,17,172934
16935,0.260874,15,172949
16936,0.192875,11,172960
16937,0.307514,20,172980
16938,0.200975,12,172992
16939,0.265819,17,173009
16940,0.019888,1,173010
16941,0.276602,18,173028
16942,0.122956,7,173035
16943,0.12998,7,173042
16944,0.3557,20,173062
16945,0.30691,20,173082
16946,0.435628,24,173106
16947,0.152777,8,173114
16948,0.264445,15,173129
16949,0.349611,19,173148
16950,0.324309,18,173166
16951,0.208241,11,173177
16952,0.204786,12,173189
16953,0.495136,27,173216
16954,0.444582,27,173243
16955,0.228261,12,173255
16956,0.151533,8,173263
16957,0.017632,1,173264
16958,0.347695,20,173284
16959,0.184798,10,173294
16960,0.350614,19,173313
16961,0.263724,16,173329
16962,0.230151,13,173342
16963,0.224298,15,173357
16964,0.310897,17,173374
16965,0.295604,18,173392
16966,0.25575,15,173407
16967,0.247661,14,173421
16968,0.798098,48,173469
16969,0.258917,14,173483
16970,0.05926,3,173486
16971,0.482516,26,173512
16972,0.30385,17,173529
16973,0.018783,1,173530
16974,0.432351,37,173567
16975,0.311559,18,173585
16976,0.297406,17,173602
16977,0.251756,14,173616
16978,0.278778,16,173632
16979,0.238091,14,173646
16980,0.250942,15,173661
16981,0.213683,12,173673
16982,0.306234,18,173691
16983,0.19333,12,173703
16984,0.020354,1,173704
16985,0.286217,16,173720
16986,0.291926,16,173736
16987,0.336608,18,173754
16988,0.32702,21,173775
16989,0.672991,37,173812
16990,0.188621,10,173822
16991,0.246917,15,173837
16992,0.167722,10,173847
16993,0.19883,11,173858
16994,0.188114,10,173868
16995,0.304259,17,173885
16996,0.221448,13,173898
16997,0.375831,20,173918
16998,0.220897,12,173930
16999,0.196056,11,173941
17000,0.23201,14,173955
17001,0.188641,11,173966
17002,0.317815,21,173987
17003,0.160003,9,173996
17004,0.178901,12,174008
17005,0.220482,12,174020
17006,0.308106,19,174039
17007,0.164788,10,174049
17008,0.202304,13,174062
17009,0.405826,23,174085
17010,0.263397,17,174102
17011,0.169533,9,174111
17012,0.400844,24,174135
17013,0.224963,12,174147
17014,0.187689,10,174157
17015,0.149211,9,174166
17016,0.232879,13,174179
17017,0.443025,24,174203
17018,0.385038,27,174230
17019,0.242368,14,174244
17020,0.271032,15,174259
17021,0.37308,21,174280
17022,0.223865,13,174293
17023,0.361061,23,174316
17024,0.255921,14,174330
17025,0.019266,1,174331
17026,0.226639,13,174344
17027,0.03619,2,174346
17028,0.351458,20,174366
17029,0.31046,21,174387
17030,0.191885,11,174398
17031,0.66437,39,174437
17032,0.268037,16,174453
17033,0.272898,15,174468
17034,0.24982,14,174482
17035,0.307903,17,174499
17036,0.327262,21,174520
17037,0.261605,15,174535
17038,0.017422,1,174536
17039,0.129006,7,174543
17040,0.254332,14,174557
17041,0.333203,19,174576
17042,0.301595,16,174592
17043,0.234543,13,174605
17044,0.206564,14,174619
17045,0.19618,11,174630
17046,0.019726,1,174631
17047,0.32492,19,174650
17048,0.233043,13,174663
17049,0.226305,12,174675
17050,0.388674,21,174696
17051,0.257775,15,174711
17052,0.145617,8,174719
17053,0.451065,27,174746
17054,0.168629,9,174755
17055,0.390009,25,174780
17056,0.244853,15,174795
17057,0.346421,19,174814
17058,0.384874,21,174835
17059,0.171852,12,174847
17060,0.315241,19,174866
17061,0.089989,6,174872
17062,0.256028,14,174886
17063,0.223342,13,174899
17064,0.019797,1,174900
17065,0.133188,7,174907
17066,0.222745,14,174921
17067,0.274743,16,174937
17068,0.224451,14,174951
17069,0.259876,15,174966
17070,0.333223,22,174988
17071,0.186899,10,174998
17072,0.064975,4,175002
17073,0.417116,23,175025
17074,0.258776,17,175042
17075,0.245407,15,175057
17076,0.188353,10,175067
17077,0.233667,14,175081
17078,0.290281,21,175102
17079,0.593467,35,175137
17080,0.31633,17,175154
17081,0.415965,31,175185
17082,0.423854,33,175218
17083,0.291994,16,175234
17084,0.236644,14,175248
17085,0.02007,1,175249
17086,0.18683,11,175260
17087,0.216353,12,175272
17088,0.169787,9,175281
17089,0.151124,8,175289
17090,0.328284,19,175308
17091,0.311553,18,175326
17092,0.250984,15,175341
17093,0.309061,18,175359
17094,0.453112,28,175387
17095,0.256236,15,175402
17096,0.3887,23,175425
17097,0.212089,12,175437
17098,0.202812,12,175449
17099,0.273558,18,175467
17100,0.200869,11,175478
17101,0.155321,10,175488
17102,0.34833,19,175507
17103,0.228743,13,175520
17104,0.303816,16,175536
17105,0.279696,16,175552
17106,0.2472,16,175568
17107,0.306523,18,175586
17108,0.236766,13,175599
17109,0.339789,22,175621
17110,0.363661,20,175641
17111,0.25694,14,175655
17112,0.287626,16,175671
17113,0.019206,1,175672
17114,0.36635,26,175698
17115,0.333429,18,175716
17116,0.304738,19,175735
17117,0.431994,26,175761
17118,0.319656,17,175778
17119,0.235621,13,175791
17120,0.396631,25,175816
17121,0.175653,11,175827
17122,0.138643,8,175835
17123,0.221949,13,175848
17124,0.438644,32,175880
17125,0.343827,23,175903
17126,0.135709,7,175910
17127,0.251684,15,175925
17128,0.254201,14,175939
17129,0.280009,19,175958
17130,0.190764,12,175970
17131,0.241433,13,175983
17132,0.439777,28,176011
17133,0.277931,16,176027
17134,0.177514,10,176037
17135,0.238348,14,176051
17136,0.128516,7,176058
17137,0.289545,16,176074
17138,0.018605,1,176075
17139,0.233416,13,176088
17140,0.196273,12,176100
17141,0.235568,14,176114
17142,0.194143,11,176125
17143,0.32263,19,176144
17144,0.421983,28,176172
17145,0.191183,11,176183
17146,0.221194,12,176195
17147,0.145839,8,176203
17148,0.638436,37,176240
17149,0.257331,17,176257
17150,0.569125,31,176288
17151,0.097962,5,176293
17152,0.149888,8,176301
17153,0.173522,13,176314
17154,0.235389,13,176327
17155,0.300296,18,176345
17156,0.333086,19,176364
17157,0.2397,15,176379
17158,0.223254,13,176392
17159,0.182288,10,176402
17160,0.616332,35,176437
17161,0.233111,13,176450
17162,0.199167,12,176462
17163,0.204686,12,176474
17164,0.258826,14,176488
17165,0.205816,11,176499
17166,0.119107,7,176506
17167,0.330278,19,176525
17168,0.267771,15,176540
17169,0.059045,3,176543
17170,0.251604,16,176559
17171,0.205284,14,176573
17172,0.204315,11,176584
17173,0.175219,10,176594
17174,0.183462,10,176604
17175,0.325871,18,176622
17176,0.202531,12,176634
17177,0.570515,31,176665
17178,0.171188,9,176674
17179,0.379094,22,176696
17180,0.154718,8,176704
17181,0.384143,21,176725
17182,0.218525,17,176742
17183,0.188058,12,176754
17184,0.188934,11,176765
17185,0.166379,9,176774
17186,0.274804,15,176789
17187,0.1782,11,176800
17188,0.340084,19,176819
17189,0.021164,1,176820
17190,0.279179,17,176837
17191,0.317252,17,176854
17192,0.263109,16,176870
17193,0.232724,13,176883
17194,0.094236,5,176888
17195,0.196863,11,176899
17196,0.24543,14,176913
17197,0.364727,20,176933
17198,0.263097,16,176949
17199,0.186841,11,176960
17200,0.2271,13,176973
17201,0.357964,21,176994
17202,0.192328,10,177004
17203,0.147276,9,177013
17204,0.43901,25,177038
17205,0.252263,16,177054
17206,0.192386,12,177066
17207,0.253775,22,177088
17208,0.257233,15,177103
17209,0.205205,11,177114
17210,0.285329,17,177131
17211,0.287353,21,177152
17212,0.203722,11,177163
17213,0.321079,19,177182
17214,0.202754,11,177193
17215,0.362093,21,177214
17216,0.223606,14,177228
17217,0.313413,17,177245
17218,0.153122,8,177253
17219,0.225114,12,177265
17220,0.206139,11,177276
17221,0.315876,18,177294
17222,0.253776,15,177309
17223,0.315788,17,177326
17224,0.226201,13,177339
17225,0.019561,1,177340
17226,0.222988,13,177353
17227,0.233353,13,177366
17228,0.354059,24,177390
17229,0.188635,10,177400
17230,0.316753,18,177418
17231,0.197695,11,177429
17232,0.397609,30,177459
17233,0.237091,13,177472
17234,0.29388,16,177488
17235,0.265123,19,177507
17236,0.019294,1,177508
17237,0.324356,20,177528
17238,0.018422,1,177529
17239,0.426163,24,177553
17240,0.263881,17,177570
17241,0.33373,18,177588
17242,0.22896,13,177601
17243,0.195463,13,177614
17244,0.23935,17,177631
17245,0.471719,26,177657
17246,0.292352,24,177681
17247,0.237873,14,177695
17248,0.301079,16,177711
17249,0.335309,19,177730
17250,0.182653,11,177741
17251,0.263454,15,177756
17252,0.190152,13,177769
17253,0.253728,14,177783
17254,0.197427,12,177795
17255,0.371198,25,177820
17256,0.233208,16,177836
17257,0.302761,17,177853
17258,0.460557,25,177878
17259,0.246952,14,177892
17260,0.267401,15,177907
17261,0.262108,14,177921
17262,0.150275,12,177933
17263,0.226479,13,177946
17264,0.057643,3,177949
17265,0.32533,19,177968
17266,0.152777,9,177977
17267,0.225202,13,177990
17268,0.293295,16,178006
17269,0.197054,16,178022
17270,0.144012,11,178033
17271,0.187747,11,178044
17272,0.506957,38,178082
17273,0.332176,20,178102
17274,0.30174,17,178119
17275,0.201288,12,178131
17276,0.266697,15,178146
17277,0.221427,12,178158
17278,0.160691,10,178168
17279,0.295276,20,178188
17280,0.22839,14,178202
17281,0.204354,11,178213
17282,0.264573,18,178231
17283,0.188318,11,178242
17284,0.25015,15,178257
17285,0.207593,13,178270
17286,0.311401,17,178287
17287,0.269075,19,178306
17288,0.366388,21,178327
17289,0.254547,14,178341
17290,0.364786,20,178361
17291,0.269943,15,178376
17292,0.261874,15,178391
17293,0.139523,10,178401
17294,0.22769,13,178414
17295,0.253395,15,178429
17296,0.187475,11,178440
17297,0.196081,12,178452
17298,0.233684,14,178466
17299,0.411466,26,178492
17300,0.230536,13,178505
17301,0.331276,22,178527
17302,0.222398,12,178539
17303,0.351437,21,178560
17304,0.281849,16,178576
17305,0.261862,16,178592
17306,0.376646,24,178616
17307,0.31265,17,178633
17308,0.247477,14,178647
17309,0.253555,14,178661
17310,0.245251,16,178677
17311,0.354984,21,178698
17312,0.307341,17,178715
17313,0.318407,18,178733
17314,0.411072,24,178757
17315,0.288773,16,178773
17316,0.311756,17,178790
17317,0.222668,15,178805
17318,0.227152,13,178818
17319,0.471483,28,178846
17320,0.308017,18,178864
17321,0.242012,24,178888
17322,0.173692,10,178898
17323,0.239787,15,178913
17324,0.18241,10,178923
17325,0.13199,7,178930
17326,0.10987,6,178936
17327,0.597335,33,178969
17328,0.211675,12,178981
17329,0.260315,15,178996
17330,0.285295,16,179012
17331,0.271795,15,179027
17332,0.016316,1,179028
17333,0.283578,20,179048
17334,0.213315,13,179061
17335,0.037508,2,179063
17336,0.262173,15,179078
17337,0.20943,13,179091
17338,0.325652,19,179110
17339,0.470862,32,179142
17340,0.322547,19,179161
17341,0.193567,12,179173
17342,0.017978,1,179174
17343,0.093165,5,179179
17344,0.241244,15,179194
17345,0.192267,12,179206
17346,0.210133,13,179219
17347,0.250404,15,179234
17348,0.173698,13,179247
17349,0.290945,18,179265
17350,0.404166,22,179287
17351,0.329843,22,179309
17352,0.540984,30,179339
17353,0.320317,20,179359
17354,0.55767,31,179390
17355,0.27065,17,179407
17356,0.398616,34,179441
17357,0.235245,13,179454
17358,0.52182,31,179485
17359,0.237304,15,179500
17360,0.268769,16,179516
17361,0.480647,27,179543
17362,0.266449,14,179557
17363,0.245096,13,179570
17364,0.334444,19,179589
17365,0.298622,17,179606
17366,0.381242,21,179627
17367,0.105522,6,179633
17368,0.21885,12,179645
17369,0.019213,1,179646
17370,0.01063,1,179647
17371,0.279328,15,179662
17372,0.23149,13,179675
17373,0.183947,10,179685
17374,0.194278,11,179696
17375,0.020377,1,179697
17376,0.190248,11,179708
17377,0.274235,15,179723
17378,0.252464,14,179737
17379,0.280869,16,179753
17380,0.232705,14,179767
17381,0.254014,14,179781
17382,0.140973,10,179791
17383,0.226932,13,179804
17384,0.47258,27,179831
17385,0.485559,37,179868
17386,0.323349,18,179886
17387,0.214364,13,179899
17388,0.384441,21,179920
17389,0.247344,13,179933
17390,0.400884,29,179962
17391,0.273124,15,179977
17392,0.191095,11,179988
17393,0.34517,19,180007
17394,0.199593,12,180019
17395,0.489362,27,180046
17396,0.196865,11,180057
17397,0.20625,11,180068
17398,0.267929,16,180084
17399,0.221899,12,180096
17400,0.236601,13,180109
17401,0.376094,20,180129
17402,0.191239,11,180140
17403,0.555123,37,180177
17404,0.174669,10,180187
17405,0.555649,31,180218
17406,0.301871,17,180235
17407,0.352666,21,180256
17408,0.311561,17,180273
17409,0.393432,22,180295
17410,0.281567,16,180311
17411,0.192424,11,180322
17412,0.235871,13,180335
17413,0.241553,14,180349
17414,0.446365,25,180374
17415,0.153914,8,180382
17416,0.368787,20,180402
17417,0.343803,19,180421
17418,0.193756,11,180432
17419,0.367251,30,180462
17420,0.036485,2,180464
17421,0.323861,20,180484
17422,0.197926,11,180495
17423,0.439842,28,180523
17424,0.116299,6,180529
17425,0.227307,12,180541
17426,0.218706,14,180555
17427,0.167259,9,180564
17428,0.021704,1,180565
17429,0.275518,17,180582
17430,0.017663,1,180583
17431,0.308399,18,180601
17432,0.234567,13,180614
17433,0.267563,18,180632
17434,0.241799,13,180645
17435,0.264226,15,180660
17436,0.654484,45,180705
17437,0.270834,17,180722
17438,0.199682,16,180738
17439,0.252179,14,180752
17440,0.255922,14,180766
17441,0.242265,18,180784
17442,0.337105,21,180805
17443,0.019175,1,180806
17444,0.276967,16,180822
17445,0.206141,12,180834
17446,0.267833,18,180852
17447,0.202125,11,180863
17448,0.225584,12,180875
17449,0.185535,11,180886
17450,0.427403,25,180911
17451,0.333326,18,180929
17452,0.210538,11,180940
17453,0.279095,18,180958
17454,0.244389,15,180973
17455,0.455392,31,181004
17456,0.199003,12,181016
17457,0.353275,19,181035
17458,0.230327,13,181048
17459,0.240029,13,181061
17460,0.017071,1,181062
17461,0.179478,10,181072
17462,0.202876,11,181083
17463,0.204657,12,181095
17464,0.264844,15,181110
17465,0.342011,20,181130
17466,0.277564,17,181147
17467,0.319693,17,181164
17468,0.194881,12,181176
17469,0.241872,13,181189
17470,0.275194,15,181204
17471,0.267474,15,181219
17472,0.169397,10,181229
17473,0.183141,10,181239
17474,0.431512,30,181269
17475,0.376801,20,181289
17476,0.367833,20,181309
17477,0.264737,15,181324
17478,0.21361,13,181337
17479,0.206914,11,181348
17480,0.237175,13,181361
17481,0.283985,16,181377
17482,0.384407,22,181399
17483,0.204069,12,181411
17484,0.170874,9,181420
17485,0.201651,13,181433
17486,0.249033,13,181446
17487,0.176934,11,181457
17488,0.320134,21,181478
17489,0.504025,30,181508
17490,0.199461,12,181520
17491,0.324293,18,181538
17492,0.265627,16,181554
17493,0.233942,17,181571
17494,0.337679,19,181590
17495,0.301039,24,181614
17496,0.343773,19,181633
17497,0.354616,27,181660
17498,0.187298,11,181671
17499,0.446899,28,181699
17500,0.259517,15,181714
17501,0.39481,25,181739
17502,0.451703,35,181774
17503,0.019869,1,181775
17504,0.298006,16,181791
17505,0.184214,10,181801
17506,0.357164,20,181821
17507,0.222579,12,181833
17508,0.297744,16,181849
17509,0.251994,15,181864
17510,0.446879,25,181889
17511,0.216548,12,181901
17512,0.307124,18,181919
17513,0.273262,15,181934
17514,0.399124,22,181956
17515,0.21553,12,181968
17516,0.288655,17,181985
17517,0.243695,14,181999
17518,0.51002,28,182027
17519,0.298724,16,182043
17520,0.235739,13,182056
17521,0.235629,13,182069
17522,0.529525,29,182098
17523,0.205757,14,182112
17524,0.283118,15,182127
17525,0.279322,16,182143
17526,0.268903,15,182158
17527,0.233202,13,182171
17528,0.290918,16,182187
17529,0.346366,21,182208
17530,0.156987,9,182217
17531,0.23972,15,182232
17532,0.258455,14,182246
17533,0.168162,10,182256
17534,0.371245,22,182278
17535,0.270981,15,182293
17536,0.220781,12,182305
17537,0.223022,13,182318
17538,0.287486,16,182334
17539,0.20778,11,182345
17540,0.214743,13,182358
17541,0.216339,13,182371
17542,0.267431,15,182386
17543,0.260803,14,182400
17544,0.182078,10,182410
17545,0.27428,18,182428
17546,0.244715,13,182441
17547,0.295116,16,182457
17548,0.461206,26,182483
17549,0.218951,12,182495
17550,0.390806,23,182518
17551,0.196424,11,182529
17552,0.146988,8,182537
17553,0.243878,14,182551
17554,0.287494,17,182568
17555,0.112758,6,182574
17556,0.263816,14,182588
17557,0.227176,12,182600
17558,0.241021,14,182614
17559,0.361298,29,182643
17560,0.172232,10,182653
17561,0.205878,11,182664
17562,0.238465,13,182677
17563,0.277052,16,182693
17564,0.310233,20,182713
17565,0.250019,15,182728
17566,0.208311,12,182740
17567,0.093127,5,182745
17568,0.237762,13,182758
17569,0.257225,14,182772
17570,0.019107,1,182773
17571,0.147279,9,182782
17572,0.230571,13,182795
17573,0.25703,14,182809
17574,0.399314,22,182831
17575,0.314594,17,182848
17576,0.374142,25,182873
17577,0.347468,19,182892
17578,0.147562,10,182902
17579,0.019211,1,182903
17580,0.467529,29,182932
17581,0.320312,17,182949
17582,0.443935,26,182975
17583,0.197132,11,182986
17584,0.503467,39,183025
17585,0.295276,16,183041
17586,0.016576,1,183042
17587,0.273343,15,183057
17588,0.216252,12,183069
17589,0.27215,16,183085
17590,0.089038,5,183090
17591,0.381594,21,183111
17592,0.2455,13,183124
17593,0.393608,21,183145
17594,0.301813,17,183162
17595,0.258309,16,183178
17596,0.560349,40,183218
17597,0.291464,20,183238
17598,0.231488,13,183251
17599,0.203821,12,183263
17600,0.21726,12,183275
17601,0.181998,10,183285
17602,0.3953,26,183311
17603,0.206747,11,183322
17604,0.253123,14,183336
17605,0.377313,23,183359
17606,0.321038,18,183377
17607,0.019853,1,183378
17608,0.224289,14,183392
17609,0.370437,27,183419
17610,0.169909,9,183428
17611,0.193364,11,183439
17612,0.241411,14,183453
17613,0.182371,13,183466
17614,0.254173,14,183480
17615,0.265886,14,183494
17616,0.219571,12,183506
17617,0.467172,26,183532
17618,0.356261,20,183552
17619,0.353606,20,183572
17620,0.225692,12,183584
17621,0.202862,12,183596
17622,0.427319,23,183619
17623,0.095976,5,183624
17624,0.195618,11,183635
17625,0.262222,14,183649
17626,0.312349,24,183673
17627,0.337891,21,183694
17628,0.258972,14,183708
17629,0.242859,14,183722
17630,0.429544,33,183755
17631,0.200549,11,183766
17632,0.514768,32,183798
17633,0.020254,1,183799
17634,0.316848,17,183816
17635,0.345556,19,183835
17636,0.260285,14,183849
17637,0.150731,8,183857
17638,0.295979,16,183873
17639,0.20092,11,183884
17640,0.017974,1,183885
17641,0.193102,11,183896
17642,0.231078,13,183909
17643,0.235331,15,183924
17644,0.185895,10,183934
17645,0.211935,11,183945
17646,0.23209,14,183959
17647,0.189504,10,183969
17648,0.301426,18,183987
17649,0.252184,17,184004
17650,0.292517,18,184022
17651,0.271015,15,184037
17652,0.408912,26,184063
17653,0.190723,10,184073
17654,0.240698,18,184091
17655,0.24691,14,184105
17656,0.34031,20,184125
17657,0.313832,18,184143
17658,0.31887,19,184162
17659,0.328601,20,184182
17660,0.190821,14,184196
17661,0.240887,15,184211
17662,0.020231,1,184212
17663,0.362098,20,184232
17664,0.361836,23,184255
17665,0.23722,13,184268
17666,0.310045,19,184287
17667,0.322442,20,184307
17668,0.403295,32,184339
17669,0.148312,8,184347
17670,0.135825,11,184358
17671,0.425639,23,184381
17672,0.282262,19,184400
17673,0.269941,16,184416
17674,0.260067,15,184431
17675,0.08582,7,184438
17676,0.189056,10,184448
17677,0.141332,8,184456
17678,0.29928,16,184472
17679,0.319908,18,184490
17680,0.243161,15,184505
17681,0.205326,14,184519
17682,0.199277,12,184531
17683,0.161737,12,184543
17684,0.280663,17,184560
17685,0.252466,15,184575
17686,0.155714,9,184584
17687,0.432664,24,184608
17688,0.310439,17,184625
17689,0.242982,16,184641
17690,0.268076,15,184656
17691,0.166924,9,184665
17692,0.364983,20,184685
17693,0.227132,15,184700
17694,0.317434,21,184721
17695,0.214064,13,184734
17696,0.29062,21,184755
17697,0.318547,19,184774
17698,0.160827,9,184783
17699,0.489753,30,184813
17700,0.34826,21,184834
17701,0.25312,16,184850
17702,0.201268,11,184861
17703,0.36229,20,184881
17704,0.335465,20,184901
17705,0.20373,11,184912
17706,0.284448,17,184929
17707,0.339513,19,184948
17708,0.282761,16,184964
17709,0.252505,14,184978
17710,0.222388,15,184993
17711,0.301951,19,185012
17712,0.328708,18,185030
17713,0.23174,15,185045
17714,0.408447,22,185067
17715,0.266104,14,185081
17716,0.337136,19,185100
17717,0.211682,12,185112
17718,0.216469,13,185125
17719,0.285087,16,185141
17720,0.229464,12,185153
17721,0.171321,9,185162
17722,0.382346,24,185186
17723,0.336005,26,185212
17724,0.246346,14,185226
17725,0.01959,1,185227
17726,0.423272,27,185254
17727,0.222209,13,185267
17728,0.267999,19,185286
17729,0.324238,21,185307
17730,0.176345,11,185318
17731,0.414423,24,185342
17732,0.241047,13,185355
17733,0.256927,15,185370
17734,0.573741,36,185406
17735,0.229921,13,185419
17736,0.250481,14,185433
17737,0.217826,12,185445
17738,0.251294,14,185459
17739,0.196215,11,185470
17740,0.390237,21,185491
17741,0.297744,16,185507
17742,0.330087,18,185525
17743,0.225576,17,185542
17744,0.280217,16,185558
17745,0.229043,12,185570
17746,0.276107,15,185585
17747,0.350766,19,185604
17748,0.294718,17,185621
17749,0.184576,10,185631
17750,0.214256,17,185648
17751,0.379217,23,185671
17752,0.438789,28,185699
17753,0.243906,14,185713
17754,0.146927,8,185721
17755,0.333076,20,185741
17756,0.262053,14,185755
17757,0.349532,19,185774
17758,0.336689,19,185793
17759,0.471647,28,185821
17760,0.348131,19,185840
17761,0.208063,12,185852
17762,0.20913,11,185863
17763,0.29946,21,185884
17764,0.356661,20,185904
17765,0.210593,12,185916
17766,0.181066,10,185926
17767,0.189511,11,185937
17768,0.205063,11,185948
17769,0.217371,12,185960
17770,0.355859,21,185981
17771,0.267717,18,185999
17772,0.348594,19,186018
17773,0.278193,15,186033
17774,0.161589,10,186043
17775,0.273674,15,186058
17776,0.184561,11,186069
17777,0.198511,12,186081
17778,0.399051,22,186103
17779,0.184027,10,186113
17780,0.194408,12,186125
17781,0.244073,14,186139
17782,0.181544,10,186149
17783,0.23515,13,186162
17784,0.19917,12,186174
17785,0.27948,15,186189
17786,0.328189,18,186207
17787,0.351069,21,186228
17788,0.256598,15,186243
17789,0.234615,13,186256
17790,0.228375,13,186269
17791,0.217918,12,186281
17792,0.329379,18,186299
17793,0.203572,11,186310
17794,0.207673,13,186323
17795,0.237477,13,186336
17796,0.019283,1,186337
17797,0.202946,15,186352
17798,0.155494,9,186361
17799,0.326735,19,186380
17800,0.193346,10,186390
17801,0.242431,17,186407
17802,0.226467,13,186420
17803,0.256964,15,186435
17804,0.349017,19,186454
17805,0.158607,10,186464
17806,0.297239,16,186480
17807,0.402274,28,186508
17808,0.329441,18,186526
17809,0.174051,10,186536
17810,0.198269,14,186550
17811,0.322771,21,186571
17812,0.237545,13,186584
17813,0.271729,19,186603
17814,0.401798,25,186628
17815,0.689556,42,186670
17816,0.418942,23,186693
17817,0.219197,14,186707
17818,0.422153,23,186730
17819,0.036976,2,186732
17820,0.256969,16,186748
17821,0.307256,19,186767
17822,0.223264,13,186780
17823,0.425109,27,186807
17824,0.320582,20,186827
17825,0.397767,22,186849
17826,0.235688,13,186862
17827,0.534851,30,186892
17828,0.231702,13,186905
17829,0.422283,24,186929
17830,0.261329,14,186943
17831,0.018443,1,186944
17832,0.447839,39,186983
17833,0.181901,10,186993
17834,0.233623,13,187006
17835,0.221895,13,187019
17836,0.33324,18,187037
17837,0.363905,28,187065
17838,0.277298,16,187081
17839,0.241109,15,187096
17840,0.278964,15,187111
17841,0.243604,14,187125
17842,0.156268,8,187133
17843,0.311402,18,187151
17844,0.267438,15,187166
17845,0.319323,18,187184
17846,0.368765,29,187213
17847,0.019486,1,187214
17848,0.210588,11,187225
17849,0.324952,18,187243
17850,0.45442,25,187268
17851,0.28902,20,187288
17852,0.203721,11,187299
17853,0.402608,22,187321
17854,0.190315,11,187332
17855,0.355329,20,187352
17856,0.280392,15,187367
17857,0.604453,34,187401
17858,0.236531,13,187414
17859,0.357384,23,187437
17860,0.425463,38,187475
17861,0.273824,20,187495
17862,0.384631,22,187517
17863,0.231829,13,187530
17864,0.482741,35,187565
17865,0.223494,12,187577
17866,0.239008,14,187591
17867,0.303561,17,187608
17868,0.334823,21,187629
17869,0.283736,18,187647
17870,0.397931,23,187670
17871,0.171814,9,187679
17872,0.24341,13,187692
17873,0.140065,8,187700
17874,0.313778,21,187721
17875,0.166225,9,187730
17876,0.257286,14,187744
17877,0.312385,19,187763
17878,0.449923,27,187790
17879,0.267725,15,187805
17880,0.020518,1,187806
17881,0.286725,18,187824
17882,0.251306,17,187841
17883,0.216414,12,187853
17884,0.402461,26,187879
17885,0.280508,16,187895
17886,0.226444,14,187909
17887,0.190877,10,187919
17888,0.553104,30,187949
17889,0.2156,14,187963
17890,0.245148,14,187977
17891,0.266495,15,187992
17892,0.382845,21,188013
17893,0.166019,10,188023
17894,0.292186,18,188041
17895,0.368135,21,188062
17896,0.211441,12,188074
17897,0.297941,17,188091
17898,0.335603,18,188109
17899,0.292252,16,188125
17900,0.239484,13,188138
17901,0.379276,33,188171
17902,0.535239,29,188200
17903,0.258087,15,188215
17904,0.203047,12,188227
17905,0.291026,16,188243
17906,0.227691,13,188256
17907,0.327692,19,188275
17908,0.170785,9,188284
17909,0.226178,14,188298
17910,0.353333,20,188318
17911,0.254042,14,188332
17912,0.220001,14,188346
17913,0.243847,13,188359
17914,0.236118,13,188372
17915,0.230399,13,188385
17916,0.220962,12,188397
17917,0.265914,15,188412
17918,0.277771,15,188427
17919,0.147884,8,188435
17920,0.190791,12,188447
17921,0.263734,15,188462
17922,0.249868,15,188477
17923,0.21741,12,188489
17924,0.36801,21,188510
17925,0.321505,18,188528
17926,0.296183,16,188544
17927,0.288397,17,188561
17928,0.247191,14,188575
17929,0.20613,13,188588
17930,0.219773,12,188600
17931,0.196993,11,188611
17932,0.351655,23,188634
17933,0.188669,10,188644
17934,0.019597,1,188645
17935,0.33591,18,188663
17936,0.357051,21,188684
17937,0.441709,24,188708
17938,0.287605,16,188724
17939,0.247488,15,188739
17940,0.283102,17,188756
17941,0.180743,10,188766
17942,0.510713,32,188798
17943,0.36803,22,188820
17944,0.312753,17,188837
17945,0.227739,13,188850
17946,0.3575,19,188869
17947,0.158657,10,188879
17948,0.236752,14,188893
17949,0.212118,12,188905
17950,0.174367,10,188915
17951,0.199371,11,188926
17952,0.282225,18,188944
17953,0.292428,16,188960
17954,0.203409,11,188971
17955,0.264849,17,188988
17956,0.244371,15,189003
17957,0.20333,12,189015
17958,0.349087,20,189035
17959,0.363468,23,189058
17960,0.396454,22,189080
17961,0.253577,14,189094
17962,0.289735,16,189110
17963,0.277508,17,189127
17964,0.385636,22,189149
17965,0.28914,16,189165
17966,0.340344,19,189184
17967,0.311209,19,189203
17968,0.319079,21,189224
17969,0.202819,11,189235
17970,0.209292,12,189247
17971,0.154097,9,189256
17972,0.348809,21,189277
17973,0.340752,19,189296
17974,0.156584,9,189305
17975,0.189354,11,189316
17976,0.212612,14,189330
17977,0.251415,16,189346
17978,0.266392,14,189360
17979,0.248663,15,189375
17980,0.18591,11,189386
17981,0.257072,14,189400
17982,0.532976,30,189430
17983,0.177464,10,189440
17984,0.353236,22,189462
17985,0.132813,7,189469
17986,0.018507,1,189470
17987,0.278449,18,189488
17988,0.020759,1,189489
17989,0.281888,16,189505
17990,0.394113,23,189528
17991,0.325909,18,189546
17992,0.38399,21,189567
17993,0.322874,21,189588
17994,0.313726,19,189607
17995,0.239863,14,189621
17996,0.287561,16,189637
17997,0.245421,15,189652
17998,0.234745,13,189665
17999,0.345379,20,189685
18000,0.515888,28,189713
18001,0.21551,12,189725
18002,0.277137,19,189744
18003,0.23636,13,189757
18004,0.198733,11,189768
18005,0.241457,14,189782
18006,0.01471,1,189783
18007,0.236917,13,189796
18008,0.018271,1,189797
18009,0.207093,12,189809
18010,0.321885,19,189828
18011,0.300053,21,189849
18012,0.219534,13,189862
18013,0.334188,18,189880
18014,0.304596,17,189897
18015,0.256912,14,189911
18016,0.266294,15,189926
18017,0.187095,10,189936
18018,0.212497,15,189951
18019,0.203032,11,189962
18020,0.171394,9,189971
18021,0.386387,28,189999
18022,0.244639,14,190013
18023,0.213551,12,190025
18024,0.434485,24,190049
18025,0.058216,3,190052
18026,0.266424,15,190067
18027,0.284829,17,190084
18028,0.241756,13,190097
18029,0.273797,15,190112
18030,0.01867,1,190113
18031,0.020127,1,190114
18032,0.16751,11,190125
18033,0.193682,11,190136
18034,0.351077,19,190155
18035,0.681342,37,190192
18036,0.020424,1,190193
18037,0.016668,1,190194
18038,0.492971,28,190222
18039,0.293435,18,190240
18040,0.205198,13,190253
18041,0.352582,21,190274
18042,0.213056,13,190287
18043,0.324911,18,190305
18044,0.248527,14,190319
18045,0.149555,8,190327
18046,0.33199,29,190356
18047,0.265964,16,190372
18048,0.49583,30,190402
18049,0.218453,13,190415
18050,0.299015,16,190431
18051,0.185747,10,190441
18052,0.22332,12,190453
18053,0.251713,15,190468
18054,0.225133,14,190482
18055,0.187447,12,190494
18056,0.370768,24,190518
18057,0.234392,13,190531
18058,0.376704,22,190553
18059,0.267847,15,190568
18060,0.236396,13,190581
18061,0.241813,13,190594
18062,0.566449,31,190625
18063,0.306114,17,190642
18064,0.258178,14,190656
18065,0.258644,14,190670
18066,0.175527,11,190681
18067,0.289671,16,190697
18068,0.283949,16,190713
18069,0.193253,11,190724
18070,0.261737,15,190739
18071,0.28008,16,190755
18072,0.234872,13,190768
18073,0.220095,12,190780
18074,0.269275,16,190796
18075,0.381084,22,190818
18076,0.270998,15,190833
18077,0.385182,21,190854
18078,0.325262,18,190872
18079,0.203622,13,190885
18080,0.1954,11,190896
18081,0.150128,8,190904
18082,0.019869,1,190905
18083,0.259045,15,190920
18084,0.160563,11,190931
18085,0.204462,11,190942
18086,0.27526,17,190959
18087,0.271069,15,190974
18088,0.293134,16,190990
18089,0.237764,13,191003
18090,0.058739,3,191006
18091,0.145584,8,191014
18092,0.345677,21,191035
18093,0.233916,13,191048
18094,0.260655,14,191062
18095,0.24979,14,191076
18096,0.232563,13,191089
18097,0.310956,19,191108
18098,0.204826,13,191121
18099,0.203981,11,191132
18100,0.262056,15,191147
18101,0.302958,17,191164
18102,0.22351,13,191177
18103,0.223659,12,191189
18104,0.235077,14,191203
18105,0.348527,27,191230
18106,0.328915,24,191254
18107,0.239736,13,191267
18108,0.335994,19,191286
18109,0.297157,17,191303
18110,0.322474,19,191322
18111,0.130994,7,191329
18112,0.165991,10,191339
18113,0.304473,18,191357
18114,0.019512,1,191358
18115,0.20168,11,191369
18116,0.333034,18,191387
18117,0.538779,40,191427
18118,0.355942,21,191448
18119,0.018297,1,191449
18120,0.487912,29,191478
18121,0.218821,14,191492
18122,0.203841,12,191504
18123,0.277409,17,191521
18124,0.265088,14,191535
18125,0.243501,13,191548
18126,0.356932,19,191567
18127,0.16656,9,191576
18128,0.217813,12,191588
18129,0.307084,17,191605
18130,0.258828,15,191620
18131,0.252977,15,191635
18132,0.644325,37,191672
18133,0.240467,15,191687
18134,0.227332,12,191699
18135,0.285294,17,191716
18136,0.223335,13,191729
18137,0.187318,10,191739
18138,0.219411,13,191752
18139,0.233978,13,191765
18140,0.012734,1,191766
18141,0.2934,17,191783
18142,0.329066,18,191801
18143,0.306413,17,191818
18144,0.418028,24,191842
18145,0.42382,23,191865
18146,0.26168,14,191879
18147,0.373881,20,191899
18148,0.381306,21,191920
18149,0.214893,12,191932
18150,0.169584,10,191942
18151,0.018883,1,191943
18152,0.018195,1,191944
18153,0.221842,12,191956
18154,0.191529,13,191969
18155,0.311128,17,191986
18156,0.275655,16,192002
18157,0.231581,17,192019
18158,0.370382,23,192042
18159,0.161,9,192051
18160,0.318804,19,192070
18161,0.351081,22,192092
18162,0.193923,12,192104
18163,0.431187,29,192133
18164,0.246,14,192147
18165,0.318632,17,192164
18166,0.475161,27,192191
18167,0.262183,14,192205
18168,0.02016,1,192206
18169,0.463327,27,192233
18170,0.397957,23,192256
18171,0.021477,1,192257
18172,0.229658,14,192271
18173,0.320612,17,192288
18174,0.238668,14,192302
18175,0.273646,17,192319
18176,0.207931,11,192330
18177,0.251044,14,192344
18178,0.254721,14,192358
18179,0.191225,11,192369
18180,0.276974,17,192386
18181,0.018327,1,192387
18182,0.379398,22,192409
18183,0.295355,17,192426
18184,0.315628,18,192444
18185,0.019042,1,192445
18186,0.019488,1,192446
18187,0.145194,8,192454
18188,0.406374,22,192476
18189,0.360478,22,192498
18190,0.238987,15,192513
18191,0.454178,25,192538
18192,0.206434,13,192551
18193,0.480028,26,192577
18194,0.13357,10,192587
18195,0.214996,13,192600
18196,0.191805,11,192611
18197,0.305029,19,192630
18198,0.300777,17,192647
18199,0.513638,28,192675
18200,0.203663,12,192687
18201,0.133943,7,192694
18202,0.31673,17,192711
18203,0.276529,17,192728
18204,0.291653,17,192745
18205,0.303259,17,192762
18206,0.384131,26,192788
18207,0.289061,16,192804
18208,0.16094,9,192813
18209,0.370851,22,192835
18210,0.262133,15,192850
18211,0.404833,26,192876
18212,0.303446,16,192892
18213,0.191749,11,192903
18214,0.470995,27,192930
18215,0.355637,24,192954
18216,0.205239,11,192965
18217,0.227085,12,192977
18218,0.201113,15,192992
18219,0.16504,9,193001
18220,0.242259,13,193014
18221,0.302995,18,193032
18222,0.21744,14,193046
18223,0.144512,11,193057
18224,0.258353,15,193072
18225,0.267515,15,193087
18226,0.555071,30,193117
18227,0.305752,18,193135
18228,0.294214,17,193152
18229,0.326254,18,193170
18230,0.273277,19,193189
18231,0.241614,13,193202
18232,0.439325,24,193226
18233,0.369283,22,193248
18234,0.236479,14,193262
18235,0.296399,16,193278
18236,0.019206,1,193279
18237,0.22571,13,193292
18238,0.018275,1,193293
18239,0.237128,13,193306
18240,0.257997,16,193322
18241,0.331125,19,193341
18242,0.260612,15,193356
18243,0.247215,14,193370
18244,0.383118,21,193391
18245,0.262893,16,193407
18246,0.294121,16,193423
18247,0.305062,18,193441
18248,0.320011,19,193460
18249,0.238682,13,193473
18250,0.359407,23,193496
18251,0.180675,10,193506
18252,0.21347,13,193519
18253,0.206952,13,193532
18254,0.23599,14,193546
18255,0.35021,31,193577
18256,0.220904,12,193589
18257,0.202391,13,193602
18258,0.214456,14,193616
18259,0.238666,14,193630
18260,0.23695,13,193643
18261,0.248545,14,193657
18262,0.312405,20,193677
18263,0.57668,32,193709
18264,0.321808,21,193730
18265,0.303362,17,193747
18266,0.256317,14,193761
18267,0.248945,14,193775
18268,0.019028,1,193776
18269,0.385221,22,193798
18270,0.017229,1,193799
18271,0.338029,21,193820
18272,0.323295,19,193839
18273,0.325249,18,193857
18274,0.306173,17,193874
18275,0.537255,30,193904
18276,0.164163,9,193913
18277,0.499361,27,193940
18278,0.248257,14,193954
18279,0.216303,13,193967
18280,0.22499,13,193980
18281,0.202927,11,193991
18282,0.279606,16,194007
18283,0.017341,1,194008
18284,0.423835,27,194035
18285,0.196608,12,194047
18286,0.257801,15,194062
18287,0.231277,13,194075
18288,0.255821,15,194090
18289,0.345165,23,194113
18290,0.358982,23,194136
18291,0.353889,27,194163
18292,0.246983,16,194179
18293,0.211805,12,194191
18294,0.316532,17,194208
18295,0.196818,11,194219
18296,0.203239,12,194231
18297,0.328755,20,194251
18298,0.371387,20,194271
18299,0.017348,1,194272
18300,0.220669,14,194286
18301,0.220897,12,194298
18302,0.018507,1,194299
18303,0.304797,19,194318
18304,0.47131,26,194344
18305,0.498354,37,194381
18306,0.260371,16,194397
18307,0.271332,16,194413
18308,-0.056194,23,194436
18309,0.193552,11,194447
18310,0.332552,18,194465
18311,0.148802,8,194473
18312,0.347036,19,194492
18313,0.250483,14,194506
18314,0.019826,1,194507
18315,0.020331,1,194508
18316,0.229337,13,194521
18317,0.254541,15,194536
18318,0.226259,12,194548
18319,0.156985,11,194559
18320,0.188225,13,194572
18321,0.281926,16,194588
18322,0.409593,24,194612
18323,0.247675,15,194627
18324,0.597175,35,194662
18325,0.333769,19,194681
18326,0.243178,17,194698
18327,0.263765,16,194714
18328,0.745014,41,194755
18329,0.331996,19,194774
18330,0.311753,18,194792
18331,0.314879,24,194816
18332,0.32393,18,194834
18333,0.261098,14,194848
18334,0.439924,26,194874
18335,0.262595,14,194888
18336,0.251125,19,194907
18337,0.503303,27,194934
18338,0.220354,13,194947
18339,0.265664,16,194963
18340,0.217976,12,194975
18341,0.051652,3,194978
18342,0.221847,12,194990
18343,0.288947,16,195006
18344,0.226323,12,195018
18345,0.210704,13,195031
18346,0.128512,7,195038
18347,0.398579,27,195065
18348,0.219823,12,195077
18349,0.28637,16,195093
18350,0.250239,14,195107
18351,0.207116,13,195120
18352,0.349126,28,195148
18353,0.332703,21,195169
18354,0.585549,34,195203
18355,0.284692,17,195220
18356,0.539256,32,195252
18357,0.202061,12,195264
18358,0.28366,16,195280
18359,0.281371,15,195295
18360,0.633203,35,195330
18361,0.197116,12,195342
18362,0.2165,14,195356
18363,0.189954,11,195367
18364,0.168238,12,195379
18365,0.290127,17,195396
18366,0.280738,18,195414
18367,0.516102,30,195444
18368,0.284777,16,195460
18369,0.416777,26,195486
18370,0.210435,12,195498
18371,0.288172,16,195514
18372,0.274452,16,195530
18373,0.21182,12,195542
18374,0.199861,11,195553
18375,0.213143,12,195565
18376,0.227672,13,195578
18377,0.441105,25,195603
18378,0.24921,14,195617
18379,0.355738,20,195637
18380,0.282836,16,195653
18381,0.196709,12,195665
18382,0.337176,19,195684
18383,0.127421,7,195691
18384,0.180701,10,195701
18385,0.273345,15,195716
18386,0.239991,14,195730
18387,0.279063,16,195746
18388,0.174016,12,195758
18389,0.082392,5,195763
18390,0.344647,24,195787
18391,0.111247,6,195793
18392,0.385255,24,195817
18393,0.283025,16,195833
18394,0.259521,14,195847
18395,0.264066,15,195862
18396,0.34921,19,195881
18397,0.317415,19,195900
18398,0.222751,18,195918
18399,0.29958,16,195934
18400,0.24308,13,195947
18401,0.338558,19,195966
18402,0.226827,12,195978
18403,0.322022,18,195996
18404,0.22837,12,196008
18405,0.312598,17,196025
18406,0.249605,15,196040
18407,0.135839,7,196047
18408,0.254377,14,196061
18409,0.272428,22,196083
18410,0.28298,17,196100
18411,0.227082,13,196113
18412,0.426188,26,196139
18413,0.22547,12,196151
18414,0.248027,16,196167
18415,0.32555,22,196189
18416,0.212127,12,196201
18417,0.253709,16,196217
18418,0.457206,32,196249
18419,0.11461,7,196256
18420,0.334279,18,196274
18421,0.306021,17,196291
18422,0.222313,13,196304
18423,0.242787,13,196317
18424,0.296015,16,196333
18425,0.196403,11,196344
18426,0.216615,14,196358
18427,0.415111,26,196384
18428,0.17983,10,196394
18429,0.162568,11,196405
18430,0.325292,19,196424
18431,0.259368,18,196442
18432,0.27312,16,196458
18433,0.358494,21,196479
18434,0.315139,19,196498
18435,0.203603,11,196509
18436,0.016989,1,196510
18437,0.318059,18,196528
18438,0.310657,18,196546
18439,0.322386,18,196564
18440,0.323313,18,196582
18441,0.208964,12,196594
18442,0.258945,16,196610
18443,0.232577,13,196623
18444,0.020648,1,196624
18445,0.293677,16,196640
18446,0.499202,28,196668
18447,0.167305,10,196678
18448,0.201685,14,196692
18449,0.27199,15,196707
18450,0.365419,21,196728
18451,0.351285,21,196749
18452,0.192628,11,196760
18453,0.280863,16,196776
18454,0.191954,11,196787
18455,0.342898,24,196811
18456,0.263713,16,196827
18457,0.311537,18,196845
18458,0.405869,22,196867
18459,0.278756,17,196884
18460,0.366687,22,196906
18461,0.284517,15,196921
18462,0.467028,26,196947
18463,0.281517,18,196965
18464,0.343863,20,196985
18465,0.270479,15,197000
18466,0.189384,11,197011
18467,0.316808,20,197031
18468,0.018161,1,197032
18469,0.220521,13,197045
18470,0.274564,18,197063
18471,0.461201,26,197089
18472,0.019251,1,197090
18473,0.365524,23,197113
18474,0.018603,1,197114
18475,0.240553,14,197128
18476,0.292052,16,197144
18477,0.317631,18,197162
18478,0.410544,22,197184
18479,0.24903,14,197198
18480,0.350921,19,197217
18481,0.285462,15,197232
18482,0.343209,19,197251
18483,0.56307,44,197295
18484,0.221612,14,197309
18485,0.481945,29,197338
18486,0.245015,13,197351
18487,0.242514,13,197364
18488,0.330486,19,197383
18489,0.259084,16,197399
18490,0.143699,8,197407
18491,0.407635,23,197430
18492,0.257315,14,197444
18493,0.020412,1,197445
18494,0.571061,32,197477
18495,0.379547,27,197504
18496,0.274225,16,197520
18497,0.254783,14,197534
18498,0.235612,13,197547
18499,0.307141,17,197564
18500,0.17139,11,197575
18501,0.021064,1,197576
18502,0.235733,14,197590
18503,0.279796,18,197608
18504,0.321473,17,197625
18505,0.238868,18,197643
18506,0.382592,23,197666
18507,0.249255,16,197682
18508,0.241148,13,197695
18509,0.440569,25,197720
18510,0.482815,35,197755
18511,0.514964,33,197788
18512,0.234319,14,197802
18513,0.306724,18,197820
18514,0.621272,39,197859
18515,0.380103,21,197880
18516,0.215679,13,197893
18517,0.223468,12,197905
18518,0.337066,19,197924
18519,0.319041,17,197941
18520,0.232122,13,197954
18521,0.334223,18,197972
18522,0.408007,23,197995
18523,0.588009,32,198027
18524,0.327885,23,198050
18525,0.33143,21,198071
18526,0.29672,19,198090
18527,0.263687,15,198105
18528,0.390078,25,198130
18529,0.410262,23,198153
18530,0.259635,14,198167
18531,0.35567,19,198186
18532,0.265381,15,198201
18533,0.207997,13,198214
18534,0.24635,14,198228
18535,0.228261,16,198244
18536,0.258312,14,198258
18537,0.020471,1,198259
18538,0.318602,17,198276
18539,0.273088,16,198292
18540,0.290713,17,198309
18541,0.359422,21,198330
18542,0.184632,10,198340
18543,0.242213,13,198353
18544,0.15796,9,198362
18545,0.30061,17,198379
18546,0.276974,16,198395
18547,0.304631,16,198411
18548,0.435648,25,198436
18549,0.408457,23,198459
18550,0.349458,20,198479
18551,0.409405,22,198501
18552,0.300846,17,198518
18553,0.590555,33,198551
18554,0.223245,12,198563
18555,0.276518,15,198578
18556,0.494182,27,198605
18557,0.204406,11,198616
18558,0.019695,1,198617
18559,0.01955,1,198618
18560,0.13249,8,198626
18561,0.191653,11,198637
18562,0.23217,20,198657
18563,0.019769,1,198658
18564,0.278527,16,198674
18565,0.335578,19,198693
18566,0.302712,17,198710
18567,0.314172,17,198727
18568,0.497289,29,198756
18569,0.311181,17,198773
18570,0.238358,14,198787
18571,0.310783,18,198805
18572,0.246802,13,198818
18573,0.017407,1,198819
18574,0.253424,14,198833
18575,0.391794,21,198854
18576,0.276268,20,198874
18577,0.248933,18,198892
18578,0.224545,14,198906
18579,0.176841,10,198916
18580,0.535054,30,198946
18581,0.276684,16,198962
18582,0.213984,12,198974
18583,0.378408,23,198997
18584,0.297559,17,199014
18585,0.268255,18,199032
18586,0.561784,31,199063
18587,0.356088,19,199082
18588,0.248048,13,199095
18589,0.020154,1,199096
18590,0.311033,17,199113
18591,0.313562,18,199131
18592,0.272136,18,199149
18593,0.204758,17,199166
18594,0.640824,35,199201
18595,0.236157,14,199215
18596,0.307168,17,199232
18597,0.14416,8,199240
18598,0.220153,13,199253
18599,0.22686,14,199267
18600,0.377354,25,199292
18601,0.310841,19,199311
18602,0.153041,8,199319
18603,0.019375,1,199320
18604,0.332265,19,199339
18605,0.244067,13,199352
18606,0.264486,18,199370
18607,0.273379,15,199385
18608,0.019357,1,199386
18609,0.258601,15,199401
18610,0.221866,12,199413
18611,0.230613,12,199425
18612,0.275578,16,199441
18613,0.200235,11,199452
18614,0.233277,13,199465
18615,0.32972,18,199483
18616,0.532536,29,199512
18617,0.310774,17,199529
18618,0.417604,24,199553
18619,0.242619,14,199567
18620,0.191555,11,199578
18621,0.299463,16,199594
18622,0.470314,26,199620
18623,0.330699,20,199640
18624,0.263464,15,199655
18625,0.153514,8,199663
18626,0.252423,14,199677
18627,0.246662,14,199691
18628,0.359172,21,199712
18629,0.26381,17,199729
18630,0.306143,18,199747
18631,0.595818,38,199785
18632,0.216179,13,199798
18633,0.284039,15,199813
18634,0.317159,18,199831
18635,0.016767,1,199832
18636,0.287743,16,199848
18637,0.407456,28,199876
18638,0.017749,1,199877
18639,0.489945,30,199907
18640,0.244227,14,199921
18641,0.273527,16,199937
18642,0.223473,12,199949
18643,0.275332,15,199964
18644,0.195747,11,199975
18645,0.306101,17,199992
18646,0.255861,14,200006
18647,0.209847,12,200018
18648,0.298843,17,200035
18649,0.065638,30,200065
18650,0.305659,17,200082
18651,0.360238,28,200110
18652,0.463838,27,200137
18653,0.275286,15,200152
18654,0.306525,21,200173
18655,0.260921,15,200188
18656,0.269918,15,200203
18657,0.432885,31,200234
18658,0.281837,16,200250
18659,0.321352,18,200268
18660,0.05755,3,200271
18661,0.509113,32,200303
18662,0.302472,18,200321
18663,0.282369,15,200336
18664,0.336488,18,200354
18665,0.340362,19,200373
18666,0.392282,21,200394
18667,0.385763,23,200417
18668,0.194935,11,200428
18669,0.627271,35,200463
18670,0.255492,14,200477
18671,0.268173,14,200491
18672,0.553128,32,200523
18673,0.346856,20,200543
18674,0.239444,14,200557
18675,0.564169,32,200589
18676,0.298397,16,200605
18677,0.319493,18,200623
18678,0.26602,18,200641
18679,0.408875,27,200668
18680,0.260668,15,200683
18681,0.264152,15,200698
