Episode,Reward,Length,TotalSteps
0,5.0,7,8
1,7.4,9,17
2,6.6,7,24
3,3.6,4,28
4,1.6,2,30
5,2.8,4,34
6,3.0,3,37
7,2.0,2,39
8,9.8,11,50
9,11.0,13,63
10,3.6,4,67
11,3.6,4,71
12,6.6,7,78
13,3.8,5,83
14,2.6,3,86
15,5.0,5,91
16,5.2,6,97
17,5.6,6,103
18,1.8,3,106
19,8.8,10,116
20,11.8,13,129
21,4.2,5,134
22,4.2,5,139
23,7.8,9,148
24,2.6,3,151
25,7.4,9,160
26,1.0,1,161
27,11.8,13,174
28,3.6,4,178
29,8.0,8,186
30,13.0,17,203
31,3.6,4,207
32,11.4,13,220
33,3.6,4,224
34,2.6,3,227
35,7.2,8,235
36,13.6,14,249
37,9.0,9,258
38,3.2,4,262
39,3.2,4,266
40,12.6,15,281
41,2.6,3,284
42,5.8,7,291
43,10.0,12,303
44,6.4,8,311
45,7.0,9,320
46,3.2,4,324
47,11.8,13,337
48,7.6,10,347
49,12.4,14,361
50,2.2,3,364
51,3.6,4,368
52,6.4,8,376
53,1.0,1,377
54,14.4,16,393
55,2.6,3,396
56,1.6,2,398
57,2.0,2,400
58,3.0,3,403
59,2.6,3,406
60,4.4,6,412
61,8.2,9,421
62,9.0,11,432
63,10.2,11,443
64,20.8,24,467
65,2.8,4,471
66,7.2,8,479
67,4.2,5,484
68,4.0,4,488
69,6.0,6,494
70,20.0,22,516
71,3.0,3,519
72,2.0,2,521
73,6.2,7,528
74,6.8,8,536
75,5.8,7,543
76,3.2,4,547
77,2.2,3,550
78,6.4,8,558
79,1.0,1,559
80,4.2,5,564
81,3.4,5,569
82,15.4,17,586
83,5.0,7,593
84,8.0,10,603
85,1.2,2,605
86,12.2,15,620
87,6.0,6,626
88,6.6,7,633
89,1.0,1,634
90,3.0,3,637
91,6.2,7,644
92,6.6,7,651
93,7.2,8,659
94,8.0,8,667
95,7.8,9,676
96,4.8,6,682
97,5.8,7,689
98,21.2,26,715
99,9.4,11,726
100,13.4,15,741
101,4.0,4,745
102,6.0,6,751
103,5.6,6,757
104,0.6,1,758
105,8.8,10,768
106,4.6,5,773
107,1.6,2,775
108,5.0,5,780
109,8.8,10,790
110,3.6,4,794
111,3.6,4,798
112,6.2,7,805
113,1.0,1,806
114,9.8,11,817
115,4.2,5,822
116,5.2,6,828
117,7.6,8,836
118,3.8,5,841
119,2.2,3,844
120,14.6,17,861
121,11.2,12,873
122,6.8,8,881
123,2.2,3,884
124,3.8,5,889
125,8.2,9,898
126,5.0,5,903
127,3.2,4,907
128,5.8,7,914
129,4.6,5,919
130,14.4,16,935
131,1.6,2,937
132,4.0,4,941
133,8.4,10,951
134,3.6,4,955
135,6.8,8,963
136,10.0,12,975
137,1.0,1,976
138,4.0,4,980
139,4.0,4,984
140,4.0,4,988
141,5.2,6,994
142,3.0,3,997
143,0.6,1,998
144,5.8,7,1005
145,6.6,7,1012
146,4.2,5,1017
147,2.2,3,1020
148,6.2,7,1027
149,4.2,5,1032
150,6.0,6,1038
151,3.6,4,1042
152,5.8,7,1049
153,4.6,5,1054
154,7.8,9,1063
155,5.0,5,1068
156,3.8,5,1073
157,3.6,4,1077
158,5.0,7,1084
159,3.4,5,1089
160,3.2,4,1093
161,8.4,10,1103
162,1.6,2,1105
163,7.8,9,1114
164,18.2,19,1133
165,2.0,2,1135
166,16.6,19,1154
167,3.2,4,1158
168,1.6,2,1160
169,7.2,8,1168
170,6.8,8,1176
171,4.2,5,1181
172,4.6,5,1186
173,3.2,4,1190
174,2.6,3,1193
175,5.2,6,1199
176,5.8,7,1206
177,11.0,13,1219
178,7.8,9,1228
179,3.2,4,1232
180,3.6,4,1236
181,6.0,6,1242
182,6.2,7,1249
183,5.2,6,1255
184,13.0,15,1270
185,2.2,3,1273
186,4.6,5,1278
187,2.6,3,1281
188,7.4,9,1290
189,11.6,14,1304
190,1.0,1,1305
191,4.6,5,1310
192,7.6,8,1318
193,4.2,5,1323
194,5.0,5,1328
195,2.2,3,1331
196,4.8,6,1337
197,4.2,5,1342
198,2.0,2,1344
199,4.4,6,1350
200,3.2,4,1354
201,10.0,10,1364
202,10.8,12,1376
203,3.2,4,1380
204,2.6,3,1383
205,3.8,5,1388
206,5.8,7,1395
207,4.6,5,1400
208,3.6,4,1404
209,6.0,8,1412
210,3.6,4,1416
211,5.6,6,1422
212,3.0,3,1425
213,6.8,8,1433
214,3.6,4,1437
215,5.2,6,1443
216,6.8,8,1451
217,2.6,3,1454
218,3.6,4,1458
219,2.6,3,1461
220,1.0,1,1462
221,11.0,13,1475
222,5.6,6,1481
223,7.6,8,1489
224,3.2,4,1493
225,5.2,6,1499
226,11.2,12,1511
227,3.6,4,1515
228,4.0,4,1519
229,7.4,9,1528
230,3.2,4,1532
231,9.6,10,1542
232,4.2,5,1547
233,4.2,5,1552
234,3.6,4,1556
235,19.8,23,1579
236,3.0,3,1582
237,4.2,5,1587
238,1.6,2,1589
239,3.2,4,1593
240,7.0,9,1602
241,12.8,14,1616
242,1.0,1,1617
243,5.4,7,1624
244,10.8,12,1636
245,3.2,4,1640
246,0.6,1,1641
247,9.2,10,1651
248,5.6,6,1657
249,13.8,17,1674
250,7.6,10,1684
251,2.0,2,1686
252,14.0,16,1702
253,9.2,10,1712
254,4.2,5,1717
255,6.6,7,1724
256,3.6,4,1728
257,8.4,10,1738
258,4.6,5,1743
259,4.0,4,1747
260,4.2,5,1752
261,4.2,5,1757
262,2.0,2,1759
263,4.0,4,1763
264,9.6,12,1775
265,7.4,9,1784
266,5.8,7,1791
267,4.0,4,1795
268,10.8,12,1807
269,3.6,4,1811
270,10.0,12,1823
271,6.0,6,1829
272,6.2,7,1836
273,4.2,5,1841
274,1.0,1,1842
275,1.6,2,1844
276,13.6,16,1860
277,7.4,9,1869
278,7.0,7,1876
279,2.6,3,1879
280,3.6,4,1883
281,3.4,5,1888
282,3.2,4,1892
283,0.6,1,1893
284,0.6,1,1894
285,5.2,6,1900
286,5.8,7,1907
287,10.8,12,1919
288,9.2,10,1929
289,5.8,7,1936
290,2.2,3,1939
291,5.2,6,1945
292,2.2,3,1948
293,12.2,13,1961
294,1.0,1,1962
295,5.6,6,1968
296,1.6,2,1970
297,3.8,5,1975
298,3.0,5,1980
299,3.6,4,1984
300,11.4,13,1997
301,2.6,3,2000
302,1.0,1,2001
303,4.2,5,2006
304,4.0,4,2010
305,5.2,6,2016
306,3.6,4,2020
307,8.2,9,2029
308,9.4,11,2040
309,8.2,9,2049
310,5.6,6,2055
311,11.8,13,2068
312,24.2,27,2095
313,26.6,31,2126
314,4.2,5,2131
315,11.0,13,2144
316,37.8,43,2187
317,1.6,2,2189
318,10.8,12,2201
319,3.2,4,2205
320,9.6,10,2215
321,3.6,4,2219
322,4.0,4,2223
323,3.2,4,2227
324,6.0,6,2233
325,11.6,12,2245
326,4.6,5,2250
327,7.2,8,2258
328,7.4,9,2267
329,7.6,8,2275
330,7.8,9,2284
331,10.8,12,2296
332,1.6,2,2298
333,10.4,12,2310
334,3.2,4,2314
335,12.2,13,2327
336,3.6,4,2331
337,9.6,10,2341
338,4.8,6,2347
339,23.4,25,2372
340,17.2,20,2392
341,10.8,12,2404
342,0.6,1,2405
343,6.2,7,2412
344,4.0,4,2416
345,18.2,19,2435
346,7.4,9,2444
347,2.6,3,2447
348,3.6,4,2451
349,4.0,4,2455
350,2.8,4,2459
351,2.2,3,2462
352,3.2,4,2466
353,2.2,3,2469
354,5.2,6,2475
355,6.6,7,2482
356,5.8,7,2489
357,4.0,4,2493
358,2.2,3,2496
359,1.6,2,2498
360,14.0,16,2514
361,10.6,11,2525
362,8.2,9,2534
363,9.0,9,2543
364,3.6,4,2547
365,5.4,7,2554
366,1.6,2,2556
367,9.4,11,2567
368,6.2,7,2574
369,4.2,5,2579
370,11.6,14,2593
371,6.8,8,2601
372,11.2,12,2613
373,15.0,17,2630
374,2.6,3,2633
375,6.2,7,2640
376,7.6,8,2648
377,17.2,18,2666
378,4.0,4,2670
379,2.0,2,2672
380,4.2,5,2677
381,6.6,7,2684
382,2.6,3,2687
383,4.6,5,2692
384,6.8,8,2700
385,1.2,2,2702
386,3.0,3,2705
387,27.0,31,2736
388,3.0,3,2739
389,12.2,13,2752
390,15.0,17,2769
391,5.0,5,2774
392,6.6,7,2781
393,5.2,6,2787
394,5.6,6,2793
395,4.0,4,2797
396,3.0,3,2800
397,9.6,10,2810
398,7.8,9,2819
399,3.8,5,2824
400,10.8,12,2836
401,4.0,4,2840
402,6.2,7,2847
403,2.2,3,2850
404,13.8,15,2865
405,4.2,5,2870
406,17.8,19,2889
407,23.0,27,2916
408,11.2,12,2928
409,13.8,15,2943
410,0.6,1,2944
411,6.8,8,2952
412,9.2,12,2964
413,6.6,7,2971
414,4.8,6,2977
415,33.2,36,3013
416,10.2,11,3024
417,14.2,17,3041
418,5.0,5,3046
419,1.6,2,3048
420,5.6,6,3054
421,3.6,4,3058
422,8.2,9,3067
423,14.0,16,3083
424,1.6,2,3085
425,7.6,8,3093
426,6.2,7,3100
427,5.0,5,3105
428,8.2,9,3114
429,3.0,3,3117
430,24.6,27,3144
431,12.8,14,3158
432,3.6,4,3162
433,6.8,8,3170
434,1.6,2,3172
435,14.8,16,3188
436,5.6,6,3194
437,5.2,6,3200
438,3.6,4,3204
439,15.8,17,3221
440,9.2,10,3231
441,4.0,4,3235
442,8.6,9,3244
443,7.0,7,3251
444,12.8,14,3265
445,7.2,8,3273
446,4.2,5,3278
447,6.6,7,3285
448,8.6,9,3294
449,3.0,3,3297
450,8.0,8,3305
451,4.6,5,3310
452,8.4,10,3320
453,2.6,3,3323
454,27.2,30,3353
455,5.6,6,3359
456,3.8,5,3364
457,28.4,34,3398
458,2.2,3,3401
459,4.0,4,3405
460,6.0,6,3411
461,7.0,7,3418
462,2.0,2,3420
463,3.6,4,3424
464,11.6,12,3436
465,5.8,7,3443
466,16.8,20,3463
467,6.8,8,3471
468,17.4,19,3490
469,7.2,8,3498
470,1.6,2,3500
471,5.0,5,3505
472,9.2,10,3515
473,8.6,9,3524
474,20.4,22,3546
475,7.2,8,3554
476,6.8,8,3562
477,15.2,16,3578
478,8.8,10,3588
479,10.4,12,3600
480,4.2,5,3605
481,13.0,15,3620
482,5.2,6,3626
483,7.2,8,3634
484,3.6,4,3638
485,6.2,7,3645
486,4.8,6,3651
487,5.0,5,3656
488,3.6,4,3660
489,3.6,4,3664
490,15.2,18,3682
491,10.8,12,3694
492,1.0,1,3695
493,5.6,6,3701
494,8.4,10,3711
495,6.8,8,3719
496,6.2,7,3726
497,4.2,5,3731
498,5.4,7,3738
499,2.0,2,3740
500,28.2,33,3773
501,7.0,7,3780
502,3.0,3,3783
503,0.6,1,3784
504,5.6,6,3790
505,13.6,16,3806
506,7.8,9,3815
507,2.0,2,3817
508,11.0,13,3830
509,11.4,13,3843
510,5.2,6,3849
511,7.2,8,3857
512,14.2,17,3874
513,11.0,11,3885
514,9.8,11,3896
515,2.2,3,3899
516,10.8,12,3911
517,5.4,7,3918
518,7.2,8,3926
519,5.2,6,3932
520,21.4,23,3955
521,7.2,8,3963
522,9.0,11,3974
523,15.0,17,3991
524,6.0,6,3997
525,4.0,4,4001
526,1.0,1,4002
527,8.8,10,4012
528,3.6,4,4016
529,6.2,7,4023
530,15.0,17,4040
531,6.8,8,4048
532,6.4,8,4056
533,5.8,7,4063
534,12.0,14,4077
535,5.8,7,4084
536,4.0,4,4088
537,4.6,5,4093
538,5.2,6,4099
539,11.6,12,4111
540,2.8,4,4115
541,5.6,6,4121
542,1.0,1,4122
543,4.0,4,4126
544,4.0,4,4130
545,29.4,33,4163
546,3.0,3,4166
547,12.4,14,4180
548,10.0,12,4192
549,3.2,4,4196
550,11.0,13,4209
551,6.2,7,4216
552,5.6,6,4222
553,6.0,8,4230
554,9.2,10,4240
555,6.2,7,4247
556,12.8,14,4261
557,28.0,32,4293
558,25.4,29,4322
559,13.2,14,4336
560,11.6,12,4348
561,11.4,13,4361
562,10.2,11,4372
563,3.8,5,4377
564,5.0,5,4382
565,8.4,10,4392
566,11.6,12,4404
567,8.8,10,4414
568,21.0,23,4437
569,7.2,8,4445
570,4.2,5,4450
571,2.0,2,4452
572,7.2,8,4460
573,10.6,11,4471
574,9.0,11,4482
575,14.4,16,4498
576,6.4,8,4506
577,5.6,6,4512
578,5.6,6,4518
579,3.6,4,4522
580,17.0,19,4541
581,8.6,9,4550
582,6.2,7,4557
583,7.8,9,4566
584,5.2,6,4572
585,4.0,4,4576
586,1.0,1,4577
587,8.0,8,4585
588,1.0,1,4586
589,5.0,5,4591
590,10.2,11,4602
591,5.0,5,4607
592,15.4,17,4624
593,6.2,7,4631
594,2.6,3,4634
595,14.8,16,4650
596,8.8,10,4660
597,13.6,14,4674
598,5.2,6,4680
599,4.6,5,4685
600,8.6,9,4694
601,12.6,15,4709
602,10.8,12,4721
603,1.6,2,4723
604,1.0,1,4724
605,3.0,3,4727
606,17.6,20,4747
607,6.6,7,4754
608,6.8,8,4762
609,7.0,7,4769
610,6.6,7,4776
611,17.2,18,4794
612,13.8,15,4809
613,9.0,11,4820
614,3.0,3,4823
615,11.2,12,4835
616,5.0,5,4840
617,23.2,26,4866
618,17.8,21,4887
619,3.0,3,4890
620,2.0,2,4892
621,3.6,4,4896
622,1.0,1,4897
623,6.2,7,4904
624,5.6,6,4910
625,4.0,4,4914
626,6.8,8,4922
627,4.8,6,4928
628,5.0,5,4933
629,4.6,5,4938
630,6.6,7,4945
631,9.8,11,4956
632,10.4,12,4968
633,11.4,13,4981
634,0.6,1,4982
635,1.6,2,4984
636,2.6,3,4987
637,11.2,12,4999
638,3.8,5,5004
639,3.6,4,5008
640,9.0,9,5017
641,9.2,10,5027
642,20.0,22,5049
643,7.2,8,5057
644,13.4,15,5072
645,2.0,2,5074
646,13.0,15,5089
647,11.2,12,5101
648,3.6,4,5105
649,10.6,13,5118
650,4.0,4,5122
651,11.8,13,5135
652,29.6,34,5169
653,10.4,12,5181
654,9.8,11,5192
655,11.8,13,5205
656,1.0,1,5206
657,4.6,5,5211
658,8.2,9,5220
659,8.6,9,5229
660,18.2,19,5248
661,6.2,7,5255
662,4.0,4,5259
663,16.8,18,5277
664,7.2,8,5285
665,18.0,20,5305
666,4.0,4,5309
667,3.6,4,5313
668,12.8,14,5327
669,6.6,9,5336
670,3.6,4,5340
671,4.2,5,5345
672,19.8,21,5366
673,3.0,3,5369
674,9.2,10,5379
675,6.0,6,5385
676,7.4,9,5394
677,4.6,5,5399
678,8.0,8,5407
679,10.8,12,5419
680,11.0,13,5432
681,10.6,13,5445
682,2.2,3,5448
683,0.6,1,5449
684,17.4,19,5468
685,5.0,5,5473
686,5.6,6,5479
687,8.6,9,5488
688,6.8,8,5496
689,4.0,4,5500
690,5.0,5,5505
691,11.8,15,5520
692,12.0,14,5534
693,4.6,5,5539
694,0.6,1,5540
695,3.6,4,5544
696,7.8,9,5553
697,11.4,13,5566
698,8.2,9,5575
699,27.6,32,5607
700,11.6,14,5621
701,5.6,6,5627
702,10.4,12,5639
703,1.0,1,5640
704,16.0,18,5658
705,10.8,12,5670
706,8.2,9,5679
707,13.8,15,5694
708,5.2,6,5700
709,4.6,5,5705
710,3.6,4,5709
711,5.6,6,5715
712,9.8,11,5726
713,10.6,11,5737
714,5.6,6,5743
715,5.6,6,5749
716,3.6,4,5753
717,4.6,5,5758
718,13.2,16,5774
719,6.2,7,5781
720,8.2,11,5792
721,3.6,4,5796
722,8.2,9,5805
723,5.6,6,5811
724,9.4,11,5822
725,2.0,2,5824
726,4.0,4,5828
727,5.6,6,5834
728,25.8,29,5863
729,9.8,11,5874
730,10.2,13,5887
731,14.8,16,5903
732,9.8,11,5914
733,4.6,5,5919
734,12.8,14,5933
735,4.0,4,5937
736,11.2,12,5949
737,9.4,11,5960
738,10.2,11,5971
739,5.2,6,5977
740,7.6,8,5985
741,4.0,4,5989
742,10.4,12,6001
743,9.8,11,6012
744,8.0,8,6020
745,8.2,9,6029
746,5.6,6,6035
747,2.2,3,6038
748,0.6,1,6039
749,17.4,19,6058
750,5.6,6,6064
751,3.6,4,6068
752,1.6,2,6070
753,3.0,3,6073
754,17.6,20,6093
755,12.0,14,6107
756,4.6,5,6112
757,10.0,10,6122
758,5.8,7,6129
759,3.8,5,6134
760,3.6,4,6138
761,2.2,3,6141
762,5.0,5,6146
763,36.4,42,6188
764,11.8,13,6201
765,4.2,5,6206
766,2.6,3,6209
767,7.6,8,6217
768,4.8,6,6223
769,8.2,9,6232
770,8.2,9,6241
771,4.6,5,6246
772,14.0,14,6260
773,6.0,6,6266
774,4.0,4,6270
775,4.6,5,6275
776,2.6,3,6278
777,6.8,8,6286
778,16.4,20,6306
779,13.2,14,6320
780,9.2,10,6330
781,18.8,20,6350
782,8.0,10,6360
783,9.2,10,6370
784,20.2,23,6393
785,6.8,8,6401
786,18.2,21,6422
787,5.2,6,6428
788,12.4,14,6442
789,3.6,4,6446
790,17.2,20,6466
791,7.8,9,6475
792,5.6,6,6481
793,7.6,10,6491
794,5.2,6,6497
795,13.2,16,6513
796,8.2,11,6524
797,9.2,10,6534
798,7.0,7,6541
799,29.2,32,6573
800,0.6,1,6574
801,17.0,19,6593
802,4.6,5,6598
803,3.6,4,6602
804,18.6,21,6623
805,23.8,27,6650
806,15.4,17,6667
807,15.4,17,6684
808,6.8,8,6692
809,3.6,4,6696
810,16.2,17,6713
811,6.6,7,6720
812,8.2,9,6729
813,15.8,17,6746
814,4.2,5,6751
815,23.0,25,6776
816,5.2,6,6782
817,3.0,3,6785
818,7.2,8,6793
819,8.8,10,6803
820,6.6,7,6810
821,4.8,6,6816
822,4.2,5,6821
823,7.0,7,6828
824,4.0,4,6832
825,4.6,5,6837
826,9.8,11,6848
827,3.6,4,6852
828,4.0,4,6856
829,1.0,1,6857
830,2.2,3,6860
831,7.2,8,6868
832,3.6,4,6872
833,7.8,9,6881
834,5.6,6,6887
835,6.4,8,6895
836,4.6,5,6900
837,10.2,11,6911
838,9.0,9,6920
839,18.2,21,6941
840,13.2,14,6955
841,11.0,13,6968
842,6.0,6,6974
843,6.6,7,6981
844,7.8,9,6990
845,7.8,9,6999
846,7.2,8,7007
847,12.8,14,7021
848,10.2,11,7032
849,6.0,6,7038
850,27.4,31,7069
851,6.0,6,7075
852,17.4,19,7094
853,14.4,16,7110
854,11.0,13,7123
855,4.6,5,7128
856,11.8,13,7141
857,55.8,63,7204
858,8.8,10,7214
859,7.8,9,7223
860,2.2,3,7226
861,6.2,7,7233
862,4.6,5,7238
863,31.6,36,7274
864,6.6,7,7281
865,4.6,5,7286
866,2.6,3,7289
867,9.2,10,7299
868,9.8,11,7310
869,9.2,10,7320
870,5.2,6,7326
871,5.8,7,7333
872,3.6,4,7337
873,8.6,9,7346
874,23.4,27,7373
875,3.0,3,7376
876,22.4,26,7402
877,23.2,28,7430
878,11.8,13,7443
879,5.6,6,7449
880,16.8,20,7469
881,4.6,5,7474
882,9.2,12,7486
883,8.6,9,7495
884,7.6,10,7505
885,18.6,21,7526
886,1.6,2,7528
887,4.0,4,7532
888,10.8,12,7544
889,1.8,3,7547
890,16.0,18,7565
891,20.8,22,7587
892,5.0,5,7592
893,6.6,7,7599
894,16.8,20,7619
895,13.8,15,7634
896,6.0,8,7642
897,6.6,7,7649
898,15.0,17,7666
899,7.2,8,7674
900,8.0,10,7684
901,11.0,13,7697
902,1.0,1,7698
903,9.8,11,7709
904,19.6,20,7729
905,22.4,26,7755
906,21.4,25,7780
907,3.6,4,7784
908,1.0,1,7785
909,18.4,20,7805
910,5.2,6,7811
911,5.0,5,7816
912,13.8,15,7831
913,32.8,38,7869
914,6.8,8,7877
915,3.6,4,7881
916,1.0,1,7882
917,5.2,6,7888
918,4.6,5,7893
919,1.0,1,7894
920,6.2,7,7901
921,11.4,13,7914
922,16.4,18,7932
923,5.2,6,7938
924,8.0,10,7948
925,13.8,15,7963
926,0.6,1,7964
927,7.0,7,7971
928,17.6,20,7991
929,12.6,15,8006
930,7.8,9,8015
931,1.0,1,8016
932,6.8,8,8024
933,16.6,21,8045
934,10.6,13,8058
935,22.8,26,8084
936,3.6,4,8088
937,16.0,18,8106
938,5.2,6,8112
939,4.2,5,8117
940,6.4,8,8125
941,6.2,7,8132
942,5.8,7,8139
943,8.2,9,8148
944,12.6,13,8161
945,6.8,8,8169
946,2.6,3,8172
947,11.2,12,8184
948,11.8,13,8197
949,5.8,7,8204
950,7.0,7,8211
951,14.4,16,8227
952,3.2,4,8231
953,9.2,10,8241
954,9.6,10,8251
955,9.2,10,8261
956,17.8,21,8282
957,4.6,5,8287
958,16.6,19,8306
959,7.2,8,8314
960,13.6,16,8330
961,16.8,18,8348
962,9.2,10,8358
963,8.2,9,8367
964,8.4,10,8377
965,8.6,9,8386
966,5.2,6,8392
967,10.8,12,8404
968,31.4,35,8439
969,5.6,6,8445
970,18.2,21,8466
971,10.6,11,8477
972,7.6,8,8485
973,7.4,9,8494
974,3.6,4,8498
975,14.6,15,8513
976,11.2,12,8525
977,5.2,6,8531
978,5.6,6,8537
979,9.2,10,8547
980,5.2,6,8553
981,23.6,26,8579
982,24.8,28,8607
983,9.4,11,8618
984,5.2,6,8624
985,16.8,20,8644
986,6.0,6,8650
987,14.8,18,8668
988,11.6,12,8680
989,5.6,6,8686
990,11.6,12,8698
991,9.6,10,8708
992,1.0,1,8709
993,4.6,5,8714
994,3.0,3,8717
995,20.8,24,8741
996,5.8,7,8748
997,6.4,8,8756
998,18.6,21,8777
999,7.2,8,8785
1000,1.0,1,8786
1001,11.4,13,8799
1002,9.4,11,8810
1003,8.0,10,8820
1004,7.0,7,8827
1005,10.6,13,8840
1006,5.6,6,8846
1007,1.0,1,8847
1008,6.6,7,8854
1009,13.8,15,8869
1010,9.8,11,8880
1011,7.2,8,8888
1012,29.6,32,8920
1013,8.0,8,8928
1014,19.6,22,8950
1015,3.6,4,8954
1016,6.6,7,8961
1017,19.0,23,8984
1018,19.0,21,9005
1019,10.2,11,9016
1020,7.0,7,9023
1021,4.0,4,9027
1022,8.8,10,9037
1023,17.4,19,9056
1024,5.8,7,9063
1025,4.2,5,9068
1026,4.6,5,9073
1027,4.0,4,9077
1028,10.2,11,9088
1029,0.6,1,9089
1030,5.6,6,9095
1031,16.0,18,9113
1032,18.6,21,9134
1033,28.8,32,9166
1034,29.4,33,9199
1035,14.4,16,9215
1036,29.2,32,9247
1037,9.2,10,9257
1038,7.8,9,9266
1039,11.0,13,9279
1040,40.4,46,9325
1041,35.2,42,9367
1042,17.4,21,9388
1043,6.2,7,9395
1044,1.0,1,9396
1045,7.6,8,9404
1046,5.6,6,9410
1047,5.0,5,9415
1048,50.6,57,9472
1049,6.6,7,9479
1050,30.0,34,9513
1051,30.2,33,9546
1052,5.2,6,9552
1053,7.6,8,9560
1054,1.0,1,9561
1055,6.4,8,9569
1056,13.8,15,9584
1057,21.8,25,9609
1058,3.6,4,9613
1059,8.2,9,9622
1060,1.0,1,9623
1061,13.4,15,9638
1062,15.4,17,9655
1063,9.4,11,9666
1064,5.8,7,9673
1065,9.8,11,9684
1066,4.2,5,9689
1067,18.4,20,9709
1068,11.4,13,9722
1069,5.6,8,9730
1070,5.2,6,9736
1071,7.6,8,9744
1072,6.2,7,9751
1073,17.8,21,9772
1074,7.8,9,9781
1075,12.4,14,9795
1076,16.8,18,9813
1077,5.0,5,9818
1078,7.0,7,9825
1079,12.6,13,9838
1080,5.0,5,9843
1081,5.8,7,9850
1082,4.2,5,9855
1083,9.0,9,9864
1084,10.6,13,9877
1085,0.6,1,9878
1086,5.0,5,9883
1087,39.8,45,9928
1088,5.2,6,9934
1089,44.8,54,9988
1090,2.0,2,9990
1091,13.0,15,10005
1092,9.2,10,10015
1093,19.2,22,10037
1094,16.0,18,10055
1095,7.6,8,10063
1096,5.2,6,10069
1097,3.2,4,10073
1098,10.4,12,10085
1099,33.0,37,10122
1100,6.0,6,10128
1101,1.0,1,10129
1102,5.2,6,10135
1103,6.0,6,10141
1104,13.2,14,10155
1105,3.6,4,10159
1106,12.0,14,10173
1107,23.4,27,10200
1108,12.0,14,10214
1109,10.8,12,10226
1110,6.6,7,10233
1111,17.0,19,10252
1112,6.2,7,10259
1113,1.0,1,10260
1114,4.6,5,10265
1115,6.2,7,10272
1116,7.4,9,10281
1117,6.2,7,10288
1118,10.6,11,10299
1119,5.6,6,10305
1120,14.0,16,10321
1121,4.6,5,10326
1122,5.2,6,10332
1123,9.8,11,10343
1124,9.4,11,10354
1125,1.6,2,10356
1126,4.6,5,10361
1127,3.0,3,10364
1128,7.2,8,10372
1129,21.4,23,10395
1130,12.2,13,10408
1131,16.0,18,10426
1132,14.8,16,10442
1133,24.8,28,10470
1134,14.8,16,10486
1135,0.6,1,10487
1136,0.6,1,10488
1137,5.2,6,10494
1138,11.4,13,10507
1139,23.2,28,10535
1140,7.0,7,10542
1141,15.4,17,10559
1142,5.6,6,10565
1143,16.8,18,10583
1144,4.0,6,10589
1145,15.2,16,10605
1146,5.2,6,10611
1147,13.0,15,10626
1148,11.8,13,10639
1149,4.0,4,10643
1150,12.0,12,10655
1151,9.2,10,10665
1152,14.6,17,10682
1153,12.2,13,10695
1154,1.0,1,10696
1155,33.4,39,10735
1156,4.0,4,10739
1157,6.6,7,10746
1158,2.6,3,10749
1159,11.8,13,10762
1160,10.8,12,10774
1161,6.2,7,10781
1162,21.6,24,10805
1163,18.2,19,10824
1164,5.6,6,10830
1165,39.2,44,10874
1166,2.6,3,10877
1167,12.4,14,10891
1168,3.6,4,10895
1169,9.2,10,10905
1170,18.2,21,10926
1171,20.4,24,10950
1172,1.0,1,10951
1173,19.4,23,10974
1174,4.6,5,10979
1175,12.2,13,10992
1176,12.2,13,11005
1177,0.6,1,11006
1178,33.6,36,11042
1179,21.6,26,11068
1180,10.6,13,11081
1181,14.8,16,11097
1182,33.8,41,11138
1183,4.0,4,11142
1184,6.6,7,11149
1185,9.4,11,11160
1186,12.2,15,11175
1187,8.8,10,11185
1188,8.2,9,11194
1189,8.8,10,11204
1190,28.6,31,11235
1191,7.0,7,11242
1192,4.2,5,11247
1193,13.0,15,11262
1194,13.8,15,11277
1195,15.0,17,11294
1196,10.0,10,11304
1197,4.2,5,11309
1198,10.8,12,11321
1199,6.6,7,11328
1200,11.0,13,11341
1201,0.6,1,11342
1202,4.2,5,11347
1203,6.0,6,11353
1204,10.2,11,11364
1205,3.2,4,11368
1206,14.8,16,11384
1207,6.6,7,11391
1208,5.6,6,11397
1209,6.6,7,11404
1210,39.4,47,11451
1211,6.6,7,11458
1212,4.6,5,11463
1213,12.0,14,11477
1214,2.0,2,11479
1215,11.0,13,11492
1216,1.0,1,11493
1217,3.6,4,11497
1218,8.8,10,11507
1219,3.6,4,11511
1220,17.0,19,11530
1221,14.8,16,11546
1222,11.6,14,11560
1223,11.8,13,11573
1224,15.4,19,11592
1225,34.4,40,11632
1226,4.6,5,11637
1227,21.6,24,11661
1228,6.0,6,11667
1229,11.0,13,11680
1230,25.0,27,11707
1231,6.8,8,11715
1232,10.6,11,11726
1233,17.6,20,11746
1234,9.8,11,11757
1235,5.6,6,11763
1236,1.0,1,11764
1237,8.2,9,11773
1238,6.2,7,11780
1239,14.8,18,11798
1240,7.6,8,11806
1241,13.6,16,11822
1242,15.6,18,11840
1243,4.6,5,11845
1244,19.0,21,11866
1245,6.6,7,11873
1246,9.0,9,11882
1247,16.2,19,11901
1248,29.0,33,11934
1249,13.8,15,11949
1250,25.4,29,11978
1251,8.4,10,11988
1252,9.4,11,11999
1253,14.0,16,12015
1254,6.8,8,12023
1255,51.6,60,12083
1256,3.0,3,12086
1257,14.2,15,12101
1258,6.2,7,12108
1259,25.2,30,12138
1260,13.0,17,12155
1261,17.2,18,12173
1262,8.0,8,12181
1263,16.6,19,12200
1264,5.8,7,12207
1265,4.6,5,12212
1266,12.4,14,12226
1267,23.4,25,12251
1268,10.6,13,12264
1269,8.6,9,12273
1270,10.6,11,12284
1271,7.2,8,12292
1272,19.2,22,12314
1273,8.4,10,12324
1274,3.0,3,12327
1275,18.2,23,12350
1276,4.6,5,12355
1277,11.8,13,12368
1278,13.8,15,12383
1279,6.0,6,12389
1280,25.6,30,12419
1281,4.2,5,12424
1282,6.6,7,12431
1283,13.6,14,12445
1284,4.2,5,12450
1285,8.2,9,12459
1286,5.6,6,12465
1287,24.0,26,12491
1288,11.8,15,12506
1289,15.0,19,12525
1290,10.0,12,12537
1291,5.6,6,12543
1292,8.4,10,12553
1293,3.2,4,12557
1294,11.8,13,12570
1295,7.6,8,12578
1296,6.6,7,12585
1297,13.0,15,12600
1298,33.0,39,12639
1299,18.2,21,12660
1300,12.8,14,12674
1301,8.6,9,12683
1302,4.6,5,12688
1303,20.6,23,12711
1304,7.4,9,12720
1305,5.2,6,12726
1306,4.0,4,12730
1307,22.2,25,12755
1308,4.0,4,12759
1309,8.8,10,12769
1310,12.8,14,12783
1311,23.2,26,12809
1312,5.6,8,12817
1313,10.2,11,12828
1314,32.4,36,12864
1315,15.2,18,12882
1316,14.6,17,12899
1317,19.0,21,12920
1318,5.0,5,12925
1319,5.2,6,12931
1320,1.0,1,12932
1321,15.0,17,12949
1322,7.2,8,12957
1323,6.0,6,12963
1324,5.8,7,12970
1325,28.6,33,13003
1326,33.4,39,13042
1327,4.0,4,13046
1328,0.6,1,13047
1329,28.4,32,13079
1330,1.6,2,13081
1331,0.6,1,13082
1332,6.2,7,13089
1333,15.6,18,13107
1334,21.2,24,13131
1335,29.8,35,13166
1336,7.8,9,13175
1337,12.0,14,13189
1338,5.2,6,13195
1339,11.8,13,13208
1340,13.4,15,13223
1341,7.8,9,13232
1342,52.6,61,13293
1343,17.8,19,13312
1344,9.6,10,13322
1345,28.6,33,13355
1346,14.0,16,13371
1347,1.0,1,13372
1348,9.2,10,13382
1349,4.6,5,13387
1350,7.8,9,13396
1351,8.0,10,13406
1352,6.2,7,13413
1353,51.2,58,13471
1354,15.2,18,13489
1355,4.6,5,13494
1356,25.0,29,13523
1357,4.6,5,13528
1358,7.0,7,13535
1359,10.0,12,13547
1360,2.6,3,13550
1361,14.0,16,13566
1362,15.4,17,13583
1363,4.6,5,13588
1364,9.6,10,13598
1365,4.2,5,13603
1366,21.0,25,13628
1367,3.6,4,13632
1368,5.2,6,13638
1369,18.0,20,13658
1370,10.4,12,13670
1371,8.4,10,13680
1372,13.0,15,13695
1373,9.0,9,13704
1374,0.6,1,13705
1375,13.0,15,13720
1376,30.4,34,13754
1377,53.2,62,13816
1378,7.8,9,13825
1379,43.6,52,13877
1380,15.8,19,13896
1381,11.2,12,13908
1382,6.6,7,13915
1383,18.6,21,13936
1384,4.6,5,13941
1385,6.8,8,13949
1386,6.0,6,13955
1387,21.8,25,13980
1388,18.0,20,14000
1389,8.2,9,14009
1390,16.4,20,14029
1391,8.6,9,14038
1392,18.6,21,14059
1393,6.4,8,14067
1394,8.2,9,14076
1395,47.6,56,14132
1396,24.4,28,14160
1397,10.8,12,14172
1398,1.0,1,14173
1399,3.6,4,14177
1400,5.6,6,14183
1401,12.6,15,14198
1402,9.2,10,14208
1403,26.6,31,14239
1404,15.8,19,14258
1405,17.8,21,14279
1406,1.2,2,14281
1407,6.2,7,14288
1408,2.6,3,14291
1409,6.6,7,14298
1410,9.0,11,14309
1411,27.6,32,14341
1412,17.0,19,14360
1413,11.6,14,14374
1414,12.0,14,14388
1415,4.0,6,14394
1416,9.2,10,14404
1417,10.8,12,14416
1418,5.0,5,14421
1419,25.8,29,14450
1420,2.6,3,14453
1421,7.2,8,14461
1422,27.4,31,14492
1423,46.8,54,14546
1424,5.6,6,14552
1425,19.0,21,14573
1426,16.8,18,14591
1427,1.0,1,14592
1428,9.6,10,14602
1429,19.2,22,14624
1430,8.8,10,14634
1431,1.0,1,14635
1432,45.0,51,14686
1433,5.4,7,14693
1434,4.2,5,14698
1435,26.2,31,14729
1436,16.0,18,14747
1437,6.6,7,14754
1438,1.0,1,14755
1439,1.0,1,14756
1440,11.4,13,14769
1441,3.6,4,14773
1442,27.0,31,14804
1443,28.2,35,14839
1444,9.0,11,14850
1445,29.4,33,14883
1446,27.4,31,14914
1447,3.8,5,14919
1448,23.8,27,14946
1449,38.4,46,14992
1450,5.6,6,14998
1451,7.2,8,15006
1452,0.6,1,15007
1453,12.2,13,15020
1454,6.8,8,15028
1455,18.0,22,15050
1456,28.2,31,15081
1457,6.8,8,15089
1458,21.4,25,15114
1459,15.6,18,15132
1460,11.4,13,15145
1461,22.2,25,15170
1462,16.6,19,15189
1463,7.8,9,15198
1464,14.2,15,15213
1465,34.0,38,15251
1466,25.2,30,15281
1467,28.8,32,15313
1468,19.2,22,15335
1469,33.0,37,15372
1470,16.4,18,15390
1471,16.2,19,15409
1472,11.8,13,15422
1473,6.6,7,15429
1474,11.4,13,15442
1475,12.0,14,15456
1476,31.6,38,15494
1477,6.2,7,15501
1478,10.8,12,15513
1479,20.2,25,15538
1480,35.6,42,15580
1481,42.2,51,15631
1482,7.8,9,15640
1483,8.8,10,15650
1484,22.4,26,15676
1485,10.2,11,15687
1486,9.6,12,15699
1487,6.6,7,15706
1488,9.4,11,15717
1489,6.8,8,15725
1490,24.4,28,15753
1491,14.6,17,15770
1492,5.6,6,15776
1493,10.8,12,15788
1494,11.4,13,15801
1495,23.0,27,15828
1496,7.8,9,15837
1497,26.2,31,15868
1498,16.6,21,15889
1499,6.6,7,15896
1500,18.0,22,15918
1501,8.4,10,15928
1502,8.4,10,15938
1503,37.2,42,15980
1504,6.6,7,15987
1505,5.0,5,15992
1506,5.0,5,15997
1507,26.4,32,16029
1508,10.6,13,16042
1509,11.2,12,16054
1510,8.4,10,16064
1511,7.8,9,16073
1512,35.2,42,16115
1513,4.0,4,16119
1514,4.2,5,16124
1515,16.4,18,16142
1516,10.6,13,16155
1517,7.2,8,16163
1518,4.8,6,16169
1519,38.2,45,16214
1520,2.6,3,16217
1521,9.4,11,16228
1522,14.4,16,16244
1523,10.8,12,16256
1524,5.6,6,16262
1525,18.6,23,16285
1526,26.4,32,16317
1527,35.6,44,16361
1528,14.0,16,16377
1529,20.6,25,16402
1530,36.6,43,16445
1531,38.6,45,16490
1532,4.6,5,16495
1533,40.8,48,16543
1534,13.6,16,16559
1535,6.0,6,16565
1536,11.2,14,16579
1537,26.0,30,16609
1538,4.0,4,16613
1539,17.6,22,16635
1540,12.2,13,16648
1541,7.0,7,16655
1542,16.0,20,16675
1543,13.4,15,16690
1544,11.2,12,16702
1545,3.0,3,16705
1546,33.4,39,16744
1547,3.6,4,16748
1548,30.2,35,16783
1549,6.0,6,16789
1550,33.0,39,16828
1551,37.6,44,16872
1552,25.6,30,16902
1553,11.8,15,16917
1554,22.4,28,16945
1555,12.0,14,16959
1556,7.8,9,16968
1557,12.8,14,16982
1558,1.0,1,16983
1559,19.0,21,17004
1560,7.4,9,17013
1561,36.0,42,17055
1562,15.8,19,17074
1563,9.8,11,17085
1564,8.2,9,17094
1565,14.6,17,17111
1566,10.0,12,17123
1567,20.4,24,17147
1568,8.8,10,17157
1569,4.0,4,17161
1570,16.8,20,17181
1571,7.6,8,17189
1572,0.6,1,17190
1573,21.8,25,17215
1574,5.6,6,17221
1575,16.0,18,17239
1576,12.0,14,17253
1577,9.2,10,17263
1578,7.6,8,17271
1579,6.8,8,17279
1580,15.8,19,17298
1581,19.0,23,17321
1582,39.4,47,17368
1583,20.6,23,17391
1584,14.4,16,17407
1585,29.0,35,17442
1586,26.2,29,17471
1587,18.6,21,17492
1588,16.0,18,17510
1589,17.4,19,17529
1590,12.4,14,17543
1591,27.8,31,17574
1592,18.8,22,17596
1593,13.6,16,17612
1594,2.0,2,17614
1595,61.8,73,17687
1596,7.2,8,17695
1597,59.2,70,17765
1598,22.0,28,17793
1599,15.2,18,17811
1600,33.0,37,17848
1601,13.2,16,17864
1602,26.0,30,17894
1603,1.0,1,17895
1604,29.8,35,17930
1605,10.4,12,17942
1606,6.2,7,17949
1607,23.6,28,17977
1608,6.2,7,17984
1609,20.6,23,18007
1610,6.2,7,18014
1611,14.4,18,18032
1612,2.0,2,18034
1613,16.6,19,18053
1614,29.4,33,18086
1615,5.0,5,18091
1616,9.8,13,18104
1617,2.2,3,18107
1618,6.2,7,18114
1619,4.8,6,18120
1620,25.0,29,18149
1621,17.8,21,18170
1622,6.8,8,18178
1623,69.2,84,18262
1624,3.6,4,18266
1625,8.8,10,18276
1626,15.0,17,18293
1627,4.6,5,18298
1628,5.2,6,18304
1629,7.6,8,18312
1630,1.0,1,18313
1631,40.8,48,18361
1632,9.6,12,18373
1633,5.2,6,18379
1634,3.2,4,18383
1635,27.4,31,18414
1636,34.0,42,18456
1637,7.2,8,18464
1638,13.8,15,18479
1639,18.8,22,18501
1640,19.0,23,18524
1641,57.2,68,18592
1642,7.8,9,18601
1643,17.6,20,18621
1644,5.6,6,18627
1645,15.2,18,18645
1646,27.0,31,18676
1647,10.0,12,18688
1648,11.2,14,18702
1649,22.2,27,18729
1650,34.8,42,18771
1651,7.2,8,18779
1652,12.4,14,18793
1653,11.4,13,18806
1654,31.6,38,18844
1655,31.6,38,18882
1656,27.8,33,18915
1657,3.2,4,18919
1658,31.8,37,18956
1659,20.4,24,18980
1660,22.2,27,19007
1661,44.8,56,19063
1662,8.4,10,19073
1663,17.4,19,19092
1664,14.6,17,19109
1665,5.2,6,19115
1666,6.8,8,19123
1667,15.0,19,19142
1668,5.6,6,19148
1669,8.2,9,19157
1670,0.6,1,19158
1671,57.0,71,19229
1672,6.2,7,19236
1673,7.2,8,19244
1674,5.6,6,19250
1675,43.6,52,19302
1676,1.0,1,19303
1677,2.0,2,19305
1678,6.6,7,19312
1679,5.6,6,19318
1680,4.4,6,19324
1681,10.0,12,19336
1682,7.8,9,19345
1683,9.0,11,19356
1684,5.8,7,19363
1685,36.0,42,19405
1686,14.2,17,19422
1687,49.6,58,19480
1688,4.8,6,19486
1689,6.2,7,19493
1690,48.4,58,19551
1691,6.2,7,19558
1692,12.6,15,19573
1693,24.4,30,19603
1694,6.8,8,19611
1695,16.4,20,19631
1696,88.6,107,19738
1697,13.0,15,19753
1698,17.8,21,19774
1699,42.4,50,19824
1700,42.0,50,19874
1701,12.0,14,19888
1702,11.8,13,19901
1703,18.6,23,19924
1704,83.0,97,20021
1705,7.8,9,20030
1706,31.4,37,20067
1707,14.2,17,20084
1708,6.4,8,20092
1709,49.8,59,20151
1710,6.8,8,20159
1711,90.8,108,20267
1712,8.8,10,20277
1713,15.0,17,20294
1714,0.6,1,20295
1715,32.2,37,20332
1716,5.2,6,20338
1717,4.6,5,20343
1718,50.4,60,20403
1719,40.2,47,20450
1720,7.2,8,20458
1721,22.8,26,20484
1722,4.2,5,20489
1723,11.6,14,20503
1724,20.8,24,20527
1725,82.4,102,20629
1726,18.4,22,20651
1727,13.6,18,20669
1728,5.8,7,20676
1729,7.8,9,20685
1730,12.2,15,20700
1731,28.2,33,20733
1732,0.6,1,20734
1733,37.8,45,20779
1734,19.6,24,20803
1735,10.2,11,20814
1736,22.0,26,20840
1737,5.2,6,20846
1738,32.2,39,20885
1739,22.0,26,20911
1740,17.6,20,20931
1741,23.8,29,20960
1742,1.0,1,20961
1743,24.0,30,20991
1744,9.2,12,21003
1745,15.4,19,21022
1746,11.8,15,21037
1747,7.2,8,21045
1748,17.8,21,21066
1749,1.0,1,21067
1750,20.8,24,21091
1751,4.2,5,21096
1752,12.6,15,21111
1753,17.2,20,21131
1754,20.8,26,21157
1755,4.2,5,21162
1756,30.2,39,21201
1757,28.4,34,21235
1758,58.6,73,21308
1759,34.8,42,21350
1760,12.4,14,21364
1761,30.0,38,21402
1762,26.0,30,21432
1763,28.0,32,21464
1764,6.8,8,21472
1765,1.0,1,21473
1766,10.4,12,21485
1767,27.2,32,21517
1768,16.6,19,21536
1769,11.2,12,21548
1770,21.0,25,21573
1771,46.2,57,21630
1772,14.4,18,21648
1773,9.8,13,21661
1774,13.8,15,21676
1775,37.4,43,21719
1776,15.6,18,21737
1777,41.2,50,21787
1778,11.2,14,21801
1779,40.8,50,21851
1780,3.8,5,21856
1781,37.8,45,21901
1782,36.0,44,21945
1783,24.8,30,21975
1784,11.6,14,21989
1785,60.6,75,22064
1786,10.0,12,22076
1787,22.0,28,22104
1788,13.6,16,22120
1789,34.4,42,22162
1790,25.4,31,22193
1791,18.0,22,22215
1792,11.8,15,22230
1793,1.6,2,22232
1794,29.6,36,22268
1795,6.0,6,22274
1796,33.4,41,22315
1797,7.6,10,22325
1798,45.2,54,22379
1799,43.6,52,22431
1800,17.4,21,22452
1801,23.0,29,22481
1802,27.6,34,22515
1803,8.2,9,22524
1804,48.2,59,22583
1805,40.4,50,22633
1806,3.8,5,22638
1807,8.4,10,22648
1808,17.4,21,22669
1809,47.0,59,22728
1810,39.6,48,22776
1811,28.8,36,22812
1812,1.0,1,22813
1813,16.4,20,22833
1814,55.4,67,22900
1815,5.6,6,22906
1816,18.2,21,22927
1817,19.6,22,22949
1818,22.4,26,22975
1819,31.2,40,23015
1820,6.2,7,23022
1821,35.0,41,23063
1822,47.4,59,23122
1823,34.2,43,23165
1824,66.2,81,23246
1825,22.4,26,23272
1826,36.2,45,23317
1827,9.8,11,23328
1828,54.0,68,23396
1829,6.0,8,23404
1830,6.8,8,23412
1831,20.0,24,23436
1832,1.0,1,23437
1833,10.8,12,23449
1834,37.8,47,23496
1835,21.2,26,23522
1836,63.8,79,23601
1837,16.4,20,23621
1838,12.2,15,23636
1839,22.6,27,23663
1840,32.4,40,23703
1841,5.4,7,23710
1842,15.0,19,23729
1843,15.2,18,23747
1844,29.4,37,23784
1845,10.2,13,23797
1846,14.4,18,23815
1847,31.8,39,23854
1848,10.2,11,23865
1849,25.8,31,23896
1850,6.8,8,23904
1851,8.0,10,23914
1852,28.6,35,23949
1853,19.4,25,23974
1854,11.8,15,23989
1855,17.8,21,24010
1856,6.8,8,24018
1857,11.0,13,24031
1858,23.0,27,24058
1859,48.2,59,24117
1860,37.4,45,24162
1861,18.2,23,24185
1862,14.8,18,24203
1863,11.6,14,24217
1864,9.4,11,24228
1865,15.2,18,24246
1866,87.8,109,24355
1867,17.2,20,24375
1868,27.0,33,24408
1869,4.6,5,24413
1870,12.2,15,24428
1871,15.4,19,24447
1872,4.2,5,24452
1873,37.2,46,24498
1874,40.6,49,24547
1875,14.6,17,24564
1876,22.0,26,24590
1877,12.4,14,24604
1878,40.6,49,24653
1879,4.2,5,24658
1880,7.2,8,24666
1881,31.0,39,24705
1882,9.0,11,24716
1883,9.8,11,24727
1884,16.2,21,24748
1885,27.4,35,24783
1886,52.0,64,24847
1887,9.0,11,24858
1888,75.6,96,24954
1889,55.2,70,25024
1890,7.2,8,25032
1891,44.0,54,25086
1892,47.8,59,25145
1893,43.0,53,25198
1894,35.6,46,25244
1895,35.2,42,25286
1896,16.2,19,25305
1897,40.8,50,25355
1898,5.6,6,25361
1899,26.6,33,25394
1900,46.4,56,25450
1901,27.2,32,25482
1902,37.2,46,25528
1903,21.6,28,25556
1904,31.8,39,25595
1905,12.2,15,25610
1906,35.8,45,25655
1907,58.8,72,25727
1908,36.6,47,25774
1909,41.2,52,25826
1910,73.6,96,25922
1911,3.6,4,25926
1912,124.2,155,26081
1913,89.4,113,26194
1914,4.4,6,26200
1915,17.6,22,26222
1916,50.8,64,26286
1917,17.4,21,26307
1918,18.8,22,26329
1919,30.6,37,26366
1920,15.6,18,26384
1921,27.6,34,26418
1922,23.6,28,26446
1923,21.4,27,26473
1924,16.8,22,26495
1925,10.2,13,26508
1926,2.2,3,26511
1927,20.2,25,26536
1928,64.2,79,26615
1929,13.0,15,26630
1930,1.0,1,26631
1931,17.0,21,26652
1932,102.2,129,26781
1933,45.4,57,26838
1934,53.2,68,26906
1935,48.2,57,26963
1936,18.6,23,26986
1937,60.2,77,27063
1938,43.6,54,27117
1939,30.6,41,27158
1940,69.0,85,27243
1941,44.4,58,27301
1942,63.8,81,27382
1943,56.6,71,27453
1944,37.0,45,27498
1945,79.4,101,27599
1946,26.0,32,27631
1947,62.2,79,27710
1948,15.4,19,27729
1949,42.6,53,27782
1950,22.8,30,27812
1951,125.4,159,27971
1952,81.8,103,28074
1953,3.2,4,28078
1954,18.4,24,28102
1955,5.4,7,28109
1956,42.2,53,28162
1957,29.0,37,28199
1958,63.0,81,28280
1959,28.0,36,28316
1960,24.6,31,28347
1961,37.0,45,28392
1962,7.2,8,28400
1963,74.4,94,28494
1964,26.8,34,28528
1965,62.8,78,28606
1966,4.8,6,28612
1967,26.0,32,28644
1968,6.8,8,28652
1969,12.4,16,28668
1970,13.8,17,28685
1971,63.4,81,28766
1972,57.4,71,28837
1973,36.0,48,28885
1974,17.8,23,28908
1975,43.8,57,28965
1976,36.8,46,29011
1977,12.2,15,29026
1978,62.4,76,29102
1979,81.0,103,29205
1980,16.4,22,29227
1981,29.6,36,29263
1982,38.8,50,29313
1983,112.2,145,29458
1984,122.2,155,29613
1985,13.8,17,29630
1986,47.8,59,29689
1987,24.0,30,29719
1988,94.0,118,29837
1989,41.8,51,29888
1990,4.8,6,29894
1991,30.0,36,29930
1992,57.2,72,30002
1993,9.0,11,30013
1994,18.0,22,30035
1995,7.8,9,30044
1996,60.2,75,30119
1997,3.2,4,30123
1998,50.6,61,30184
1999,22.2,27,30211
2000,77.2,94,30305
2001,42.0,54,30359
2002,83.4,105,30464
2003,89.0,111,30575
2004,34.4,40,30615
2005,15.8,21,30636
2006,32.2,43,30679
2007,0.6,1,30680
2008,115.8,153,30833
2009,111.4,145,30978
2010,46.6,61,31039
2011,53.4,69,31108
2012,5.2,6,31114
2013,44.2,55,31169
2014,18.6,23,31192
2015,28.8,38,31230
2016,6.4,8,31238
2017,45.0,57,31295
2018,22.6,29,31324
2019,59.0,77,31401
2020,31.8,41,31442
2021,60.6,77,31519
2022,92.6,117,31636
2023,51.2,66,31702
2024,67.4,85,31787
2025,75.0,95,31882
2026,45.6,60,31942
2027,7.4,9,31951
2028,49.2,62,32013
2029,53.8,67,32080
2030,154.8,200,32280
2031,97.0,123,32403
2032,50.4,66,32469
2033,104.4,134,32603
2034,48.0,60,32663
2035,115.6,146,32809
2036,129.2,166,32975
2037,149.2,192,33167
2038,145.0,187,33354
2039,41.0,53,33407
2040,80.0,104,33511
2041,117.2,150,33661
2042,8.4,10,33671
2043,19.2,22,33693
2044,158.0,200,33893
2045,118.0,148,34041
2046,29.2,38,34079
2047,51.2,64,34143
2048,38.4,48,34191
2049,94.2,119,34310
2050,61.4,77,34387
2051,131.2,164,34551
2052,82.2,105,34656
2053,153.6,200,34856
2054,119.0,161,35017
2055,2.0,2,35019
2056,8.6,11,35030
2057,51.0,65,35095
2058,73.8,97,35192
2059,54.8,70,35262
2060,157.2,200,35462
2061,1.0,1,35463
2062,149.0,193,35656
2063,156.8,200,35856
2064,127.8,165,36021
2065,79.8,103,36124
2066,129.6,166,36290
2067,7.2,8,36298
2068,153.2,200,36498
2069,111.2,142,36640
2070,39.6,48,36688
2071,54.8,72,36760
2072,154.4,200,36960
2073,119.6,156,37116
2074,154.0,200,37316
2075,153.2,200,37516
2076,153.6,200,37716
2077,153.6,200,37916
2078,20.4,26,37942
2079,69.2,90,38032
2080,117.0,151,38183
2081,147.2,192,38375
2082,72.4,94,38469
2083,6.4,8,38477
2084,28.2,37,38514
2085,26.8,36,38550
2086,30.6,39,38589
2087,55.2,70,38659
2088,37.4,49,38708
2089,79.8,103,38811
2090,94.4,124,38935
2091,79.0,105,39040
2092,155.4,197,39237
2093,150.4,200,39437
2094,154.4,200,39637
2095,154.8,200,39837
2096,153.2,200,40037
2097,153.2,200,40237
2098,154.0,200,40437
2099,153.6,200,40637
2100,151.6,200,40837
2101,152.8,200,41037
2102,154.0,200,41237
2103,155.6,200,41437
2104,109.8,141,41578
2105,127.4,165,41743
2106,84.0,106,41849
2107,114.2,149,41998
2108,156.8,200,42198
2109,154.4,200,42398
2110,16.2,21,42419
2111,92.8,118,42537
2112,152.8,200,42737
2113,154.0,200,42937
2114,154.4,200,43137
2115,152.0,200,43337
2116,154.4,200,43537
2117,157.2,200,43737
2118,5.2,6,43743
2119,155.2,200,43943
2120,154.0,200,44143
2121,37.0,47,44190
2122,148.8,200,44390
2123,145.8,191,44581
2124,150.8,200,44781
2125,88.0,112,44893
2126,41.6,54,44947
2127,101.2,132,45079
2128,152.0,200,45279
2129,152.4,200,45479
2130,154.4,200,45679
2131,151.2,200,45879
2132,152.8,200,46079
2133,152.8,200,46279
2134,152.4,200,46479
2135,154.8,200,46679
2136,152.8,200,46879
2137,151.2,200,47079
2138,151.0,199,47278
2139,152.4,200,47478
2140,153.6,200,47678
2141,154.0,200,47878
2142,154.4,200,48078
2143,156.0,200,48278
2144,30.6,39,48317
2145,155.2,200,48517
2146,99.4,129,48646
2147,158.8,200,48846
2148,118.0,158,49004
2149,152.0,200,49204
2150,154.8,200,49404
2151,155.2,200,49604
2152,152.4,200,49804
2153,152.4,200,50004
2154,152.8,200,50204
2155,152.4,200,50404
2156,30.2,39,50443
2157,152.8,200,50643
2158,150.4,200,50843
2159,152.8,200,51043
2160,77.2,102,51145
2161,152.8,200,51345
2162,154.8,200,51545
2163,155.2,200,51745
2164,154.8,200,51945
2165,155.2,200,52145
2166,152.8,200,52345
2167,155.6,200,52545
2168,151.2,200,52745
2169,40.2,53,52798
2170,65.6,86,52884
2171,155.6,200,53084
2172,75.8,97,53181
2173,152.4,200,53381
2174,152.8,200,53581
2175,157.6,200,53781
2176,156.4,200,53981
2177,152.8,200,54181
2178,39.0,49,54230
2179,137.6,178,54408
2180,154.0,200,54608
2181,0.6,1,54609
2182,156.8,200,54809
2183,155.6,200,55009
2184,0.6,1,55010
2185,151.2,194,55204
2186,156.0,200,55404
2187,47.8,61,55465
2188,155.6,200,55665
2189,90.8,118,55783
2190,155.6,200,55983
2191,154.0,200,56183
2192,153.6,200,56383
2193,153.2,200,56583
2194,154.8,200,56783
2195,154.4,200,56983
2196,156.0,200,57183
2197,154.4,200,57383
2198,153.6,200,57583
2199,157.6,200,57783
2200,154.8,200,57983
2201,158.4,200,58183
2202,1.0,1,58184
2203,154.8,200,58384
2204,155.6,200,58584
2205,77.8,99,58683
2206,156.4,200,58883
2207,156.4,200,59083
2208,154.8,200,59283
2209,157.6,200,59483
2210,1.0,1,59484
2211,155.2,200,59684
2212,84.6,109,59793
2213,10.6,13,59806
2214,155.2,200,60006
2215,157.2,200,60206
2216,104.8,134,60340
2217,153.6,200,60540
2218,156.4,200,60740
2219,157.2,200,60940
2220,156.0,200,61140
2221,156.0,200,61340
2222,154.8,200,61540
2223,75.0,95,61635
2224,153.6,200,61835
2225,99.2,124,61959
2226,159.2,200,62159
2227,156.0,200,62359
2228,7.4,9,62368
2229,156.0,200,62568
2230,155.2,200,62768
2231,17.6,22,62790
2232,158.8,200,62990
2233,158.0,200,63190
2234,90.6,113,63303
2235,152.4,200,63503
2236,87.8,113,63616
2237,26.8,32,63648
2238,159.2,200,63848
2239,65.4,83,63931
2240,154.4,200,64131
2241,155.2,200,64331
2242,100.6,127,64458
2243,153.6,200,64658
2244,159.2,200,64858
2245,156.8,200,65058
2246,157.6,200,65258
2247,5.4,7,65265
2248,159.2,200,65465
2249,154.0,200,65665
2250,155.6,200,65865
2251,160.4,200,66065
2252,156.0,200,66265
2253,156.8,200,66465
2254,157.6,200,66665
2255,158.8,200,66865
2256,67.2,86,66951
2257,143.2,182,67133
2258,158.8,200,67333
2259,156.4,200,67533
2260,51.6,64,67597
2261,158.0,200,67797
2262,158.4,200,67997
2263,154.4,200,68197
2264,158.4,200,68397
2265,157.2,200,68597
2266,157.2,200,68797
2267,158.8,200,68997
2268,158.0,200,69197
2269,73.6,94,69291
2270,157.6,200,69491
2271,158.0,200,69691
2272,159.2,200,69891
2273,156.0,200,70091
2274,108.0,138,70229
2275,156.4,200,70429
2276,156.4,200,70629
2277,158.4,200,70829
2278,154.4,200,71029
2279,156.0,200,71229
2280,156.8,200,71429
2281,156.4,200,71629
2282,157.2,200,71829
2283,107.6,134,71963
2284,159.6,200,72163
2285,158.4,200,72363
2286,158.0,200,72563
2287,156.4,200,72763
2288,155.6,200,72963
2289,158.8,200,73163
2290,157.2,200,73363
2291,156.8,200,73563
2292,157.6,200,73763
2293,157.6,200,73963
2294,158.0,200,74163
2295,158.0,200,74363
2296,156.0,200,74563
2297,1.0,1,74564
2298,156.8,200,74764
2299,154.8,200,74964
2300,157.2,200,75164
2301,152.8,200,75364
2302,91.2,114,75478
2303,159.2,200,75678
2304,157.6,200,75878
2305,159.2,200,76078
2306,159.2,200,76278
2307,157.6,200,76478
2308,156.0,200,76678
2309,156.0,200,76878
2310,157.6,200,77078
2311,146.4,184,77262
2312,156.0,200,77462
2313,155.6,200,77662
2314,158.0,200,77862
2315,159.2,200,78062
2316,156.0,200,78262
2317,159.6,200,78462
2318,158.0,200,78662
2319,106.4,134,78796
2320,157.6,200,78996
2321,158.4,200,79196
2322,158.4,200,79396
2323,158.4,200,79596
2324,137.0,173,79769
2325,158.4,200,79969
2326,159.2,200,80169
2327,158.4,200,80369
2328,157.2,200,80569
2329,158.8,200,80769
2330,159.2,200,80969
2331,158.0,200,81169
2332,158.4,200,81369
2333,158.8,200,81569
2334,159.6,200,81769
2335,156.4,200,81969
2336,159.2,200,82169
2337,159.2,200,82369
2338,157.2,200,82569
2339,158.0,200,82769
2340,159.6,200,82969
2341,160.0,200,83169
2342,0.6,1,83170
2343,158.8,200,83370
2344,160.4,200,83570
2345,159.2,200,83770
2346,159.6,200,83970
2347,160.8,200,84170
2348,159.2,200,84370
2349,159.6,200,84570
2350,160.0,200,84770
2351,159.2,200,84970
2352,159.6,200,85170
2353,159.2,200,85370
2354,160.0,200,85570
2355,158.4,200,85770
2356,160.0,200,85970
2357,1.0,1,85971
2358,159.6,200,86171
2359,163.2,200,86371
2360,160.4,200,86571
2361,160.4,200,86771
2362,161.2,200,86971
2363,161.2,200,87171
2364,160.0,200,87371
2365,160.0,200,87571
2366,160.4,200,87771
2367,13.8,17,87788
2368,160.8,200,87988
2369,160.8,200,88188
2370,161.2,200,88388
2371,160.4,200,88588
2372,1.0,1,88589
2373,1.0,1,88590
2374,161.2,200,88790
2375,161.2,200,88990
2376,160.4,200,89190
2377,159.6,200,89390
2378,162.8,200,89590
2379,158.8,200,89790
2380,160.0,200,89990
2381,160.0,200,90190
2382,161.6,200,90390
2383,162.0,200,90590
2384,92.0,114,90704
2385,1.0,1,90705
2386,162.0,200,90905
2387,162.4,200,91105
2388,161.6,200,91305
2389,159.6,200,91505
2390,162.8,200,91705
2391,164.4,200,91905
2392,162.4,200,92105
2393,162.4,200,92305
2394,162.0,200,92505
2395,164.8,200,92705
2396,162.0,200,92905
2397,161.6,200,93105
2398,162.8,200,93305
2399,162.8,200,93505
2400,163.6,200,93705
2401,81.4,99,93804
2402,155.8,193,93997
2403,117.0,143,94140
2404,162.4,200,94340
2405,164.0,200,94540
2406,161.2,200,94740
2407,161.2,198,94938
2408,162.4,200,95138
2409,162.4,200,95338
2410,163.2,200,95538
2411,161.6,200,95738
2412,86.0,104,95842
2413,162.8,200,96042
2414,161.6,200,96242
2415,46.2,57,96299
2416,162.8,200,96499
2417,36.0,44,96543
2418,160.8,200,96743
2419,162.4,200,96943
2420,162.0,200,97143
2421,162.8,200,97343
2422,161.6,200,97543
2423,162.4,200,97743
2424,161.6,200,97943
2425,12.0,14,97957
2426,163.6,200,98157
2427,163.2,200,98357
2428,161.2,200,98557
2429,161.6,200,98757
2430,163.6,200,98957
2431,162.0,200,99157
2432,17.6,22,99179
2433,161.6,200,99379
2434,162.4,200,99579
2435,45.8,55,99634
2436,163.6,200,99834
2437,161.6,200,100034
2438,161.6,200,100234
2439,162.8,200,100434
2440,162.8,200,100634
2441,161.2,200,100834
2442,162.0,200,101034
2443,160.4,200,101234
2444,161.2,200,101434
2445,162.8,200,101634
2446,22.0,26,101660
2447,161.2,200,101860
2448,162.0,200,102060
2449,160.4,200,102260
2450,122.2,149,102409
2451,164.4,200,102609
2452,162.8,200,102809
2453,162.0,200,103009
2454,163.6,200,103209
2455,158.4,194,103403
2456,162.0,200,103603
2457,164.0,200,103803
2458,162.8,200,104003
2459,163.6,200,104203
2460,161.2,200,104403
2461,166.0,200,104603
2462,163.6,200,104803
2463,163.6,200,105003
2464,114.4,140,105143
2465,162.8,200,105343
2466,163.6,200,105543
2467,11.4,13,105556
2468,44.2,53,105609
2469,64.0,78,105687
2470,163.6,200,105887
2471,163.6,200,106087
2472,163.2,200,106287
2473,30.8,38,106325
2474,162.0,200,106525
2475,115.4,141,106666
2476,163.2,200,106866
2477,161.6,200,107066
2478,163.2,200,107266
2479,49.8,61,107327
2480,162.8,200,107527
2481,163.2,200,107727
2482,164.0,200,107927
2483,163.6,200,108127
2484,162.8,200,108327
2485,164.8,200,108527
2486,122.2,149,108676
2487,162.8,200,108876
2488,163.2,200,109076
2489,1.0,1,109077
2490,163.2,200,109277
2491,164.4,200,109477
2492,162.4,200,109677
2493,164.8,200,109877
2494,163.2,200,110077
2495,162.8,200,110277
2496,163.6,200,110477
2497,162.8,200,110677
2498,161.6,200,110877
2499,163.2,200,111077
2500,37.2,44,111121
2501,164.8,200,111321
2502,163.2,200,111521
2503,163.2,200,111721
2504,53.8,65,111786
2505,164.0,200,111986
2506,4.6,5,111991
2507,162.0,200,112191
2508,163.6,200,112391
2509,162.8,200,112591
2510,162.8,200,112791
2511,161.6,200,112991
2512,162.4,200,113191
2513,163.2,200,113391
2514,162.8,200,113591
2515,161.6,200,113791
2516,161.6,200,113991
2517,164.0,200,114191
2518,118.6,143,114334
2519,1.0,1,114335
2520,165.2,200,114535
2521,161.2,200,114735
2522,61.6,74,114809
2523,164.0,200,115009
2524,162.8,200,115209
2525,128.2,159,115368
2526,1.0,1,115369
2527,164.4,200,115569
2528,162.8,200,115769
2529,13.0,15,115784
2530,162.4,200,115984
2531,162.0,200,116184
2532,165.2,200,116384
2533,163.2,200,116584
2534,164.0,200,116784
2535,161.6,200,116984
2536,5.2,6,116990
2537,163.2,200,117190
2538,26.4,32,117222
2539,1.0,1,117223
2540,161.2,200,117423
2541,162.0,200,117623
2542,162.4,200,117823
2543,55.8,67,117890
2544,164.4,200,118090
2545,25.4,31,118121
2546,162.0,200,118321
2547,162.4,200,118521
2548,162.4,200,118721
2549,161.6,200,118921
2550,165.2,200,119121
2551,163.2,200,119321
2552,161.6,200,119521
2553,163.2,200,119721
2554,162.0,200,119921
2555,162.4,200,120121
2556,163.6,200,120321
2557,163.2,200,120521
2558,161.6,200,120721
2559,1.0,1,120722
2560,163.2,200,120922
2561,88.4,106,121028
2562,161.0,197,121225
2563,133.4,161,121386
2564,97.4,119,121505
2565,95.8,115,121620
2566,5.2,6,121626
2567,151.6,186,121812
2568,151.0,183,121995
2569,163.6,200,122195
2570,83.8,101,122296
2571,85.4,105,122401
2572,110.8,134,122535
2573,10.0,12,122547
2574,115.6,142,122689
2575,93.0,113,122802
2576,90.6,111,122913
2577,119.0,145,123058
2578,130.0,158,123216
2579,104.2,127,123343
2580,94.6,115,123458
2581,1.0,1,123459
2582,80.2,97,123556
2583,95.6,114,123670
2584,122.0,148,123818
2585,121.4,147,123965
2586,7.2,8,123973
2587,71.8,85,124058
2588,106.2,129,124187
2589,152.4,186,124373
2590,123.6,150,124523
2591,163.2,200,124723
2592,123.6,150,124873
2593,162.4,200,125073
2594,117.2,140,125213
2595,119.6,144,125357
2596,120.0,146,125503
2597,87.2,106,125609
2598,162.8,200,125809
2599,157.4,193,126002
2600,164.4,200,126202
2601,109.6,132,126334
2602,162.8,200,126534
2603,130.4,158,126692
2604,163.2,200,126892
2605,161.6,200,127092
2606,161.2,200,127292
2607,162.8,200,127492
2608,139.4,169,127661
2609,78.4,94,127755
2610,141.2,172,127927
2611,142.2,173,128100
2612,36.6,45,128145
2613,6.8,8,128153
2614,118.6,145,128298
2615,162.4,200,128498
2616,108.0,132,128630
2617,143.4,175,128805
2618,1.0,1,128806
2619,162.8,200,129006
2620,164.4,200,129206
2621,164.8,200,129406
2622,161.2,200,129606
2623,161.6,200,129806
2624,162.8,200,130006
2625,149.2,182,130188
2626,162.4,200,130388
2627,161.6,200,130588
2628,139.4,171,130759
2629,161.2,200,130959
2630,160.8,200,131159
2631,161.6,200,131359
2632,161.6,200,131559
2633,162.0,200,131759
2634,160.8,200,131959
2635,161.2,200,132159
2636,162.4,200,132359
2637,163.6,200,132559
2638,23.2,28,132587
2639,161.6,200,132787
2640,162.4,200,132987
2641,161.2,200,133187
2642,161.6,200,133387
2643,160.4,200,133587
2644,161.6,200,133787
2645,160.4,200,133987
2646,160.8,200,134187
2647,162.4,200,134387
2648,160.8,200,134587
2649,161.2,200,134787
2650,160.8,200,134987
2651,104.8,130,135117
2652,162.4,200,135317
2653,162.4,200,135517
2654,161.2,200,135717
2655,162.0,200,135917
2656,162.0,200,136117
2657,162.4,200,136317
2658,1.0,1,136318
2659,60.6,75,136393
2660,160.8,200,136593
2661,145.6,180,136773
2662,161.6,200,136973
2663,12.6,15,136988
2664,161.2,200,137188
2665,160.8,200,137388
2666,162.4,200,137588
2667,162.0,200,137788
2668,160.4,200,137988
2669,161.6,200,138188
2670,160.8,200,138388
2671,161.2,200,138588
2672,162.0,200,138788
2673,161.6,200,138988
2674,160.0,200,139188
2675,161.2,200,139388
2676,156.8,194,139582
2677,19.6,24,139606
2678,160.4,200,139806
2679,154.6,189,139995
2680,159.6,200,140195
2681,162.0,200,140395
2682,161.2,200,140595
2683,162.4,200,140795
2684,161.2,200,140995
2685,162.0,200,141195
2686,1.0,1,141196
2687,161.2,200,141396
2688,160.4,200,141596
2689,160.4,200,141796
2690,160.8,200,141996
2691,160.8,200,142196
2692,160.8,200,142396
2693,160.0,200,142596
2694,161.6,200,142796
2695,162.0,200,142996
2696,160.8,200,143196
2697,160.8,200,143396
2698,161.2,200,143596
2699,161.2,200,143796
2700,160.4,200,143996
2701,161.2,200,144196
2702,161.6,200,144396
2703,161.2,200,144596
2704,1.0,1,144597
2705,161.2,200,144797
2706,140.2,175,144972
2707,18.4,22,144994
2708,161.2,200,145194
2709,161.6,200,145394
2710,162.0,200,145594
2711,73.4,91,145685
2712,163.2,200,145885
2713,160.8,200,146085
2714,161.6,200,146285
2715,146.6,181,146466
2716,1.0,1,146467
2717,161.2,200,146667
2718,162.0,200,146867
2719,1.0,1,146868
2720,162.0,200,147068
2721,160.8,200,147268
2722,162.4,200,147468
2723,162.8,200,147668
2724,161.6,200,147868
2725,162.8,200,148068
2726,162.8,200,148268
2727,1.0,1,148269
2728,160.8,200,148469
2729,161.6,200,148669
2730,162.4,200,148869
2731,162.8,200,149069
2732,162.4,200,149269
2733,162.4,200,149469
2734,162.4,200,149669
2735,163.2,200,149869
2736,122.6,149,150018
2737,162.0,200,150218
2738,68.4,84,150302
2739,163.6,200,150502
2740,162.4,200,150702
2741,162.8,200,150902
2742,162.4,200,151102
2743,162.8,200,151302
2744,162.8,200,151502
2745,162.4,200,151702
2746,160.4,200,151902
2747,162.0,200,152102
2748,162.4,200,152302
2749,161.6,200,152502
2750,161.6,200,152702
2751,160.8,200,152902
2752,162.0,200,153102
2753,148.8,184,153286
2754,1.0,1,153287
2755,161.6,200,153487
2756,1.0,1,153488
2757,6.2,7,153495
2758,161.2,200,153695
2759,160.8,200,153895
2760,36.0,44,153939
2761,162.0,200,154139
2762,160.8,200,154339
2763,161.2,200,154539
2764,161.6,200,154739
2765,161.6,200,154939
2766,161.2,200,155139
2767,6.4,8,155147
2768,160.8,200,155347
2769,163.2,200,155547
2770,161.6,200,155747
2771,162.4,200,155947
2772,162.4,200,156147
2773,20.4,24,156171
2774,159.6,200,156371
2775,161.6,200,156571
2776,162.4,200,156771
2777,161.6,200,156971
2778,161.2,200,157171
2779,162.4,200,157371
2780,162.0,200,157571
2781,1.0,1,157572
2782,162.4,200,157772
2783,163.2,200,157972
2784,162.8,200,158172
2785,162.0,200,158372
2786,161.2,200,158572
2787,161.6,200,158772
2788,160.8,200,158972
2789,161.2,200,159172
2790,161.2,200,159372
2791,71.0,87,159459
2792,162.0,200,159659
2793,162.4,200,159859
2794,161.2,200,160059
2795,162.0,200,160259
2796,162.0,200,160459
2797,24.6,29,160488
2798,162.0,200,160688
2799,162.0,200,160888
2800,162.4,200,161088
2801,162.8,200,161288
2802,162.0,200,161488
2803,162.4,200,161688
2804,163.6,200,161888
2805,162.0,200,162088
2806,162.0,200,162288
2807,161.6,200,162488
2808,162.8,200,162688
2809,164.0,200,162888
2810,113.4,139,163027
2811,162.0,200,163227
2812,162.4,200,163427
2813,162.4,200,163627
2814,162.0,200,163827
2815,162.4,200,164027
2816,163.2,200,164227
2817,160.8,200,164427
2818,162.4,200,164627
2819,21.6,26,164653
2820,161.6,200,164853
2821,162.0,200,165053
2822,163.2,200,165253
2823,162.8,200,165453
2824,164.0,200,165653
2825,162.0,200,165853
2826,163.2,200,166053
2827,1.0,1,166054
2828,1.0,1,166055
2829,163.6,200,166255
2830,1.0,1,166256
2831,162.4,200,166456
2832,39.6,48,166504
2833,1.0,1,166505
2834,164.0,200,166705
2835,1.0,1,166706
2836,85.6,104,166810
2837,116.6,143,166953
2838,163.6,200,167153
2839,163.0,199,167352
2840,17.2,20,167372
2841,163.6,200,167572
2842,165.2,200,167772
2843,165.2,200,167972
2844,94.6,115,168087
2845,162.8,200,168287
2846,163.6,200,168487
2847,164.0,200,168687
2848,162.4,200,168887
2849,162.8,200,169087
2850,163.2,200,169287
2851,163.2,200,169487
2852,163.2,200,169687
2853,163.6,200,169887
2854,163.2,200,170087
2855,79.0,97,170184
2856,163.2,200,170384
2857,164.0,200,170584
2858,162.4,200,170784
2859,162.8,200,170984
2860,164.4,200,171184
2861,1.0,1,171185
2862,164.0,200,171385
2863,163.2,200,171585
2864,165.2,200,171785
2865,163.2,200,171985
2866,165.6,200,172185
2867,162.8,200,172385
2868,64.4,78,172463
2869,164.4,200,172663
2870,164.4,200,172863
2871,165.2,200,173063
2872,163.2,200,173263
2873,162.8,200,173463
2874,164.4,200,173663
2875,164.0,200,173863
2876,162.4,200,174063
2877,165.2,200,174263
2878,1.0,1,174264
2879,166.8,200,174464
2880,61.6,74,174538
2881,166.8,200,174738
2882,165.2,200,174938
2883,164.0,200,175138
2884,113.8,137,175275
2885,31.6,38,175313
2886,164.0,200,175513
2887,164.4,200,175713
2888,165.6,200,175913
2889,128.4,156,176069
2890,23.6,28,176097
2891,147.2,180,176277
2892,165.6,200,176477
2893,164.8,200,176677
2894,163.2,200,176877
2895,62.6,75,176952
2896,19.4,23,176975
2897,165.2,200,177175
2898,163.2,200,177375
2899,164.0,200,177575
2900,164.0,200,177775
2901,37.8,45,177820
2902,165.2,200,178020
2903,76.0,92,178112
2904,164.4,200,178312
2905,164.8,200,178512
2906,162.8,200,178712
2907,164.0,200,178912
2908,164.4,200,179112
2909,123.6,150,179262
2910,162.8,200,179462
2911,164.0,200,179662
2912,165.2,200,179862
2913,162.8,200,180062
2914,146.6,179,180241
2915,165.6,200,180441
2916,164.4,200,180641
2917,9.4,11,180652
2918,162.8,200,180852
2919,157.2,190,181042
2920,165.2,200,181242
2921,163.6,200,181442
2922,163.6,200,181642
2923,164.4,200,181842
2924,1.0,1,181843
2925,98.0,116,181959
2926,45.6,56,182015
2927,149.0,179,182194
2928,163.6,200,182394
2929,164.0,200,182594
2930,128.8,156,182750
2931,163.6,200,182950
2932,164.0,200,183150
2933,132.6,161,183311
2934,165.6,200,183511
2935,165.2,200,183711
2936,164.0,200,183911
2937,164.8,200,184111
2938,162.8,200,184311
2939,164.8,200,184511
2940,161.2,200,184711
2941,162.8,200,184911
2942,164.0,200,185111
2943,162.4,200,185311
2944,162.4,200,185511
2945,12.2,15,185526
2946,162.4,200,185726
2947,163.2,200,185926
2948,162.8,200,186126
2949,19.0,23,186149
2950,20.6,23,186172
2951,15.4,17,186189
2952,163.6,200,186389
2953,163.2,200,186589
2954,1.0,1,186590
2955,163.6,200,186790
2956,7.4,9,186799
2957,164.4,200,186999
2958,162.8,200,187199
2959,162.0,200,187399
2960,164.0,200,187599
2961,163.6,200,187799
2962,164.0,200,187999
2963,163.2,200,188199
2964,163.6,200,188399
2965,162.4,200,188599
2966,163.6,200,188799
2967,164.0,200,188999
2968,8.0,10,189009
2969,164.0,200,189209
2970,1.0,1,189210
2971,148.2,181,189391
2972,162.4,200,189591
2973,162.4,200,189791
2974,162.4,200,189991
2975,163.6,200,190191
2976,163.6,200,190391
2977,131.2,160,190551
2978,165.2,200,190751
2979,164.4,200,190951
2980,163.6,200,191151
2981,162.8,200,191351
2982,164.0,200,191551
2983,164.4,200,191751
2984,164.4,200,191951
2985,163.2,200,192151
2986,163.2,200,192351
2987,165.2,200,192551
2988,165.2,200,192751
2989,165.2,200,192951
2990,164.8,200,193151
2991,139.4,167,193318
2992,164.0,200,193518
2993,165.2,200,193718
2994,166.0,200,193918
2995,58.6,69,193987
2996,165.6,200,194187
2997,164.8,200,194387
2998,163.6,200,194587
2999,164.4,200,194787
3000,165.6,200,194987
3001,164.0,200,195187
3002,51.8,61,195248
3003,164.8,200,195448
3004,164.0,200,195648
3005,164.4,200,195848
3006,164.0,200,196048
3007,28.4,34,196082
3008,101.0,123,196205
3009,164.8,200,196405
3010,164.0,200,196605
3011,77.8,93,196698
3012,162.8,200,196898
3013,144.0,174,197072
3014,163.6,200,197272
3015,165.2,200,197472
3016,163.6,200,197672
3017,35.6,42,197714
3018,164.4,200,197914
3019,164.4,200,198114
3020,164.8,200,198314
3021,165.2,200,198514
3022,163.6,200,198714
3023,164.4,200,198914
3024,85.4,103,199017
3025,164.0,200,199217
3026,164.0,200,199417
3027,163.6,200,199617
3028,116.8,142,199759
3029,163.6,200,199959
3030,163.6,200,200159
3031,161.6,200,200359
3032,163.6,200,200559
