Episode,Reward,Length,TotalSteps
0,4.144878,5,6
1,7.488135,8,14
2,3.773012,5,19
3,5.180652,6,25
4,2.555513,3,28
5,1.998173,2,30
6,10.513662,11,41
7,5.561289,6,47
8,3.937298,4,51
9,6.162497,7,58
10,4.160118,5,63
11,12.491083,13,76
12,2.55221,3,79
13,3.141725,4,83
14,7.147463,8,91
15,5.375164,7,98
16,1.185665,2,100
17,4.139377,5,105
18,10.493413,11,116
19,0.989057,1,117
20,3.537365,4,121
21,2.986763,3,124
22,0.998202,1,125
23,3.991487,4,129
24,3.178139,4,133
25,10.536862,11,144
26,2.147216,3,147
27,7.151797,8,155
28,4.558922,5,160
29,2.912335,3,163
30,5.14868,6,169
31,7.576835,10,179
32,7.900707,8,187
33,1.962971,2,189
34,4.555453,5,194
35,7.294073,9,203
36,4.592039,5,208
37,5.766233,7,215
38,6.961062,9,224
39,5.872719,8,232
40,19.178988,21,253
41,6.175296,7,260
42,4.354595,6,266
43,3.978623,4,270
44,4.913379,7,277
45,3.736593,5,282
46,2.589109,3,285
47,9.759846,11,296
48,7.13057,8,304
49,3.954704,4,308
50,6.744919,8,316
51,11.313573,15,331
52,7.564737,8,339
53,16.245185,19,358
54,2.894705,3,361
55,17.731924,20,381
56,7.776889,9,390
57,4.16998,5,395
58,5.545689,6,401
59,8.314968,10,411
60,3.179253,4,415
61,5.08831,6,421
62,1.932262,2,423
63,3.177763,4,427
64,1.166339,2,429
65,2.893038,3,432
66,8.748307,10,442
67,1.98709,2,444
68,5.785166,7,451
69,3.76501,5,456
70,12.708336,14,470
71,5.164149,6,476
72,6.528243,7,483
73,7.681436,9,492
74,2.175119,3,495
75,2.972306,3,498
76,5.943256,8,506
77,4.155955,5,511
78,7.320585,9,520
79,7.655572,9,529
80,16.256452,18,547
81,15.664686,17,564
82,1.978139,2,566
83,0.994554,1,567
84,3.580313,4,571
85,3.739636,5,576
86,4.657692,6,582
87,15.797134,18,600
88,2.727344,4,604
89,0.996662,1,605
90,6.709262,8,613
91,2.778056,4,617
92,3.115944,4,621
93,16.468841,21,642
94,3.926417,4,646
95,7.546354,8,654
96,15.862148,18,672
97,5.148419,6,678
98,6.767196,8,686
99,2.789597,4,690
100,7.721603,9,699
101,7.141675,8,707
102,2.733186,4,711
103,2.965634,3,714
104,4.922804,5,719
105,4.736178,6,725
106,4.548081,5,730
107,7.303528,9,739
108,13.192487,15,754
109,0.998419,1,755
110,4.97949,5,760
111,3.171675,4,764
112,2.575169,3,767
113,5.151537,6,773
114,0.592213,1,774
115,6.74746,8,782
116,5.151965,6,788
117,11.322501,13,801
118,3.786667,5,806
119,1.769844,3,809
120,7.141603,8,817
121,5.576996,6,823
122,8.116165,9,832
123,6.332889,8,840
124,5.575177,6,846
125,3.959385,4,850
126,7.562178,8,858
127,6.133774,7,865
128,2.593408,3,868
129,6.756892,8,876
130,5.517595,6,882
131,3.159496,4,886
132,4.110454,5,891
133,7.161758,8,899
134,7.112774,8,907
135,5.162864,6,913
136,4.765141,6,919
137,8.277489,10,929
138,6.521293,7,936
139,5.571885,6,942
140,11.724238,13,955
141,12.197359,14,969
142,3.978443,4,973
143,6.567637,7,980
144,5.154202,6,986
145,8.913902,11,997
146,4.525743,5,1002
147,13.014502,14,1016
148,6.140669,7,1023
149,5.352893,7,1030
150,7.760078,9,1039
151,4.119943,5,1044
152,4.533335,5,1049
153,11.337817,13,1062
154,0.979369,1,1063
155,7.673742,9,1072
156,5.553068,8,1080
157,0.999672,1,1081
158,8.099564,9,1090
159,12.868256,15,1105
160,1.588051,2,1107
161,4.36398,6,1113
162,10.837171,13,1126
163,9.921665,12,1138
164,4.14816,5,1143
165,6.939364,7,1150
166,4.66056,6,1156
167,14.092091,17,1173
168,3.56826,4,1177
169,6.659847,8,1185
170,7.718058,9,1194
171,3.172089,4,1198
172,2.584336,3,1201
173,0.995969,1,1202
174,7.740138,9,1211
175,2.573929,3,1214
176,4.580248,5,1219
177,9.907759,12,1231
178,1.560314,2,1233
179,4.952215,5,1238
180,2.189848,3,1241
181,5.307453,7,1248
182,4.158132,5,1253
183,12.863114,13,1266
184,12.660618,14,1280
185,2.497584,3,1283
186,7.142508,8,1291
187,2.566124,3,1294
188,3.75835,5,1299
189,3.737875,5,1304
190,11.74943,13,1317
191,5.113681,6,1323
192,3.543898,4,1327
193,3.992594,4,1331
194,8.108626,9,1340
195,2.93731,3,1343
196,5.900915,6,1349
197,4.562701,5,1354
198,2.942316,3,1357
199,7.135507,8,1365
200,7.727933,9,1374
201,5.959873,6,1380
202,1.989476,2,1382
203,6.155717,7,1389
204,14.013207,17,1406
205,9.510385,10,1416
206,5.932228,6,1422
207,3.19291,4,1426
208,0.584421,1,1427
209,5.473184,6,1433
210,0.99205,1,1434
211,12.508361,13,1447
212,2.988699,3,1450
213,3.962806,6,1456
214,4.551277,5,1461
215,8.305634,10,1471
216,1.575846,2,1473
217,2.568546,3,1476
218,4.586778,5,1481
219,5.570765,6,1487
220,2.758146,4,1491
221,0.992572,1,1492
222,6.349788,8,1500
223,5.696426,7,1507
224,7.75805,9,1516
225,3.746036,5,1521
226,5.558567,6,1527
227,6.895734,7,1534
228,1.578263,2,1536
229,4.485957,5,1541
230,5.708579,7,1548
231,5.131843,6,1554
232,8.18845,9,1563
233,7.129373,8,1571
234,3.177165,4,1575
235,2.159513,3,1578
236,6.773316,8,1586
237,9.743768,11,1597
238,1.52975,2,1599
239,3.518596,4,1603
240,4.147324,5,1608
241,1.569629,2,1610
242,8.679805,10,1620
243,4.917837,5,1625
244,11.416342,14,1639
245,3.975974,4,1643
246,9.504003,10,1653
247,4.163565,5,1658
248,3.187179,4,1662
249,3.568059,4,1666
250,6.570385,7,1673
251,4.567085,5,1678
252,8.278506,10,1688
253,13.38881,16,1704
254,4.548256,5,1709
255,4.558085,5,1714
256,12.625501,14,1728
257,7.738843,9,1737
258,6.919559,7,1744
259,6.770451,8,1752
260,2.53708,3,1755
261,3.116887,4,1759
262,2.184896,3,1762
263,12.288206,15,1777
264,1.577686,2,1779
265,16.993803,20,1799
266,10.939065,13,1812
267,4.547537,5,1817
268,4.745542,6,1823
269,13.667928,15,1838
270,9.315598,11,1849
271,4.155219,5,1854
272,7.070505,8,1862
273,4.947745,5,1867
274,5.574517,6,1873
275,10.932252,11,1884
276,4.325621,6,1890
277,13.852558,16,1906
278,2.762247,4,1910
279,5.350356,7,1917
280,10.717673,12,1929
281,9.750471,11,1940
282,3.549476,4,1944
283,6.371505,8,1952
284,2.164155,3,1955
285,3.132648,4,1959
286,4.691424,6,1965
287,5.557812,6,1971
288,6.174852,7,1978
289,1.593451,2,1980
290,1.981578,2,1982
291,2.991094,3,1985
292,5.5569,6,1991
293,2.581971,3,1994
294,8.772441,10,2004
295,5.956722,8,2012
296,2.495125,3,2015
297,4.742278,6,2021
298,8.742108,10,2031
299,3.566789,4,2035
300,5.538328,6,2041
301,5.740532,7,2048
302,9.084849,10,2058
303,3.582976,4,2062
304,5.176563,6,2068
305,9.226615,11,2079
306,12.846296,15,2094
307,2.173796,3,2097
308,3.746832,5,2102
309,16.857779,19,2121
310,6.941547,9,2130
311,17.392131,20,2150
312,3.524386,4,2154
313,8.14831,9,2163
314,3.90636,6,2169
315,7.560469,8,2177
316,10.608987,12,2189
317,3.980598,4,2193
318,2.585212,3,2196
319,8.990586,10,2206
320,12.303201,14,2220
321,6.513157,7,2227
322,9.137226,10,2237
323,5.129499,6,2243
324,2.085123,3,2246
325,7.488652,8,2254
326,6.547597,7,2261
327,3.981555,4,2265
328,7.156121,8,2273
329,5.7656,7,2280
330,5.141554,6,2286
331,4.473139,5,2291
332,5.481946,6,2297
333,6.288665,8,2305
334,11.17266,12,2317
335,7.702434,9,2326
336,6.550005,7,2333
337,3.507175,4,2337
338,4.498865,5,2342
339,5.553452,6,2348
340,5.116593,6,2354
341,3.558921,4,2358
342,6.754653,8,2366
343,6.622484,8,2374
344,6.898906,9,2383
345,4.706712,6,2389
346,7.572637,8,2397
347,6.492115,7,2404
348,7.110207,8,2412
349,3.980573,4,2416
350,3.581586,4,2420
351,2.549778,3,2423
352,21.213477,23,2446
353,4.769103,6,2452
354,4.739176,6,2458
355,13.924529,17,2475
356,0.585599,1,2476
357,7.143026,8,2484
358,2.510906,3,2487
359,5.532911,6,2493
360,12.447467,13,2506
361,2.189251,3,2509
362,5.56629,6,2515
363,2.177646,3,2518
364,7.109299,8,2526
365,8.677579,10,2536
366,12.480575,13,2549
367,6.759474,8,2557
368,0.999987,1,2558
369,6.157285,7,2565
370,16.811219,19,2584
371,7.49249,8,2592
372,7.551456,8,2600
373,5.475246,6,2606
374,4.592713,5,2611
375,16.40778,17,2628
376,2.994381,3,2631
377,8.738358,10,2641
378,4.536251,5,2646
379,6.124418,7,2653
380,0.598348,1,2654
381,10.128176,11,2665
382,1.193257,2,2667
383,8.7171,10,2677
384,10.234239,12,2689
385,8.117832,9,2698
386,6.514787,7,2705
387,2.144546,3,2708
388,3.478642,4,2712
389,3.943746,4,2716
390,5.931565,6,2722
391,3.553641,4,2726
392,2.912269,3,2729
393,17.616774,21,2750
394,1.964811,2,2752
395,5.325053,7,2759
396,1.996925,2,2761
397,5.124704,6,2767
398,2.59784,3,2770
399,2.791188,4,2774
400,9.135196,10,2784
401,8.548917,11,2795
402,11.022141,12,2807
403,14.879376,17,2824
404,11.773618,14,2838
405,9.564612,10,2848
406,4.975726,5,2853
407,6.347316,8,2861
408,3.781681,5,2866
409,2.780142,4,2870
410,2.91293,3,2873
411,9.334037,11,2884
412,29.492807,33,2917
413,17.194837,21,2938
414,3.922928,4,2942
415,2.555653,3,2945
416,2.582067,3,2948
417,6.838058,9,2957
418,7.324062,9,2966
419,14.896536,17,2983
420,3.359698,5,2988
421,2.964688,3,2991
422,25.508571,29,3020
423,4.564347,5,3025
424,6.577814,7,3032
425,11.484499,12,3044
426,5.143574,6,3050
427,5.486338,6,3056
428,3.943293,4,3060
429,7.158972,8,3068
430,4.490585,5,3073
431,2.944786,3,3076
432,4.134655,5,3081
433,5.140769,6,3087
434,4.929765,5,3092
435,2.502417,3,3095
436,2.978975,3,3098
437,4.587053,5,3103
438,1.560782,2,3105
439,5.559764,6,3111
440,10.638178,12,3123
441,2.168629,3,3126
442,2.570064,3,3129
443,14.362124,17,3146
444,4.714814,6,3152
445,3.788054,5,3157
446,10.08238,11,3168
447,6.10502,7,3175
448,5.949713,6,3181
449,4.584519,5,3186
450,8.931438,11,3197
451,7.714412,9,3206
452,6.765794,8,3214
453,4.58431,5,3219
454,12.478784,13,3232
455,8.567572,9,3241
456,18.102231,20,3261
457,5.191828,6,3267
458,5.1607,6,3273
459,11.15414,13,3286
460,12.842829,15,3301
461,12.299298,14,3315
462,3.559404,4,3319
463,10.5684,12,3331
464,7.942616,8,3339
465,8.259786,10,3349
466,6.890863,7,3356
467,2.562489,3,3359
468,3.194283,4,3363
469,5.691107,7,3370
470,4.681523,6,3376
471,6.169601,7,3383
472,0.594333,1,3384
473,10.73858,12,3396
474,8.700854,10,3406
475,5.961633,8,3414
476,3.7688,5,3419
477,2.495587,3,3422
478,8.256125,10,3432
479,3.583775,4,3436
480,3.15205,4,3440
481,12.444118,15,3455
482,13.253614,15,3470
483,5.584231,6,3476
484,7.675467,9,3485
485,4.505103,5,3490
486,17.133932,21,3511
487,11.282745,13,3524
488,3.583457,4,3528
489,4.53452,5,3533
490,0.999114,1,3534
491,25.754557,28,3562
492,3.575566,4,3566
493,6.079985,7,3573
494,3.134638,4,3577
495,4.188295,5,3582
496,7.385648,9,3591
497,12.430331,15,3606
498,1.586893,2,3608
499,3.936977,4,3612
500,3.739683,5,3617
501,5.949445,6,3623
502,6.56078,7,3630
503,4.058247,5,3635
504,11.613422,15,3650
505,6.931157,7,3657
506,5.169116,6,3663
507,1.53006,2,3665
508,6.557318,7,3672
509,1.905775,2,3674
510,2.978057,3,3677
511,8.55957,9,3686
512,0.972302,1,3687
513,0.973718,1,3688
514,3.14047,4,3692
515,3.990195,4,3696
516,7.735395,9,3705
517,4.195995,5,3710
518,9.987167,11,3721
519,9.674315,11,3732
520,8.123738,9,3741
521,4.77059,6,3747
522,8.748437,10,3757
523,11.47897,12,3769
524,4.910728,7,3776
525,6.953177,9,3785
526,7.167263,8,3793
527,8.061733,9,3802
528,5.080581,6,3808
529,4.574,5,3813
530,3.146937,4,3817
531,4.789402,6,3823
532,3.156197,4,3827
533,4.741566,6,3833
534,8.744992,10,3843
535,6.72527,8,3851
536,5.241414,7,3858
537,4.943751,7,3865
538,4.172133,5,3870
539,7.154486,8,3878
540,3.560579,4,3882
541,0.986531,1,3883
542,4.96261,5,3888
543,7.570402,8,3896
544,6.900353,9,3905
545,6.53963,7,3912
546,4.943928,5,3917
547,16.843104,19,3936
548,5.542056,6,3942
549,10.323257,12,3954
550,13.229671,15,3969
551,4.755132,6,3975
552,1.973703,2,3977
553,1.566726,2,3979
554,3.97646,4,3983
555,8.453959,9,3992
556,9.142816,10,4002
557,8.486255,9,4011
558,4.975752,5,4016
559,5.498274,6,4022
560,10.196119,12,4034
561,8.119732,9,4043
562,4.893733,5,4048
563,3.175392,4,4052
564,4.116543,5,4057
565,5.158506,6,4063
566,9.15465,10,4073
567,4.78227,6,4079
568,4.57477,5,4084
569,7.312442,9,4093
570,2.995799,3,4096
571,6.14966,7,4103
572,4.174582,5,4108
573,7.127003,8,4116
574,23.769121,26,4142
575,22.284327,24,4166
576,2.567025,3,4169
577,8.547039,9,4178
578,7.333266,9,4187
579,7.052178,8,4195
580,6.124746,7,4202
581,6.352027,8,4210
582,8.888283,11,4221
583,5.751528,7,4228
584,16.367545,19,4247
585,2.557978,3,4250
586,5.563453,6,4256
587,3.972028,4,4260
588,3.546425,4,4264
589,1.170517,2,4266
590,3.579541,4,4270
591,3.934793,4,4274
592,4.542113,5,4279
593,6.759541,8,4287
594,17.759886,20,4307
595,16.387613,17,4324
596,0.995586,1,4325
597,8.692334,10,4335
598,5.952673,6,4341
599,12.768092,15,4356
600,14.608757,16,4372
601,1.988529,2,4374
602,9.536643,10,4384
603,3.96201,4,4388
604,9.48038,12,4400
605,15.862276,18,4418
606,4.948986,5,4423
607,4.157949,5,4428
608,2.075294,3,4431
609,8.701111,10,4441
610,10.728726,12,4453
611,2.587183,3,4456
612,13.217181,15,4471
613,15.384131,18,4489
614,4.593182,5,4494
615,8.482726,9,4503
616,10.123489,11,4514
617,4.17108,5,4519
618,1.994048,2,4521
619,6.155001,7,4528
620,2.962186,3,4531
621,2.576519,3,4534
622,0.993744,1,4535
623,8.749042,10,4545
624,5.091178,6,4551
625,3.143684,4,4555
626,11.28052,13,4568
627,8.673383,10,4578
628,2.553819,3,4581
629,12.017429,15,4596
630,2.944992,3,4599
631,0.9863,1,4600
632,12.216824,14,4614
633,6.939729,7,4621
634,14.434421,17,4638
635,11.102692,12,4650
636,8.906456,9,4659
637,6.314525,8,4667
638,7.021808,8,4675
639,14.015019,15,4690
640,11.263881,13,4703
641,4.54382,5,4708
642,10.029305,11,4719
643,16.208238,18,4737
644,8.886818,9,4746
645,2.596819,3,4749
646,5.108441,6,4755
647,2.965194,3,4758
648,6.702539,8,4766
649,2.176583,3,4769
650,10.958473,13,4782
651,5.137589,6,4788
652,7.107017,8,4796
653,7.955546,8,4804
654,11.626821,13,4817
655,7.975345,9,4826
656,3.934091,4,4830
657,34.507266,41,4871
658,7.528082,8,4879
659,6.571169,7,4886
660,3.57011,4,4890
661,5.881723,6,4896
662,3.748647,5,4901
663,5.678693,7,4908
664,5.511501,6,4914
665,6.949367,7,4921
666,13.029262,14,4935
667,3.5723,4,4939
668,9.434703,10,4949
669,0.596533,1,4950
670,7.490461,8,4958
671,6.915354,7,4965
672,6.553101,7,4972
673,7.570898,8,4980
674,10.10365,11,4991
675,5.56064,6,4997
676,14.842827,17,5014
677,12.12413,13,5027
678,16.491328,19,5046
679,3.705571,5,5051
680,7.146392,8,5059
681,3.582533,4,5063
682,4.752617,6,5069
683,3.507136,4,5073
684,7.963883,8,5081
685,1.989359,2,5083
686,8.123443,9,5092
687,8.650987,10,5102
688,6.943938,7,5109
689,5.569706,6,5115
690,2.974799,3,5118
691,4.129528,5,5123
692,2.973381,3,5126
693,1.535981,2,5128
694,6.909468,7,5135
695,7.561998,8,5143
696,9.103116,10,5153
697,5.486799,6,5159
698,8.835816,11,5170
699,9.864947,10,5180
700,10.106631,11,5191
701,2.543432,3,5194
702,5.554016,6,5200
703,4.957079,5,5205
704,3.582142,4,5209
705,25.382446,29,5238
706,7.276273,9,5247
707,3.546583,4,5251
708,12.718119,14,5265
709,9.367006,11,5276
710,3.978002,4,5280
711,4.156552,5,5285
712,5.496814,6,5291
713,4.919035,5,5296
714,6.556719,7,5303
715,3.583691,4,5307
716,5.559162,6,5313
717,2.955646,3,5316
718,6.892126,9,5325
719,1.99824,2,5327
720,4.97525,5,5332
721,3.562434,4,5336
722,6.541298,7,5343
723,2.572944,3,5346
724,5.955084,6,5352
725,7.143333,8,5360
726,4.078273,5,5365
727,6.968419,7,5372
728,5.512421,6,5378
729,2.095465,3,5381
730,10.928597,13,5394
731,13.606758,15,5409
732,6.979846,7,5416
733,10.861819,13,5429
734,16.949129,20,5449
735,6.546005,7,5456
736,6.543122,7,5463
737,13.677184,15,5478
738,4.190169,5,5483
739,44.339622,52,5535
740,4.719673,6,5541
741,0.592054,1,5542
742,8.582242,9,5551
743,6.525612,7,5558
744,6.50169,7,5565
745,23.855212,26,5591
746,12.223323,14,5605
747,7.691203,9,5614
748,6.503094,9,5623
749,10.883724,13,5636
750,4.982407,5,5641
751,7.742658,9,5650
752,28.780185,32,5682
753,6.531516,7,5689
754,0.995469,1,5690
755,2.975098,3,5693
756,12.128009,13,5706
757,3.518213,4,5710
758,8.095693,9,5719
759,3.475694,4,5723
760,1.99267,2,5725
761,7.653471,9,5734
762,2.963141,3,5737
763,4.931798,5,5742
764,13.303519,15,5757
765,3.968362,4,5761
766,4.72749,6,5767
767,6.123133,7,5774
768,11.657704,13,5787
769,11.943577,14,5801
770,16.072501,19,5820
771,18.215896,20,5840
772,10.01182,11,5851
773,3.962681,4,5855
774,14.229175,16,5871
775,12.695272,14,5885
776,6.537142,7,5892
777,6.699463,8,5900
778,25.378684,30,5930
779,7.549009,8,5938
780,6.87077,9,5947
781,8.556911,9,5956
782,11.478147,12,5968
783,16.385872,19,5987
784,10.894474,11,5998
785,10.706588,12,6010
786,3.577893,4,6014
787,1.956996,2,6016
788,2.170867,3,6019
789,13.341539,16,6035
790,5.566185,6,6041
791,12.910823,13,6054
792,2.594059,3,6057
793,6.725461,8,6065
794,7.937296,8,6073
795,2.882641,3,6076
796,2.532399,3,6079
797,3.875622,4,6083
798,5.145367,6,6089
799,13.811478,16,6105
800,15.437473,18,6123
801,6.923587,7,6130
802,5.967158,8,6138
803,9.712436,11,6149
804,8.09138,9,6158
805,2.566327,3,6161
806,3.538055,4,6165
807,4.553101,5,6170
808,4.965171,5,6175
809,6.106411,7,6182
810,12.670249,16,6198
811,0.589917,1,6199
812,17.356042,20,6219
813,33.971542,40,6259
814,7.363018,9,6268
815,7.150287,8,6276
816,20.925359,24,6300
817,7.689871,9,6309
818,22.811725,25,6334
819,4.096392,5,6339
820,15.04463,16,6355
821,11.280299,13,6368
822,10.501115,11,6379
823,17.394423,20,6399
824,21.60101,25,6424
825,3.597604,4,6428
826,11.8829,14,6442
827,9.656563,11,6453
828,5.968342,6,6459
829,4.945435,5,6464
830,4.965159,5,6469
831,19.961546,23,6492
832,7.509265,8,6500
833,0.937474,1,6501
834,17.894363,21,6522
835,8.04489,9,6531
836,4.171726,5,6536
837,5.535301,6,6542
838,5.959913,6,6548
839,6.129956,7,6555
840,25.164756,29,6584
841,2.159801,3,6587
842,5.68873,7,6594
843,11.038624,14,6608
844,3.561321,4,6612
845,4.53858,5,6617
846,8.129492,10,6627
847,4.575147,5,6632
848,1.558413,2,6634
849,18.219606,20,6654
850,7.435119,8,6662
851,2.976438,3,6665
852,5.957187,6,6671
853,12.145009,15,6686
854,7.738894,9,6695
855,8.731211,10,6705
856,6.131361,7,6712
857,6.673947,8,6720
858,2.927286,3,6723
859,15.774142,18,6741
860,6.182892,7,6748
861,33.259422,38,6786
862,14.599346,18,6804
863,11.84141,14,6818
864,13.182021,15,6833
865,9.717564,11,6844
866,2.977287,3,6847
867,5.573167,6,6853
868,7.023404,8,6861
869,6.523238,7,6868
870,9.167257,11,6879
871,9.046436,10,6889
872,15.412446,18,6907
873,7.909844,10,6917
874,1.964753,2,6919
875,10.407757,11,6930
876,10.647802,12,6942
877,25.604195,30,6972
878,17.487612,22,6994
879,10.530069,12,7006
880,7.718185,9,7015
881,9.245715,11,7026
882,5.153063,6,7032
883,3.962816,4,7036
884,5.176422,6,7042
885,0.996701,1,7043
886,5.18217,6,7049
887,6.744241,8,7057
888,2.122328,3,7060
889,14.343525,16,7076
890,2.585296,3,7079
891,3.99116,4,7083
892,5.929315,6,7089
893,21.507395,22,7111
894,11.058043,14,7125
895,0.993666,1,7126
896,5.532798,6,7132
897,3.742954,5,7137
898,2.174544,3,7140
899,4.696655,6,7146
900,0.59836,1,7147
901,4.630361,6,7153
902,4.519467,5,7158
903,4.94164,5,7163
904,4.172483,5,7168
905,2.195043,3,7171
906,6.113449,7,7178
907,12.056325,15,7193
908,10.283642,12,7205
909,3.52956,4,7209
910,10.916837,13,7222
911,13.635241,17,7239
912,4.926914,5,7244
913,8.473225,9,7253
914,5.15274,6,7259
915,11.648207,13,7272
916,3.967673,4,7276
917,10.320141,12,7288
918,8.144731,9,7297
919,9.300213,11,7308
920,2.921008,3,7311
921,5.979896,6,7317
922,9.847739,12,7329
923,3.136183,4,7333
924,11.035043,12,7345
925,8.120608,9,7354
926,10.299866,13,7367
927,8.187199,9,7376
928,2.971546,3,7379
929,10.068156,11,7390
930,5.660732,7,7397
931,8.12138,9,7406
932,3.831125,4,7410
933,1.994873,2,7412
934,6.679931,8,7420
935,5.748414,7,7427
936,6.04159,7,7434
937,2.49818,3,7437
938,0.999278,1,7438
939,17.653693,19,7457
940,7.7216,9,7466
941,5.565758,6,7472
942,15.923942,17,7489
943,5.714065,7,7496
944,7.143865,8,7504
945,14.097476,15,7519
946,13.140323,14,7533
947,7.305632,9,7542
948,9.15096,10,7552
949,9.957526,10,7562
950,15.690715,19,7581
951,12.643337,14,7595
952,9.939253,12,7607
953,15.662141,17,7624
954,14.673348,16,7640
955,9.676393,11,7651
956,7.92816,8,7659
957,21.317017,24,7683
958,8.525116,9,7692
959,15.41748,18,7710
960,4.558945,5,7715
961,9.757895,11,7726
962,17.17706,21,7747
963,4.541946,5,7752
964,3.506216,4,7756
965,7.706852,9,7765
966,2.131171,3,7768
967,10.321766,12,7780
968,3.936308,4,7784
969,9.510598,10,7794
970,7.709148,9,7803
971,6.162721,7,7810
972,6.953607,7,7817
973,5.280415,7,7824
974,18.646232,20,7844
975,6.518482,7,7851
976,3.58287,4,7855
977,1.974689,2,7857
978,0.999905,1,7858
979,4.581352,5,7863
980,0.999998,1,7864
981,19.496661,22,7886
982,11.095496,12,7898
983,8.131693,9,7907
984,5.140509,6,7913
985,3.917643,4,7917
986,9.691071,11,7928
987,12.653636,14,7942
988,6.106552,7,7949
989,28.249933,32,7981
990,21.255908,23,8004
991,0.990428,1,8005
992,10.48044,11,8016
993,12.459774,13,8029
994,4.536444,5,8034
995,6.953757,7,8041
996,5.54657,6,8047
997,5.55208,6,8053
998,6.966012,7,8060
999,8.654417,10,8070
1000,4.950177,5,8075
1001,4.556194,5,8080
1002,14.481907,17,8097
1003,2.507255,3,8100
1004,3.553461,4,8104
1005,2.18293,3,8107
1006,7.104235,8,8115
1007,8.54251,9,8124
1008,5.751636,7,8131
1009,9.713839,11,8142
1010,16.727253,19,8161
1011,17.107905,19,8180
1012,17.634191,19,8199
1013,10.503979,11,8210
1014,18.166568,20,8230
1015,3.958027,4,8234
1016,7.720695,9,8243
1017,36.091483,42,8285
1018,10.722213,12,8297
1019,1.561524,2,8299
1020,7.480833,8,8307
1021,3.483878,4,8311
1022,1.976691,2,8313
1023,37.100309,44,8357
1024,8.160233,9,8366
1025,10.493376,11,8377
1026,8.114726,9,8386
1027,9.971278,11,8397
1028,6.921994,7,8404
1029,7.958721,8,8412
1030,9.957908,10,8422
1031,4.761753,6,8428
1032,7.735309,9,8437
1033,8.150826,9,8446
1034,10.732117,14,8460
1035,3.909386,4,8464
1036,16.698385,19,8483
1037,20.388964,23,8506
1038,7.848463,10,8516
1039,25.930684,29,8545
1040,1.586808,2,8547
1041,13.654671,15,8562
1042,23.970105,27,8589
1043,5.952985,6,8595
1044,8.556989,11,8606
1045,3.139958,4,8610
1046,0.991274,1,8611
1047,4.961335,5,8616
1048,4.947449,5,8621
1049,7.920577,8,8629
1050,37.166955,45,8674
1051,5.534392,6,8680
1052,9.12131,10,8690
1053,6.972155,9,8699
1054,0.975655,1,8700
1055,2.973999,3,8703
1056,7.127834,8,8711
1057,9.738892,11,8722
1058,35.228394,40,8762
1059,11.432052,12,8774
1060,8.132315,9,8783
1061,14.191297,16,8799
1062,16.969535,18,8817
1063,10.921219,13,8830
1064,9.391623,10,8840
1065,9.13189,10,8850
1066,6.182729,7,8857
1067,3.554089,4,8861
1068,16.831303,19,8880
1069,6.728418,8,8888
1070,6.192025,7,8895
1071,16.139298,18,8913
1072,4.94315,5,8918
1073,15.009048,16,8934
1074,10.440906,11,8945
1075,7.325764,9,8954
1076,0.570722,1,8955
1077,6.553611,7,8962
1078,4.17559,5,8967
1079,9.646638,11,8978
1080,5.112759,6,8984
1081,9.719269,11,8995
1082,13.650098,15,9010
1083,3.931168,4,9014
1084,7.750575,9,9023
1085,2.19669,3,9026
1086,5.556692,6,9032
1087,1.789845,3,9035
1088,22.74829,27,9062
1089,6.575299,7,9069
1090,5.071969,6,9075
1091,15.478309,18,9093
1092,4.942749,5,9098
1093,3.91827,4,9102
1094,16.186274,20,9122
1095,3.954002,4,9126
1096,8.67167,10,9136
1097,3.56082,4,9140
1098,9.021857,10,9150
1099,1.455331,2,9152
1100,4.581243,5,9157
1101,4.167165,5,9162
1102,8.483789,9,9171
1103,14.208256,16,9187
1104,7.739688,9,9196
1105,2.98,3,9199
1106,29.503233,33,9232
1107,12.69709,14,9246
1108,6.755181,8,9254
1109,11.044995,12,9266
1110,5.543219,6,9272
1111,25.759727,28,9300
1112,9.713644,11,9311
1113,15.280436,17,9328
1114,6.751926,8,9336
1115,5.943614,6,9342
1116,18.428528,21,9363
1117,8.143638,9,9372
1118,18.116531,22,9394
1119,17.107482,21,9415
1120,10.451094,11,9426
1121,9.638679,11,9437
1122,8.905664,11,9448
1123,6.175598,7,9455
1124,6.500337,7,9462
1125,1.943057,2,9464
1126,14.74835,17,9481
1127,10.710064,12,9493
1128,2.559594,3,9496
1129,4.097021,5,9501
1130,6.116037,7,9508
1131,3.594378,4,9512
1132,4.585686,5,9517
1133,4.972192,5,9522
1134,4.160098,5,9527
1135,10.697688,12,9539
1136,12.083388,13,9552
1137,11.53901,13,9565
1138,6.094749,7,9572
1139,3.514799,4,9576
1140,2.180516,3,9579
1141,5.516831,6,9585
1142,2.89507,3,9588
1143,7.284944,9,9597
1144,9.91441,12,9609
1145,4.098827,5,9614
1146,4.564009,5,9619
1147,7.535076,8,9627
1148,15.07552,18,9645
1149,8.284272,10,9655
1150,45.125469,54,9709
1151,7.549236,8,9717
1152,3.591745,4,9721
1153,13.000925,14,9735
1154,4.96384,5,9740
1155,6.510661,7,9747
1156,5.560755,6,9753
1157,12.468339,15,9768
1158,14.787117,17,9785
1159,11.286184,13,9798
1160,13.139093,17,9815
1161,9.159257,10,9825
1162,4.573591,5,9830
1163,4.9595,5,9835
1164,5.582668,6,9841
1165,10.300345,12,9853
1166,7.141559,8,9861
1167,3.551072,4,9865
1168,5.893768,6,9871
1169,13.118756,14,9885
1170,14.496867,18,9903
1171,14.05129,15,9918
1172,11.039913,12,9930
1173,16.725714,20,9950
1174,1.986104,2,9952
1175,9.285772,11,9963
1176,4.163905,5,9968
1177,20.62164,24,9992
1178,8.939258,9,10001
1179,3.168289,4,10005
1180,3.597688,4,10009
1181,6.558135,7,10016
1182,0.997852,1,10017
1183,6.578396,7,10024
1184,5.105848,6,10030
1185,5.950409,6,10036
1186,3.58095,4,10040
1187,24.753208,29,10069
1188,5.528554,6,10075
1189,0.996024,1,10076
1190,5.562117,6,10082
1191,27.684986,32,10114
1192,18.792937,21,10135
1193,13.663082,15,10150
1194,10.486023,11,10161
1195,11.713923,13,10174
1196,8.03768,9,10183
1197,15.572619,17,10200
1198,9.122061,10,10210
1199,30.015653,33,10243
1200,5.126057,6,10249
1201,11.280209,13,10262
1202,10.146921,11,10273
1203,22.609187,26,10299
1204,13.824132,16,10315
1205,6.150617,7,10322
1206,12.397086,15,10337
1207,2.552385,3,10340
1208,4.526039,5,10345
1209,8.149149,9,10354
1210,11.429849,14,10368
1211,13.824838,16,10384
1212,20.320552,25,10409
1213,9.909388,12,10421
1214,6.167023,7,10428
1215,6.151835,7,10435
1216,15.665538,17,10452
1217,3.512382,4,10456
1218,9.432045,10,10466
1219,4.51768,5,10471
1220,4.085925,5,10476
1221,6.700138,8,10484
1222,5.968711,6,10490
1223,3.93943,4,10494
1224,9.727375,11,10505
1225,10.275567,12,10517
1226,12.67722,16,10533
1227,5.945358,6,10539
1228,5.545505,6,10545
1229,10.705093,13,10558
1230,12.887442,15,10573
1231,3.969109,4,10577
1232,10.521977,11,10588
1233,15.319323,17,10605
1234,6.855723,7,10612
1235,18.268584,20,10632
1236,10.379698,13,10645
1237,3.571525,4,10649
1238,8.317679,10,10659
1239,9.127318,10,10669
1240,20.473483,23,10692
1241,13.226274,15,10707
1242,10.854435,13,10720
1243,27.315315,30,10750
1244,16.63891,20,10770
1245,8.29894,10,10780
1246,10.95386,12,10792
1247,29.292615,34,10826
1248,0.99996,1,10827
1249,10.529029,11,10838
1250,4.341042,6,10844
1251,11.246319,13,10857
1252,17.420445,20,10877
1253,6.550961,7,10884
1254,8.109771,9,10893
1255,12.323057,14,10907
1256,12.774509,14,10921
1257,17.402891,20,10941
1258,3.876398,6,10947
1259,4.970131,5,10952
1260,4.155487,5,10957
1261,36.767955,44,11001
1262,7.549237,8,11009
1263,9.286281,11,11020
1264,7.132753,8,11028
1265,9.277656,11,11039
1266,48.536171,55,11094
1267,7.143356,8,11102
1268,3.191086,4,11106
1269,4.558384,5,11111
1270,3.564462,4,11115
1271,3.530832,4,11119
1272,4.981372,5,11124
1273,6.924636,7,11131
1274,3.518063,4,11135
1275,13.329206,15,11150
1276,9.95001,11,11161
1277,5.493922,6,11167
1278,21.037836,24,11191
1279,4.950347,5,11196
1280,25.843564,31,11227
1281,6.943572,7,11234
1282,1.568019,2,11236
1283,9.759166,11,11247
1284,7.938594,8,11255
1285,15.314822,17,11272
1286,3.594696,4,11276
1287,4.919791,5,11281
1288,8.480057,9,11290
1289,10.857762,13,11303
1290,15.897085,18,11321
1291,6.727425,8,11329
1292,4.980613,5,11334
1293,11.761311,13,11347
1294,6.933533,9,11356
1295,4.566125,5,11361
1296,6.162733,7,11368
1297,9.516579,12,11380
1298,6.91462,7,11387
1299,23.036869,26,11413
1300,11.118898,12,11425
1301,12.444848,13,11438
1302,7.336452,9,11447
1303,7.742095,9,11456
1304,10.152039,11,11467
1305,2.188544,3,11470
1306,6.55846,7,11477
1307,11.543909,12,11489
1308,4.942345,5,11494
1309,4.963641,5,11499
1310,8.355754,10,11509
1311,22.033692,27,11536
1312,9.208916,11,11547
1313,14.264611,15,11562
1314,26.054247,29,11591
1315,4.970063,5,11596
1316,4.590705,5,11601
1317,32.546567,39,11640
1318,13.502513,16,11656
1319,9.537249,10,11666
1320,17.960879,21,11687
1321,18.054809,22,11709
1322,7.74736,9,11718
1323,2.570799,3,11721
1324,5.515474,6,11727
1325,8.685049,10,11737
1326,14.457662,17,11754
1327,7.075843,8,11762
1328,20.353297,23,11785
1329,6.931038,7,11792
1330,4.757805,6,11798
1331,4.50384,5,11803
1332,12.609871,14,11817
1333,7.156517,8,11825
1334,5.16166,6,11831
1335,16.125691,17,11848
1336,22.688923,27,11875
1337,19.867689,22,11897
1338,31.967706,37,11934
1339,8.121497,9,11943
1340,5.584118,6,11949
1341,35.376605,43,11992
1342,26.439279,29,12021
1343,5.949181,6,12027
1344,13.381698,16,12043
1345,5.555311,6,12049
1346,19.983006,23,12072
1347,12.441246,15,12087
1348,2.997618,3,12090
1349,0.594173,1,12091
1350,10.691317,12,12103
1351,6.528264,7,12110
1352,11.298726,13,12123
1353,9.221463,11,12134
1354,6.668142,8,12142
1355,4.538509,5,12147
1356,9.726865,11,12158
1357,26.205094,30,12188
1358,2.560511,3,12191
1359,5.164297,6,12197
1360,15.798703,18,12215
1361,7.533609,8,12223
1362,18.534057,22,12245
1363,3.572337,4,12249
1364,11.945302,13,12262
1365,5.93409,6,12268
1366,12.46354,15,12283
1367,5.569037,6,12289
1368,15.857092,18,12307
1369,4.976468,5,12312
1370,13.240651,15,12327
1371,4.741044,6,12333
1372,4.719842,6,12339
1373,5.547229,6,12345
1374,19.63018,21,12366
1375,12.507978,15,12381
1376,2.97901,3,12384
1377,20.923696,24,12408
1378,14.503999,17,12425
1379,1.598849,2,12427
1380,2.577597,3,12430
1381,15.261051,17,12447
1382,5.047397,6,12453
1383,15.616492,19,12472
1384,6.137138,7,12479
1385,4.498527,5,12484
1386,8.098171,9,12493
1387,8.731054,10,12503
1388,4.953051,5,12508
1389,9.634958,11,12519
1390,7.532853,8,12527
1391,25.188119,31,12558
1392,0.999877,1,12559
1393,9.301505,11,12570
1394,7.135572,8,12578
1395,10.127744,11,12589
1396,15.253526,17,12606
1397,0.596061,1,12607
1398,11.209448,13,12620
1399,4.13247,5,12625
1400,1.568982,2,12627
1401,12.060835,13,12640
1402,4.888665,5,12645
1403,4.171496,5,12650
1404,6.131162,7,12657
1405,10.724057,12,12669
1406,5.184164,6,12675
1407,1.96219,2,12677
1408,14.840136,17,12694
1409,9.065121,10,12704
1410,16.270154,19,12723
1411,7.554184,8,12731
1412,7.100101,8,12739
1413,30.714101,35,12774
1414,30.1316,36,12810
1415,7.721176,9,12819
1416,20.429418,25,12844
1417,50.896593,60,12904
1418,9.532267,12,12916
1419,9.917004,12,12928
1420,0.999964,1,12929
1421,29.048298,33,12962
1422,7.746148,9,12971
1423,7.541335,8,12979
1424,8.118091,9,12988
1425,17.84789,20,13008
1426,0.998149,1,13009
1427,3.969189,4,13013
1428,31.459036,37,13050
1429,16.369289,19,13069
1430,33.402271,39,13108
1431,2.937689,3,13111
1432,1.978968,2,13113
1433,9.353144,11,13124
1434,5.4108,6,13130
1435,8.109972,9,13139
1436,4.962664,5,13144
1437,8.720423,10,13154
1438,5.156968,6,13160
1439,10.516473,11,13171
1440,7.05911,8,13179
1441,16.449822,19,13198
1442,25.979338,29,13227
1443,19.226516,24,13251
1444,12.992331,16,13267
1445,5.770381,7,13274
1446,14.845625,17,13291
1447,14.667666,16,13307
1448,8.541027,9,13316
1449,19.039032,22,13338
1450,16.963043,20,13358
1451,2.984538,3,13361
1452,0.578494,1,13362
1453,13.713736,16,13378
1454,2.58058,3,13381
1455,5.164027,6,13387
1456,33.439593,37,13424
1457,6.708514,8,13432
1458,5.510837,6,13438
1459,30.846444,36,13474
1460,62.226041,74,13548
1461,13.191618,15,13563
1462,7.172774,8,13571
1463,10.280791,12,13583
1464,15.641874,17,13600
1465,44.158191,53,13653
1466,12.836186,15,13668
1467,16.050211,17,13685
1468,4.385153,6,13691
1469,11.542518,14,13705
1470,8.923572,9,13714
1471,3.948137,4,13718
1472,32.343491,38,13756
1473,9.307383,11,13767
1474,22.655427,27,13794
1475,4.546088,5,13799
1476,27.746887,32,13831
1477,8.105019,9,13840
1478,10.115645,11,13851
1479,14.622864,16,13867
1480,4.336864,6,13873
1481,22.22967,26,13899
1482,17.440877,20,13919
1483,6.939091,7,13926
1484,15.828016,20,13946
1485,10.49511,13,13959
1486,11.544793,12,13971
1487,28.136431,34,14005
1488,4.93518,5,14010
1489,30.569079,36,14046
1490,22.648055,26,14072
1491,3.558427,4,14076
1492,15.424663,18,14094
1493,7.523331,8,14102
1494,7.149532,8,14110
1495,12.079849,13,14123
1496,8.966039,10,14133
1497,11.289586,13,14146
1498,6.568893,7,14153
1499,15.84871,18,14171
1500,5.164195,6,14177
1501,18.162416,22,14199
1502,8.133395,9,14208
1503,13.301364,15,14223
1504,32.766723,38,14261
1505,23.141791,27,14288
1506,15.497408,18,14306
1507,9.56799,10,14316
1508,3.997073,4,14320
1509,12.491351,15,14335
1510,19.135253,23,14358
1511,10.677248,12,14370
1512,15.893691,18,14388
1513,8.893385,11,14399
1514,5.950229,8,14407
1515,14.845507,20,14427
1516,3.968512,4,14431
1517,0.982399,1,14432
1518,8.27498,10,14442
1519,15.059911,16,14458
1520,10.178564,12,14470
1521,60.299434,71,14541
1522,4.141056,5,14546
1523,38.412363,44,14590
1524,6.550584,7,14597
1525,8.635636,10,14607
1526,27.986349,32,14639
1527,10.53638,11,14650
1528,9.759552,11,14661
1529,18.536065,22,14683
1530,14.247959,16,14699
1531,5.971975,6,14705
1532,7.10796,8,14713
1533,6.578129,7,14720
1534,5.63611,7,14727
1535,6.58415,7,14734
1536,9.73579,11,14745
1537,5.114336,6,14751
1538,26.788088,31,14782
1539,20.799569,25,14807
1540,13.669532,15,14822
1541,10.511802,13,14835
1542,1.999898,2,14837
1543,13.690366,16,14853
1544,21.652592,25,14878
1545,10.160946,11,14889
1546,15.50918,18,14907
1547,8.965158,9,14916
1548,5.168237,6,14922
1549,22.637993,26,14948
1550,4.569975,5,14953
1551,0.998476,1,14954
1552,5.077063,6,14960
1553,17.626158,21,14981
1554,18.81438,21,15002
1555,17.376657,20,15022
1556,6.046043,7,15029
1557,7.760648,9,15038
1558,12.078309,13,15051
1559,30.067668,33,15084
1560,3.485193,4,15088
1561,4.140264,5,15093
1562,7.523464,8,15101
1563,8.121825,9,15110
1564,20.370796,23,15133
1565,5.538209,6,15139
1566,8.081171,9,15148
1567,3.145391,4,15152
1568,6.758324,8,15160
1569,9.146729,10,15170
1570,7.127767,8,15178
1571,10.12603,11,15189
1572,13.666436,17,15206
1573,14.062383,15,15221
1574,34.752663,40,15261
1575,9.289782,11,15272
1576,11.682512,13,15285
1577,10.498665,13,15298
1578,4.963946,5,15303
1579,9.906125,12,15315
1580,23.511351,29,15344
1581,3.583184,4,15348
1582,39.841733,49,15397
1583,22.063439,25,15422
1584,1.990492,2,15424
1585,16.271739,18,15442
1586,6.55434,7,15449
1587,6.568492,7,15456
1588,2.970672,3,15459
1589,7.034386,8,15467
1590,6.67424,8,15475
1591,0.982678,1,15476
1592,10.867714,13,15489
1593,10.138569,11,15500
1594,4.850578,5,15505
1595,3.581465,4,15509
1596,8.681255,10,15519
1597,18.30222,21,15540
1598,6.697353,8,15548
1599,7.531487,8,15556
1600,9.144079,10,15566
1601,0.587272,1,15567
1602,11.462103,12,15579
1603,7.686962,11,15590
1604,22.435274,27,15617
1605,13.921903,16,15633
1606,9.362816,11,15644
1607,4.950598,5,15649
1608,28.892918,34,15683
1609,4.516759,5,15688
1610,12.418856,17,15705
1611,25.885035,30,15735
1612,11.120779,12,15747
1613,19.995306,23,15770
1614,8.711741,10,15780
1615,4.439233,5,15785
1616,9.228424,11,15796
1617,3.522697,4,15800
1618,4.522206,5,15805
1619,11.20569,13,15818
1620,11.914507,14,15832
1621,18.693652,22,15854
1622,7.738588,9,15863
1623,3.980124,4,15867
1624,11.210443,13,15880
1625,8.136665,9,15889
1626,6.02773,7,15896
1627,8.122832,9,15905
1628,20.590987,24,15929
1629,7.110738,8,15937
1630,5.931557,6,15943
1631,5.100321,6,15949
1632,24.032544,28,15977
1633,13.653673,15,15992
1634,3.983776,4,15996
1635,12.396444,15,16011
1636,8.436353,9,16020
1637,17.674329,19,16039
1638,19.451783,24,16063
1639,13.805269,16,16079
1640,7.165936,8,16087
1641,18.590419,22,16109
1642,12.20425,14,16123
1643,6.133686,7,16130
1644,7.139333,8,16138
1645,43.559766,54,16192
1646,0.91,1,16193
1647,5.354322,7,16200
1648,9.95896,11,16211
1649,11.71011,14,16225
1650,11.039136,12,16237
1651,4.54022,5,16242
1652,9.520938,10,16252
1653,4.960547,5,16257
1654,14.970387,18,16275
1655,5.530594,6,16281
1656,9.849137,12,16293
1657,19.428989,22,16315
1658,11.705385,13,16328
1659,26.145313,32,16360
1660,24.507177,28,16388
1661,15.941369,18,16406
1662,20.255986,24,16430
1663,7.91098,8,16438
1664,13.747316,15,16453
1665,40.680735,49,16502
1666,14.348665,17,16519
1667,7.906171,10,16529
1668,26.590274,30,16559
1669,11.719107,15,16574
1670,17.318895,19,16593
1671,4.552291,5,16598
1672,12.064041,15,16613
1673,21.77219,26,16639
1674,4.127935,5,16644
1675,46.974607,55,16699
1676,0.59143,1,16700
1677,31.751539,41,16741
1678,7.169536,8,16749
1679,8.900803,11,16760
1680,36.414957,44,16804
1681,40.568387,47,16851
1682,11.756747,13,16864
1683,12.483755,13,16877
1684,8.056547,9,16886
1685,22.231712,26,16912
1686,5.082667,6,16918
1687,43.561352,53,16971
1688,62.922723,76,17047
1689,6.182197,7,17054
1690,17.154502,19,17073
1691,7.129371,8,17081
1692,17.012254,20,17101
1693,10.90308,13,17114
1694,11.244892,13,17127
1695,49.601028,59,17186
1696,21.383332,25,17211
1697,4.565442,5,17216
1698,3.574778,4,17220
1699,2.551293,3,17223
1700,11.691552,15,17238
1701,4.926126,7,17245
1702,26.353213,31,17276
1703,31.192878,37,17313
1704,40.617497,47,17360
1705,16.036138,19,17379
1706,9.724744,11,17390
1707,18.045722,21,17411
1708,12.855544,15,17426
1709,0.991143,1,17427
1710,27.624317,32,17459
1711,4.574592,5,17464
1712,4.730105,6,17470
1713,7.907744,8,17478
1714,6.557629,7,17485
1715,9.860965,12,17497
1716,18.611,22,17519
1717,5.539734,7,17526
1718,9.141985,10,17536
1719,20.718017,25,17561
1720,5.126434,6,17567
1721,54.668845,64,17631
1722,45.215537,52,17683
1723,27.278087,33,17716
1724,34.960805,40,17756
1725,7.168868,8,17764
1726,0.97929,1,17765
1727,10.912648,13,17778
1728,6.012396,7,17785
1729,15.803748,18,17803
1730,0.996361,1,17804
1731,39.551501,46,17850
1732,21.536677,25,17875
1733,8.126482,9,17884
1734,9.709717,11,17895
1735,11.86116,14,17909
1736,4.514282,5,17914
1737,4.549171,5,17919
1738,4.492944,5,17924
1739,13.398302,16,17940
1740,19.951602,23,17963
1741,33.614952,40,18003
1742,12.691243,14,18017
1743,7.522103,8,18025
1744,0.994032,1,18026
1745,22.681519,27,18053
1746,6.139077,7,18060
1747,50.239394,59,18119
1748,0.994012,1,18120
1749,8.081287,9,18129
1750,7.345336,9,18138
1751,8.056465,9,18147
1752,6.737623,8,18155
1753,17.314235,20,18175
1754,29.243822,34,18209
1755,38.348346,47,18256
1756,33.05275,39,18295
1757,19.877846,22,18317
1758,9.098855,10,18327
1759,7.131434,8,18335
1760,0.99922,1,18336
1761,19.010493,22,18358
1762,15.795661,19,18377
1763,9.525909,10,18387
1764,6.159077,7,18394
1765,15.921135,19,18413
1766,22.075386,26,18439
1767,14.232884,16,18455
1768,21.173546,25,18480
1769,24.583069,29,18509
1770,7.365404,9,18518
1771,23.151182,27,18545
1772,26.087071,30,18575
1773,2.581423,3,18578
1774,34.17949,43,18621
1775,0.9755,1,18622
1776,18.891274,22,18644
1777,29.41027,36,18680
1778,4.584877,5,18685
1779,15.345976,18,18703
1780,7.726599,9,18712
1781,15.862239,18,18730
1782,38.116124,44,18774
1783,14.88079,17,18791
1784,5.983994,6,18797
1785,4.140517,5,18802
1786,28.921425,34,18836
1787,6.694577,8,18844
1788,6.489996,7,18851
1789,2.968981,3,18854
1790,13.211731,17,18871
1791,12.100819,16,18887
1792,21.85631,26,18913
1793,5.540014,6,18919
1794,8.760568,10,18929
1795,3.314547,5,18934
1796,21.768369,26,18960
1797,34.470745,42,19002
1798,25.541686,31,19033
1799,11.341143,13,19046
1800,3.981669,4,19050
1801,22.392032,27,19077
1802,43.692358,54,19131
1803,22.572499,28,19159
1804,13.27983,15,19174
1805,10.424226,13,19187
1806,22.491327,28,19215
1807,33.766969,41,19256
1808,19.988188,25,19281
1809,16.771012,21,19302
1810,8.566753,9,19311
1811,7.381318,9,19320
1812,4.716074,6,19326
1813,5.544582,6,19332
1814,11.82592,16,19348
1815,55.462187,67,19415
1816,33.263887,38,19453
1817,7.958214,8,19461
1818,30.375986,37,19498
1819,5.192792,6,19504
1820,15.067324,16,19520
1821,27.407753,32,19552
1822,5.920615,6,19558
1823,20.074427,23,19581
1824,42.422693,52,19633
1825,38.37686,48,19681
1826,4.574569,5,19686
1827,45.52116,56,19742
1828,10.68864,12,19754
1829,4.566445,5,19759
1830,4.057189,5,19764
1831,0.99987,1,19765
1832,4.112255,5,19770
1833,22.492108,27,19797
1834,6.552567,7,19804
1835,20.607674,24,19828
1836,31.772326,38,19866
1837,14.611982,18,19884
1838,38.787244,46,19930
1839,5.583916,6,19936
1840,2.992123,3,19939
1841,13.095287,16,19955
1842,15.998861,19,19974
1843,19.190085,23,19997
1844,11.286399,14,20011
1845,48.244755,57,20068
1846,20.762976,23,20091
1847,4.180754,5,20096
1848,37.247443,46,20142
1849,6.753121,8,20150
1850,23.187679,27,20177
1851,29.36851,36,20213
1852,60.454461,75,20288
1853,5.544423,6,20294
1854,16.401092,19,20313
1855,8.307447,10,20323
1856,13.485965,16,20339
1857,11.473461,14,20353
1858,6.908299,9,20362
1859,13.45487,16,20378
1860,14.587812,18,20396
1861,8.082977,9,20405
1862,11.701806,15,20420
1863,14.692056,18,20438
1864,13.258537,15,20453
1865,20.403061,23,20476
1866,7.524603,8,20484
1867,20.368096,25,20509
1868,17.60863,21,20530
1869,24.425962,29,20559
1870,10.279977,12,20571
1871,4.462842,5,20576
1872,0.951124,1,20577
1873,15.645791,17,20594
1874,24.442261,29,20623
1875,7.913964,9,20632
1876,9.317084,11,20643
1877,7.288798,9,20652
1878,24.099026,30,20682
1879,32.001947,38,20720
1880,13.479487,17,20737
1881,20.328153,25,20762
1882,23.907654,29,20791
1883,32.451521,40,20831
1884,28.928987,36,20867
1885,13.254147,17,20884
1886,3.777137,5,20889
1887,18.168055,22,20911
1888,11.8365,14,20925
1889,14.87916,17,20942
1890,7.722921,9,20951
1891,16.672506,20,20971
1892,20.970481,26,20997
1893,31.569001,38,21035
1894,16.909555,20,21055
1895,7.704277,9,21064
1896,7.180097,8,21072
1897,7.52656,8,21080
1898,44.01595,54,21134
1899,10.741482,12,21146
1900,16.644867,20,21166
1901,9.749728,11,21177
1902,12.234749,14,21191
1903,16.921004,20,21211
1904,23.164353,27,21238
1905,3.524364,4,21242
1906,17.824836,22,21264
1907,17.324764,21,21285
1908,24.722385,31,21316
1909,24.189157,28,21344
1910,28.008219,35,21379
1911,19.859569,24,21403
1912,7.699878,9,21412
1913,3.126532,4,21416
1914,10.302657,14,21430
1915,28.487604,34,21464
1916,16.807713,19,21483
1917,25.47006,28,21511
1918,17.817939,22,21533
1919,0.97269,1,21534
1920,18.811323,23,21557
1921,13.083327,16,21573
1922,17.463114,21,21594
1923,14.862402,17,21611
1924,22.616794,28,21639
1925,11.81031,14,21653
1926,13.872975,18,21671
1927,4.967169,5,21676
1928,26.227689,32,21708
1929,37.680427,46,21754
1930,34.033225,40,21794
1931,15.648094,19,21813
1932,30.997638,36,21849
1933,11.68188,13,21862
1934,20.861482,25,21887
1935,5.57542,6,21893
1936,14.912872,17,21910
1937,9.872862,14,21924
1938,0.969327,1,21925
1939,6.123478,7,21932
1940,25.781393,30,21962
1941,21.66866,25,21987
1942,18.20694,22,22009
1943,9.870196,12,22021
1944,13.269811,15,22036
1945,7.490779,8,22044
1946,22.794627,27,22071
1947,18.339449,23,22094
1948,28.674481,35,22129
1949,43.223859,53,22182
1950,28.784685,35,22217
1951,10.869492,13,22230
1952,5.73632,7,22237
1953,27.539737,33,22270
1954,19.067076,22,22292
1955,36.518228,43,22335
1956,10.420615,13,22348
1957,32.557567,41,22389
1958,31.786582,37,22426
1959,10.130938,11,22437
1960,29.646118,36,22473
1961,50.217723,63,22536
1962,20.139213,24,22560
1963,6.024189,7,22567
1964,4.919505,5,22572
1965,25.383243,30,22602
1966,4.994821,5,22607
1967,50.74342,64,22671
1968,57.453763,69,22740
1969,75.164138,95,22835
1970,34.214437,41,22876
1971,58.01175,69,22945
1972,16.127201,18,22963
1973,0.979919,1,22964
1974,9.882792,12,22976
1975,11.524095,13,22989
1976,5.577287,6,22995
1977,14.700388,17,23012
1978,7.965947,8,23020
1979,28.599881,34,23054
1980,4.077363,5,23059
1981,52.549865,67,23126
1982,56.741875,70,23196
1983,7.322906,9,23205
1984,38.826755,48,23253
1985,6.683294,8,23261
1986,15.119113,18,23279
1987,69.72484,89,23368
1988,31.130919,39,23407
1989,42.084379,50,23457
1990,17.03003,20,23477
1991,8.130667,9,23486
1992,10.282058,12,23498
1993,7.785465,9,23507
1994,33.333859,40,23547
1995,9.829098,12,23559
1996,45.378633,55,23614
1997,6.986162,8,23622
1998,54.849749,65,23687
1999,14.272483,18,23705
2000,53.22529,67,23772
2001,14.38838,17,23789
2002,13.761764,16,23805
2003,14.920436,18,23823
2004,0.993093,1,23824
2005,40.91939,49,23873
2006,6.443263,7,23880
2007,0.999995,1,23881
2008,9.756676,11,23892
2009,34.959686,43,23935
2010,22.06277,27,23962
2011,6.345026,8,23970
2012,23.039855,27,23997
2013,60.281155,73,24070
2014,37.347167,45,24115
2015,14.133541,18,24133
2016,14.098023,15,24148
2017,33.592558,40,24188
2018,10.146224,11,24199
2019,3.57575,4,24203
2020,36.336957,44,24247
2021,41.309955,50,24297
2022,22.051338,26,24323
2023,52.438612,63,24386
2024,35.576418,41,24427
2025,10.692166,12,24439
2026,24.920626,30,24469
2027,2.979273,3,24472
2028,23.60876,29,24501
2029,18.609587,24,24525
2030,7.331808,9,24534
2031,18.33385,23,24557
2032,18.821151,23,24580
2033,6.154103,7,24587
2034,14.135278,17,24604
2035,8.271562,10,24614
2036,45.799012,55,24669
2037,11.928952,14,24683
2038,41.381145,51,24734
2039,76.185509,95,24829
2040,35.015261,43,24872
2041,29.820534,34,24906
2042,20.194703,24,24930
2043,14.058253,15,24945
2044,17.603653,23,24968
2045,28.284768,35,25003
2046,40.640614,49,25052
2047,36.283621,45,25097
2048,0.991386,1,25098
2049,37.001857,47,25145
2050,10.55231,13,25158
2051,36.105372,44,25202
2052,52.083078,65,25267
2053,9.118046,12,25279
2054,44.810982,56,25335
2055,26.658198,32,25367
2056,5.490984,6,25373
2057,0.9844,1,25374
2058,9.333438,11,25385
2059,21.948401,27,25412
2060,24.751295,30,25442
2061,8.716936,10,25452
2062,13.978964,17,25469
2063,34.120541,42,25511
2064,8.76819,10,25521
2065,21.015065,26,25547
2066,2.150502,3,25550
2067,35.783591,44,25594
2068,14.676266,18,25612
2069,21.698041,26,25638
2070,81.261493,100,25738
2071,12.243909,14,25752
2072,8.612635,10,25762
2073,13.503229,16,25778
2074,4.086614,5,25783
2075,4.525178,5,25788
2076,40.749088,51,25839
2077,8.321114,10,25849
2078,15.634048,19,25868
2079,46.151562,59,25927
2080,12.041596,15,25942
2081,7.537077,10,25952
2082,17.789002,22,25974
2083,10.530258,13,25987
2084,70.57413,87,26074
2085,51.974728,63,26137
2086,80.584575,97,26234
2087,19.486697,23,26257
2088,5.460273,6,26263
2089,10.894329,13,26276
2090,7.558815,10,26286
2091,21.456276,28,26314
2092,5.748878,7,26321
2093,47.69163,58,26379
2094,22.843505,28,26407
2095,53.963959,66,26473
2096,1.971818,2,26475
2097,5.537475,8,26483
2098,62.633212,74,26557
2099,6.300696,8,26565
2100,21.165996,26,26591
2101,43.49298,56,26647
2102,15.010151,18,26665
2103,38.625206,47,26712
2104,127.072415,158,26870
2105,8.354875,10,26880
2106,18.702577,23,26903
2107,0.597754,1,26904
2108,52.14275,66,26970
2109,8.169454,9,26979
2110,49.4427,65,27044
2111,91.553839,115,27159
2112,41.147381,52,27211
2113,20.462348,23,27234
2114,9.300871,11,27245
2115,6.753008,8,27253
2116,13.169362,15,27268
2117,41.257782,50,27318
2118,48.026087,60,27378
2119,73.28946,89,27467
2120,7.319787,9,27476
2121,45.283139,57,27533
2122,8.729791,10,27543
2123,7.913597,10,27553
2124,37.806863,47,27600
2125,55.585091,69,27669
2126,53.163287,68,27737
2127,19.049556,24,27761
2128,4.76428,6,27767
2129,118.701458,144,27911
2130,14.233092,18,27929
2131,44.879143,55,27984
2132,33.704955,42,28026
2133,67.02155,81,28107
2134,21.188899,25,28132
2135,51.078489,62,28194
2136,62.479942,79,28273
2137,4.519435,5,28278
2138,21.006149,26,28304
2139,10.954698,12,28316
2140,17.77022,22,28338
2141,28.497932,35,28373
2142,5.97055,6,28379
2143,30.55834,36,28415
2144,58.348292,72,28487
2145,38.448901,47,28534
2146,19.172944,23,28557
2147,2.529002,3,28560
2148,14.613508,18,28578
2149,27.747911,34,28612
2150,24.998946,29,28641
2151,43.423315,53,28694
2152,65.050638,79,28773
2153,56.803034,69,28842
2154,113.387251,145,28987
2155,31.349174,38,29025
2156,69.701791,88,29113
2157,59.421658,76,29189
2158,20.275731,24,29213
2159,32.695776,39,29252
2160,9.746603,11,29263
2161,28.592487,34,29297
2162,31.527093,39,29336
2163,7.887976,10,29346
2164,50.043971,61,29407
2165,68.906829,87,29494
2166,0.99644,1,29495
2167,8.767903,10,29505
2168,46.459328,56,29561
2169,69.570049,83,29644
2170,25.959525,32,29676
2171,58.726463,75,29751
2172,54.483888,67,29818
2173,39.76345,47,29865
2174,13.477921,16,29881
2175,66.091937,79,29960
2176,88.221743,110,30070
2177,149.382977,189,30259
2178,123.218811,156,30415
2179,115.404742,148,30563
2180,84.195524,106,30669
2181,14.198603,18,30687
2182,17.287134,21,30708
2183,4.461077,5,30713
2184,42.464836,50,30763
2185,113.822008,142,30905
2186,31.13709,40,30945
2187,22.157224,28,30973
2188,61.703883,79,31052
2189,18.818017,23,31075
2190,92.666207,116,31191
2191,45.050799,55,31246
2192,18.995326,24,31270
2193,25.497828,31,31301
2194,9.693823,11,31312
2195,19.802103,25,31337
2196,29.836426,37,31374
2197,91.239945,115,31489
2198,10.865513,13,31502
2199,12.497434,15,31517
2200,33.339092,40,31557
2201,35.299271,46,31603
2202,16.675771,20,31623
2203,23.826151,30,31653
2204,21.592235,25,31678
2205,12.495786,15,31693
2206,102.410134,131,31824
2207,7.188926,8,31832
2208,38.913085,46,31878
2209,0.99265,1,31879
2210,14.451686,17,31896
2211,67.631938,87,31983
2212,18.839609,23,32006
2213,120.68209,155,32161
2214,31.191983,39,32200
2215,22.085756,30,32230
2216,47.498344,59,32289
2217,99.291352,130,32419
2218,91.432482,113,32532
2219,92.268855,115,32647
2220,17.144316,21,32668
2221,18.423132,21,32689
2222,36.306259,45,32734
2223,4.788457,6,32740
2224,153.09013,200,32940
2225,55.463297,72,33012
2226,157.482455,200,33212
2227,84.164446,103,33315
2228,90.685089,116,33431
2229,69.507843,90,33521
2230,69.687294,92,33613
2231,52.095007,66,33679
2232,24.836456,29,33708
2233,62.867723,81,33789
2234,10.614365,14,33803
2235,29.679123,38,33841
2236,8.9295,11,33852
2237,79.116994,103,33955
2238,30.777478,37,33992
2239,131.063823,167,34159
2240,54.543437,69,34228
2241,55.613586,73,34301
2242,153.267574,200,34501
2243,154.53909,200,34701
2244,51.243083,68,34769
2245,6.36911,8,34777
2246,45.499971,58,34835
2247,63.819382,81,34916
2248,154.825585,200,35116
2249,63.884934,82,35198
2250,154.266994,200,35398
2251,125.449973,161,35559
2252,4.762766,6,35565
2253,39.48034,49,35614
2254,48.043116,61,35675
2255,5.266372,7,35682
2256,4.158725,5,35687
2257,59.640745,73,35760
2258,52.010979,67,35827
2259,79.533347,102,35929
2260,0.998873,1,35930
2261,102.313287,130,36060
2262,73.146386,93,36153
2263,69.109589,88,36241
2264,98.172255,128,36369
2265,4.022902,5,36374
2266,157.990621,200,36574
2267,25.748758,32,36606
2268,10.438084,13,36619
2269,10.473396,13,36632
2270,81.584636,106,36738
2271,114.02995,149,36887
2272,106.904865,140,37027
2273,98.493879,123,37150
2274,65.990946,85,37235
2275,25.411894,32,37267
2276,60.643798,78,37345
2277,39.193312,52,37397
2278,16.486985,19,37416
2279,31.972097,42,37458
2280,37.97198,48,37506
2281,123.02469,158,37664
2282,65.872503,83,37747
2283,0.591758,1,37748
2284,91.949271,119,37867
2285,65.874656,86,37953
2286,157.139541,200,38153
2287,6.128413,7,38160
2288,116.744957,150,38310
2289,91.777783,115,38425
2290,42.060032,54,38479
2291,111.221178,143,38622
2292,154.295769,200,38822
2293,19.083909,23,38845
2294,155.734672,200,39045
2295,150.050518,194,39239
2296,23.756195,30,39269
2297,47.63352,62,39331
2298,132.412382,173,39504
2299,21.046314,26,39530
2300,153.222287,200,39730
2301,39.426724,49,39779
2302,156.168844,200,39979
2303,73.752379,94,40073
2304,86.221853,110,40183
2305,68.002798,90,40273
2306,153.025889,200,40473
2307,94.937516,121,40594
2308,66.781501,87,40681
2309,151.774247,200,40881
2310,10.799692,13,40894
2311,156.575912,200,41094
2312,7.748326,9,41103
2313,150.795019,200,41303
2314,152.365889,200,41503
2315,155.368669,200,41703
2316,0.99988,1,41704
2317,62.554727,79,41783
2318,126.192602,164,41947
2319,37.130817,47,41994
2320,155.196458,200,42194
2321,70.912144,90,42284
2322,151.27891,200,42484
2323,51.862955,69,42553
2324,154.311926,200,42753
2325,0.971045,1,42754
2326,88.257891,114,42868
2327,57.769401,75,42943
2328,152.278885,200,43143
2329,150.618268,200,43343
2330,135.613166,179,43522
2331,152.641539,200,43722
2332,151.544563,200,43922
2333,154.93099,200,44122
2334,152.726975,200,44322
2335,59.661959,78,44400
2336,14.68226,18,44418
2337,151.427294,200,44618
2338,152.861943,200,44818
2339,153.932403,200,45018
2340,152.595374,200,45218
2341,152.709479,200,45418
2342,152.257152,200,45618
2343,153.681892,200,45818
2344,90.201446,118,45936
2345,62.26058,80,46016
2346,156.598971,200,46216
2347,153.309653,200,46416
2348,154.157377,200,46616
2349,154.213297,200,46816
2350,153.567649,200,47016
2351,151.478405,200,47216
2352,153.328505,200,47416
2353,48.344057,61,47477
2354,43.002173,55,47532
2355,152.547654,200,47732
2356,150.61248,200,47932
2357,125.321842,165,48097
2358,155.904766,200,48297
2359,154.049674,200,48497
2360,152.774215,200,48697
2361,153.076582,200,48897
2362,150.934351,200,49097
2363,21.224911,26,49123
2364,69.199792,92,49215
2365,151.361892,200,49415
2366,43.308712,56,49471
2367,149.952775,200,49671
2368,139.028757,183,49854
2369,102.299975,136,49990
2370,146.480368,200,50190
2371,151.481975,200,50390
2372,151.440828,200,50590
2373,150.085022,200,50790
2374,153.556614,200,50990
2375,147.983109,200,51190
2376,7.902691,10,51200
2377,150.882231,200,51400
2378,94.514117,125,51525
2379,152.911013,200,51725
2380,149.842955,200,51925
2381,152.663216,200,52125
2382,33.252856,45,52170
2383,154.197126,200,52370
2384,152.102343,200,52570
2385,22.570539,29,52599
2386,74.255785,96,52695
2387,150.721155,200,52895
2388,26.919833,34,52929
2389,152.50078,200,53129
2390,152.968166,200,53329
2391,67.705011,89,53418
2392,152.467513,200,53618
2393,154.788805,200,53818
2394,154.374525,200,54018
2395,155.108457,200,54218
2396,152.197429,200,54418
2397,0.578487,1,54419
2398,155.661591,200,54619
2399,150.866346,200,54819
2400,150.464148,200,55019
2401,152.327891,200,55219
2402,152.502081,200,55419
2403,153.449903,200,55619
2404,154.588325,200,55819
2405,153.956745,200,56019
2406,155.088447,200,56219
2407,153.667714,200,56419
2408,155.362989,200,56619
2409,153.273478,200,56819
2410,154.055639,200,57019
2411,25.411702,33,57052
2412,155.485319,200,57252
2413,152.188474,200,57452
2414,154.532182,200,57652
2415,128.851051,166,57818
2416,156.198946,200,58018
2417,78.498695,101,58119
2418,154.797624,200,58319
2419,153.392718,200,58519
2420,71.41545,93,58612
2421,153.817654,200,58812
2422,154.782971,200,59012
2423,154.806751,200,59212
2424,155.099014,200,59412
2425,153.615456,200,59612
2426,18.778875,25,59637
2427,155.398507,200,59837
2428,155.241743,200,60037
2429,19.472626,25,60062
2430,151.843488,200,60262
2431,155.083933,200,60462
2432,155.229547,200,60662
2433,133.847712,169,60831
2434,18.291599,23,60854
2435,156.050849,200,61054
2436,153.315069,200,61254
2437,0.578731,1,61255
2438,155.3899,200,61455
2439,157.866076,200,61655
2440,153.480177,200,61855
2441,155.948792,200,62055
2442,155.588091,200,62255
2443,156.58876,200,62455
2444,156.681604,200,62655
2445,157.281501,200,62855
2446,154.368176,200,63055
2447,155.165397,200,63255
2448,156.033301,200,63455
2449,155.769936,200,63655
2450,157.044421,200,63855
2451,158.447202,200,64055
2452,157.771541,200,64255
2453,137.024037,176,64431
2454,158.325522,200,64631
2455,116.092781,147,64778
2456,158.10413,200,64978
2457,157.942428,200,65178
2458,143.788362,183,65361
2459,155.905378,200,65561
2460,154.998456,200,65761
2461,157.268994,200,65961
2462,156.489408,200,66161
2463,96.534798,123,66284
2464,156.66653,200,66484
2465,156.938485,200,66684
2466,155.68344,200,66884
2467,154.821701,200,67084
2468,157.009143,200,67284
2469,115.145273,147,67431
2470,158.112842,200,67631
2471,121.951641,157,67788
2472,157.020203,200,67988
2473,155.952368,200,68188
2474,157.664691,200,68388
2475,156.931487,200,68588
2476,155.100371,200,68788
2477,155.613416,200,68988
2478,0.967368,1,68989
2479,157.769709,200,69189
2480,45.076733,57,69246
2481,157.374238,200,69446
2482,156.113798,200,69646
2483,22.522894,28,69674
2484,155.807386,200,69874
2485,154.294396,200,70074
2486,156.431723,200,70274
2487,157.463156,200,70474
2488,156.630866,200,70674
2489,136.522126,173,70847
2490,156.53149,200,71047
2491,112.189023,145,71192
2492,0.969094,1,71193
2493,157.121892,200,71393
2494,155.814148,200,71593
2495,156.970486,200,71793
2496,155.703657,200,71993
2497,0.978548,1,71994
2498,89.766945,113,72107
2499,156.266323,200,72307
2500,155.153143,200,72507
2501,157.172237,200,72707
2502,157.108987,200,72907
2503,158.396154,200,73107
2504,94.665651,120,73227
2505,157.16183,200,73427
2506,157.948691,200,73627
2507,158.247925,200,73827
2508,156.643165,200,74027
2509,157.659603,200,74227
2510,149.661325,191,74418
2511,157.531117,200,74618
2512,158.05412,200,74818
2513,157.500049,200,75018
2514,73.080364,91,75109
2515,157.565548,200,75309
2516,0.959345,1,75310
2517,61.842303,78,75388
2518,72.23037,91,75479
2519,156.356016,200,75679
2520,76.545777,97,75776
2521,156.635821,200,75976
2522,156.985047,200,76176
2523,157.621597,200,76376
2524,116.456452,148,76524
2525,158.347828,200,76724
2526,156.949799,200,76924
2527,156.67514,200,77124
2528,69.489052,89,77213
2529,156.154046,200,77413
2530,157.318837,200,77613
2531,158.367186,200,77813
2532,156.772332,200,78013
2533,157.262711,200,78213
2534,156.595699,200,78413
2535,157.074459,200,78613
2536,156.586759,200,78813
2537,157.007419,200,79013
2538,157.035673,200,79213
2539,156.733555,200,79413
2540,158.656395,200,79613
2541,157.568855,200,79813
2542,156.345044,200,80013
2543,156.464069,200,80213
2544,158.365595,200,80413
2545,129.249873,163,80576
2546,155.501566,200,80776
2547,156.750462,200,80976
2548,157.298301,200,81176
2549,0.588461,1,81177
2550,159.126185,200,81377
2551,0.964767,1,81378
2552,158.06783,200,81578
2553,158.143768,200,81778
2554,158.010451,200,81978
2555,158.058823,200,82178
2556,158.222101,200,82378
2557,157.720769,200,82578
2558,156.786133,200,82778
2559,156.620825,200,82978
2560,0.941651,1,82979
2561,157.214173,200,83179
2562,159.118327,200,83379
2563,157.21572,200,83579
2564,156.789054,200,83779
2565,156.816748,200,83979
2566,159.523794,200,84179
2567,138.045863,174,84353
2568,158.120334,200,84553
2569,158.05891,200,84753
2570,158.286663,200,84953
2571,157.359364,200,85153
2572,158.485897,200,85353
2573,157.569516,200,85553
2574,157.703441,200,85753
2575,158.326309,200,85953
2576,157.173777,200,86153
2577,160.320203,200,86353
2578,159.742336,200,86553
2579,128.467598,162,86715
2580,29.935947,37,86752
2581,158.176202,200,86952
2582,158.643779,200,87152
2583,157.759836,200,87352
2584,157.483935,200,87552
2585,157.887783,200,87752
2586,158.665553,200,87952
2587,157.873382,200,88152
2588,158.216329,200,88352
2589,159.41514,200,88552
2590,159.192873,200,88752
2591,158.374604,200,88952
2592,158.941632,200,89152
2593,137.049185,173,89325
2594,158.551229,200,89525
2595,159.188377,200,89725
2596,158.02017,200,89925
2597,157.767883,200,90125
2598,159.065545,200,90325
2599,0.972729,1,90326
2600,118.895118,149,90475
2601,159.43702,200,90675
2602,158.46455,200,90875
2603,0.999962,1,90876
2604,68.448152,86,90962
2605,157.024066,200,91162
2606,0.591082,1,91163
2607,53.438335,67,91230
2608,158.590883,200,91430
2609,159.770598,200,91630
2610,157.592943,200,91830
2611,160.822115,200,92030
2612,159.83979,200,92230
2613,159.629892,200,92430
2614,159.829444,200,92630
2615,159.401049,200,92830
2616,159.348752,200,93030
2617,160.059099,200,93230
2618,157.874612,200,93430
2619,42.252511,52,93482
2620,159.484135,200,93682
2621,160.183633,200,93882
2622,159.83551,200,94082
2623,159.798893,200,94282
2624,158.368618,200,94482
2625,44.327117,55,94537
2626,161.14846,200,94737
2627,161.143671,200,94937
2628,159.076351,200,95137
2629,158.604369,200,95337
2630,136.704419,170,95507
2631,159.066106,200,95707
2632,160.447521,200,95907
2633,160.413606,200,96107
2634,161.107458,200,96307
2635,159.775647,200,96507
2636,161.599354,200,96707
2637,33.754064,42,96749
2638,113.238369,139,96888
2639,160.240135,200,97088
2640,159.419756,200,97288
2641,160.100794,200,97488
2642,161.278527,200,97688
2643,158.489637,200,97888
2644,158.804335,200,98088
2645,159.40472,200,98288
2646,160.571777,200,98488
2647,160.662444,200,98688
2648,160.335156,200,98888
2649,161.188849,200,99088
2650,16.206212,20,99108
2651,159.80467,200,99308
2652,159.28819,200,99508
2653,159.791181,200,99708
2654,160.422399,200,99908
2655,158.298341,200,100108
2656,160.416602,200,100308
2657,160.062224,200,100508
2658,159.639177,200,100708
2659,161.675122,200,100908
2660,105.490314,131,101039
2661,161.36641,200,101239
2662,160.141957,200,101439
2663,160.606106,200,101639
2664,158.687481,200,101839
2665,160.36363,200,102039
2666,114.507935,143,102182
2667,160.161886,200,102382
2668,160.621458,200,102582
2669,160.103461,200,102782
2670,160.788337,200,102982
2671,161.9451,200,103182
2672,160.279279,200,103382
2673,11.493119,14,103396
2674,159.008682,200,103596
2675,71.125386,87,103683
2676,160.580669,200,103883
2677,159.624625,200,104083
2678,160.082886,200,104283
2679,161.366964,200,104483
2680,161.776349,200,104683
2681,160.523966,200,104883
2682,14.578465,18,104901
2683,159.21237,200,105101
2684,161.603119,200,105301
2685,162.012224,200,105501
2686,134.999634,167,105668
2687,160.051224,200,105868
2688,162.371236,200,106068
2689,89.488145,111,106179
2690,62.786312,77,106256
2691,56.645173,69,106325
2692,108.382919,135,106460
2693,126.005947,154,106614
2694,160.815331,200,106814
2695,100.955337,126,106940
2696,160.305296,200,107140
2697,160.097869,200,107340
2698,161.651911,200,107540
2699,73.971942,92,107632
2700,160.637109,200,107832
2701,89.147115,110,107942
2702,158.643235,200,108142
2703,160.211105,200,108342
2704,161.591847,200,108542
2705,162.853077,200,108742
2706,162.140826,200,108942
2707,70.386088,87,109029
2708,160.574032,200,109229
2709,151.492658,189,109418
2710,159.654076,200,109618
2711,161.128737,200,109818
2712,160.599471,200,110018
2713,158.892186,200,110218
2714,161.207468,200,110418
2715,159.781786,200,110618
2716,161.76046,200,110818
2717,160.493752,200,111018
2718,161.350622,200,111218
2719,28.664276,35,111253
2720,160.785789,200,111453
2721,162.979407,200,111653
2722,160.561025,200,111853
2723,161.699456,200,112053
2724,6.694983,8,112061
2725,163.848617,200,112261
2726,161.34496,200,112461
2727,163.371397,200,112661
2728,159.68366,200,112861
2729,160.859859,200,113061
2730,161.449243,200,113261
2731,17.186355,21,113282
2732,159.192264,200,113482
2733,159.419387,196,113678
2734,94.570142,117,113795
2735,161.510775,200,113995
2736,160.18868,200,114195
2737,158.335652,200,114395
2738,162.958687,200,114595
2739,139.39123,173,114768
2740,62.65732,79,114847
2741,160.66815,200,115047
2742,98.788972,120,115167
2743,0.993163,1,115168
2744,160.053071,200,115368
2745,25.87883,32,115400
2746,54.020818,66,115466
2747,162.530484,200,115666
2748,158.310153,200,115866
2749,163.445814,200,116066
2750,160.425206,200,116266
2751,160.877207,200,116466
2752,161.610765,200,116666
2753,159.782611,200,116866
2754,111.127766,139,117005
2755,160.631404,200,117205
2756,61.909702,76,117281
2757,161.938447,200,117481
2758,160.12627,200,117681
2759,99.977164,123,117804
2760,160.24384,200,118004
2761,159.793103,200,118204
2762,160.584231,200,118404
2763,60.118613,75,118479
2764,108.312039,135,118614
2765,160.302312,200,118814
2766,159.283901,200,119014
2767,12.755355,16,119030
2768,160.483391,200,119230
2769,0.961536,1,119231
2770,160.281822,200,119431
2771,161.154891,200,119631
2772,161.108679,200,119831
2773,160.643417,200,120031
2774,162.448879,200,120231
2775,159.371689,200,120431
2776,161.045179,200,120631
2777,160.660783,200,120831
2778,159.04952,200,121031
2779,161.525034,200,121231
2780,20.40485,25,121256
2781,159.560216,200,121456
2782,7.345269,9,121465
2783,159.124755,200,121665
2784,160.533254,200,121865
2785,161.374444,200,122065
2786,159.951641,200,122265
2787,37.364483,46,122311
2788,161.210067,200,122511
2789,160.748854,200,122711
2790,159.904175,200,122911
2791,159.25096,200,123111
2792,160.223526,200,123311
2793,119.63827,147,123458
2794,23.693693,29,123487
2795,160.183337,200,123687
2796,161.019533,200,123887
2797,58.243017,73,123960
2798,160.754764,200,124160
2799,160.238581,200,124360
2800,160.027984,200,124560
2801,158.988038,200,124760
2802,159.968183,200,124960
2803,160.740994,200,125160
2804,161.305061,200,125360
2805,160.915758,200,125560
2806,0.98589,1,125561
2807,160.760433,200,125761
2808,160.716532,200,125961
2809,159.496396,200,126161
2810,161.060058,200,126361
2811,159.545005,200,126561
2812,160.379242,200,126761
2813,160.213136,200,126961
2814,160.332016,200,127161
2815,160.95919,200,127361
2816,159.961452,200,127561
2817,161.196304,200,127761
2818,160.441921,200,127961
2819,160.797968,200,128161
2820,160.386947,200,128361
2821,160.41421,200,128561
2822,160.878851,200,128761
2823,46.272444,57,128818
2824,159.932643,200,129018
2825,160.395777,200,129218
2826,160.796866,200,129418
2827,159.615603,200,129618
2828,159.508679,200,129818
2829,160.720864,200,130018
2830,160.052424,200,130218
2831,161.492589,200,130418
2832,161.13843,200,130618
2833,160.812463,200,130818
2834,159.934856,200,131018
2835,161.284185,200,131218
2836,161.346531,200,131418
2837,161.436527,200,131618
2838,161.3265,200,131818
2839,161.173129,200,132018
2840,159.969484,200,132218
2841,159.690692,200,132418
2842,160.713332,200,132618
2843,161.276247,200,132818
2844,160.07304,200,133018
2845,161.600653,200,133218
2846,161.364016,200,133418
2847,160.748811,200,133618
2848,161.256674,200,133818
2849,160.013334,200,134018
2850,56.297031,69,134087
2851,73.860345,91,134178
2852,159.964459,200,134378
2853,160.715397,200,134578
2854,161.750797,200,134778
2855,162.742905,200,134978
2856,89.862315,111,135089
2857,160.504349,200,135289
2858,162.423484,200,135489
2859,159.004935,200,135689
2860,149.178277,185,135874
2861,143.760211,180,136054
2862,161.076939,200,136254
2863,161.918262,200,136454
2864,0.95618,1,136455
2865,36.787334,45,136500
2866,159.758597,200,136700
2867,163.106439,200,136900
2868,160.09474,200,137100
2869,161.775471,200,137300
2870,161.546798,200,137500
2871,160.429188,200,137700
2872,161.161217,200,137900
2873,161.317666,200,138100
2874,160.977835,200,138300
2875,160.083102,200,138500
2876,159.193867,200,138700
2877,160.846514,200,138900
2878,160.649177,200,139100
2879,162.0689,200,139300
2880,160.794778,200,139500
2881,0.972201,1,139501
2882,161.934527,200,139701
2883,162.4766,200,139901
2884,161.796662,200,140101
2885,162.127756,200,140301
2886,160.848265,200,140501
2887,161.565468,200,140701
2888,161.332565,200,140901
2889,160.723343,200,141101
2890,160.855123,200,141301
2891,161.372192,200,141501
2892,161.631348,200,141701
2893,161.942048,200,141901
2894,163.255447,200,142101
2895,162.778268,200,142301
2896,161.962343,200,142501
2897,162.466657,200,142701
2898,162.223183,200,142901
2899,162.461704,200,143101
2900,163.765656,200,143301
2901,160.757042,200,143501
2902,161.99367,200,143701
2903,87.901144,108,143809
2904,163.701415,200,144009
2905,163.014079,200,144209
2906,162.774693,200,144409
2907,163.255606,200,144609
2908,162.264976,200,144809
2909,16.703553,20,144829
2910,164.55383,200,145029
2911,157.218706,192,145221
2912,163.680121,200,145421
2913,162.183029,200,145621
2914,120.328594,146,145767
2915,162.475713,200,145967
2916,144.1172,177,146144
2917,163.054542,200,146344
2918,163.073824,200,146544
2919,163.631607,200,146744
2920,163.23053,200,146944
2921,9.898469,12,146956
2922,165.045866,200,147156
2923,164.3658,200,147356
2924,12.323832,14,147370
2925,162.942491,200,147570
2926,161.744762,200,147770
2927,163.344553,200,147970
2928,93.325421,115,148085
2929,102.089224,125,148210
2930,109.930202,135,148345
2931,162.876061,200,148545
2932,160.255353,200,148745
2933,64.021303,78,148823
2934,161.330644,200,149023
2935,162.061481,200,149223
2936,87.656273,106,149329
2937,162.425753,200,149529
2938,160.950558,200,149729
2939,161.178333,200,149929
2940,161.95166,200,150129
2941,35.569441,43,150172
2942,162.360865,200,150372
2943,161.491085,200,150572
2944,163.414633,200,150772
2945,163.593604,200,150972
2946,161.75091,200,151172
2947,160.995982,200,151372
2948,162.750004,200,151572
2949,161.260165,200,151772
2950,162.713063,200,151972
2951,161.85062,200,152172
2952,161.982409,200,152372
2953,161.968549,200,152572
2954,161.371975,200,152772
2955,163.251986,200,152972
2956,162.847405,200,153172
2957,161.202588,200,153372
2958,161.489165,200,153572
2959,163.054955,200,153772
2960,115.661087,139,153911
2961,117.410012,143,154054
2962,162.212234,200,154254
2963,0.938483,1,154255
2964,163.3158,200,154455
2965,162.970951,200,154655
2966,164.232046,200,154855
2967,162.257218,200,155055
2968,163.39982,200,155255
2969,163.325793,200,155455
2970,163.408958,200,155655
2971,161.520602,200,155855
2972,161.303635,200,156055
2973,161.631953,200,156255
2974,162.376388,200,156455
2975,160.740331,200,156655
2976,162.391886,200,156855
2977,162.585605,200,157055
2978,77.594284,96,157151
2979,161.601419,200,157351
2980,148.18117,182,157533
2981,161.25271,200,157733
2982,161.463957,200,157933
2983,59.324652,72,158005
2984,161.570364,200,158205
2985,120.478147,148,158353
2986,161.21896,200,158553
2987,123.995236,153,158706
2988,162.494602,200,158906
2989,52.375579,65,158971
2990,130.109817,160,159131
2991,160.48142,200,159331
2992,162.152674,200,159531
2993,12.424318,15,159546
2994,162.564969,200,159746
2995,161.814829,200,159946
2996,149.143263,185,160131
2997,41.45965,51,160182
2998,162.883286,200,160382
2999,160.0568,200,160582
3000,161.585735,200,160782
3001,161.22552,200,160982
3002,35.642827,43,161025
3003,162.269618,200,161225
3004,160.613379,200,161425
3005,161.193501,200,161625
3006,26.470018,32,161657
3007,161.509978,200,161857
3008,162.433473,200,162057
3009,160.387636,200,162257
3010,0.961641,1,162258
3011,159.961547,200,162458
3012,160.438437,200,162658
3013,161.363354,200,162858
3014,161.646594,200,163058
3015,160.553414,200,163258
3016,0.982809,1,163259
3017,162.010991,200,163459
3018,162.039198,200,163659
3019,162.378786,200,163859
3020,161.220949,200,164059
3021,161.902244,200,164259
3022,161.871078,200,164459
3023,161.899354,200,164659
3024,143.487373,175,164834
3025,0.990607,1,164835
3026,161.570442,200,165035
3027,162.153481,200,165235
3028,27.811106,34,165269
3029,162.966518,200,165469
3030,161.301835,200,165669
3031,160.935405,200,165869
3032,159.206268,200,166069
3033,160.997547,200,166269
3034,162.042953,200,166469
3035,160.942076,200,166669
3036,163.355799,200,166869
3037,161.898208,200,167069
3038,159.359312,200,167269
3039,161.603894,200,167469
3040,160.61391,200,167669
3041,160.267432,200,167869
3042,160.159259,200,168069
3043,161.125826,200,168269
3044,161.870364,200,168469
3045,0.984628,1,168470
3046,161.082833,200,168670
3047,162.197624,200,168870
3048,163.333364,200,169070
3049,162.664468,200,169270
3050,161.858283,200,169470
3051,160.984058,200,169670
3052,160.909095,200,169870
3053,162.296522,200,170070
3054,160.173583,200,170270
3055,162.582342,200,170470
3056,160.614056,200,170670
3057,0.971501,1,170671
3058,162.174695,200,170871
3059,162.248838,200,171071
3060,161.811657,200,171271
3061,161.071336,200,171471
3062,162.037921,200,171671
3063,162.153557,200,171871
3064,160.639392,200,172071
3065,162.665455,200,172271
3066,162.909028,200,172471
3067,160.482748,197,172668
3068,162.700245,200,172868
3069,163.006315,200,173068
3070,164.710278,200,173268
3071,164.161125,200,173468
3072,161.508963,200,173668
3073,164.128735,200,173868
3074,162.750857,200,174068
3075,165.919585,200,174268
3076,163.545108,200,174468
3077,31.052158,38,174506
3078,162.221791,200,174706
3079,21.692387,27,174733
3080,162.079863,200,174933
3081,148.203064,181,175114
3082,164.158661,200,175314
3083,18.305827,22,175336
3084,161.90513,200,175536
3085,0.985717,1,175537
3086,161.851478,200,175737
3087,163.327223,200,175937
3088,162.20935,200,176137
3089,162.701906,200,176337
3090,163.354995,200,176537
3091,161.082128,200,176737
3092,162.121306,200,176937
3093,164.178996,200,177137
3094,161.444315,198,177335
3095,162.675685,200,177535
3096,161.899403,200,177735
3097,162.560981,200,177935
3098,162.054365,200,178135
3099,163.391591,200,178335
3100,10.712493,12,178347
3101,162.983795,200,178547
3102,164.13534,200,178747
3103,161.83045,200,178947
3104,165.739276,200,179147
3105,163.274999,200,179347
3106,164.573121,200,179547
3107,165.785922,200,179747
3108,163.283559,200,179947
3109,165.073661,200,180147
3110,0.98078,1,180148
3111,163.005793,200,180348
3112,141.566989,171,180519
3113,165.035335,200,180719
3114,164.671048,200,180919
3115,72.028366,86,181005
3116,0.981978,1,181006
3117,92.058637,111,181117
3118,84.106207,102,181219
3119,14.52129,17,181236
3120,164.708478,200,181436
3121,144.168527,174,181610
3122,165.09625,200,181810
3123,164.981626,200,182010
3124,168.07537,200,182210
3125,78.371948,95,182305
3126,136.956556,165,182470
3127,164.684693,200,182670
3128,7.123749,8,182678
3129,163.776946,200,182878
3130,164.193216,200,183078
3131,163.853223,200,183278
3132,0.987309,1,183279
3133,163.916061,200,183479
3134,162.695805,200,183679
3135,56.727708,69,183748
3136,53.181823,65,183813
3137,164.228477,200,184013
3138,163.771957,200,184213
3139,165.313028,200,184413
3140,162.904163,200,184613
3141,163.393697,200,184813
3142,163.464489,200,185013
3143,161.738393,200,185213
3144,161.433456,200,185413
3145,163.836528,200,185613
3146,165.653219,200,185813
3147,163.384618,200,186013
3148,164.23155,200,186213
3149,163.77766,200,186413
3150,163.756233,200,186613
3151,162.963661,200,186813
3152,165.424461,200,187013
3153,164.684751,200,187213
3154,164.214637,200,187413
3155,67.138983,81,187494
3156,162.609892,200,187694
3157,163.917569,200,187894
3158,163.937767,200,188094
3159,164.621775,200,188294
3160,164.626054,200,188494
3161,164.620716,200,188694
3162,165.423842,200,188894
3163,164.688807,200,189094
3164,4.451652,5,189099
3165,163.474482,200,189299
3166,163.888799,200,189499
3167,39.861852,48,189547
3168,166.159935,200,189747
3169,164.290911,200,189947
3170,164.774969,200,190147
3171,164.688076,200,190347
3172,165.103302,200,190547
3173,165.790322,200,190747
3174,131.070497,158,190905
3175,166.166348,200,191105
3176,153.570792,185,191290
3177,11.646292,13,191303
3178,165.390371,200,191503
3179,165.404663,200,191703
3180,166.947649,200,191903
3181,166.000491,200,192103
3182,59.775128,72,192175
3183,0.98587,1,192176
3184,164.625435,200,192376
3185,166.874224,200,192576
3186,165.134105,200,192776
3187,163.85664,200,192976
3188,150.186776,182,193158
3189,163.837467,200,193358
3190,163.835468,200,193558
3191,165.063637,200,193758
3192,164.653051,200,193958
3193,87.417119,105,194063
3194,164.575122,200,194263
3195,77.518491,93,194356
3196,163.892575,200,194556
3197,163.033536,200,194756
3198,165.513106,200,194956
3199,164.387682,200,195156
3200,163.540619,200,195356
3201,164.663369,200,195556
3202,164.305754,200,195756
3203,163.908112,200,195956
3204,164.974605,200,196156
3205,162.657964,200,196356
3206,164.128393,200,196556
3207,165.061175,200,196756
3208,74.847158,88,196844
3209,163.800489,200,197044
3210,162.603727,200,197244
3211,165.872545,200,197444
3212,165.122928,200,197644
3213,163.968008,200,197844
3214,165.621959,200,198044
3215,165.923517,200,198244
3216,165.151748,200,198444
3217,166.941117,200,198644
3218,165.989891,200,198844
3219,165.896184,200,199044
3220,72.234634,85,199129
3221,163.801845,200,199329
3222,164.967406,200,199529
3223,166.033894,200,199729
3224,163.833419,200,199929
3225,167.248306,200,200129
3226,6.156003,7,200136
3227,0.990163,1,200137
3228,108.261782,131,200268
3229,164.693095,200,200468
3230,165.464952,200,200668
3231,26.413186,31,200699
