Episode,Reward,Length,TotalSteps
0,0.016298,1,2
1,0.017691,3,5
2,-0.699633,7,12
3,0.053653,4,16
4,0.018911,2,18
5,-0.768351,4,22
6,0.103422,9,31
7,-0.356488,3,34
8,0.031764,4,38
9,-0.771025,5,43
10,0.003095,2,45
11,-0.75715,4,49
12,-0.760322,3,52
13,-0.75601,6,58
14,-1.114296,15,73
15,-1.103912,8,81
16,-1.167271,5,86
17,-2.278084,13,99
18,-1.950235,14,113
19,-1.467858,13,126
20,-1.226899,18,144
21,-1.544554,11,155
22,-1.504153,10,165
23,-0.753516,8,173
24,-0.704157,9,182
25,-1.248514,5,187
26,-4.150082,29,216
27,-1.035879,14,230
28,-1.025478,13,243
29,-1.071302,8,251
30,-1.05456,10,261
31,-1.629431,10,271
32,-0.772491,3,274
33,-0.322754,6,280
34,-0.746377,4,284
35,-0.359717,3,287
36,-1.179432,4,291
37,-1.877048,11,302
38,-0.028292,2,304
39,-0.335094,9,313
40,-0.792187,8,321
41,-1.554294,6,327
42,-0.411719,5,332
43,-1.621946,6,338
44,-1.12599,11,349
45,-0.832784,9,358
46,-1.117246,10,368
47,-0.345687,5,373
48,-0.292752,7,380
49,0.011734,1,381
50,-0.781188,12,393
51,-2.708264,21,414
52,-1.083732,13,427
53,-0.694656,13,440
54,0.090964,6,446
55,-0.433967,3,449
56,-1.491601,10,459
57,-3.014207,23,482
58,-0.006648,1,483
59,-0.005944,2,485
60,-1.493969,9,494
61,0.014446,5,499
62,-1.177904,3,502
63,-1.078296,8,510
64,-0.74362,4,514
65,-3.456032,23,537
66,-1.178297,4,541
67,-0.73978,6,547
68,-4.785548,30,577
69,0.036638,4,581
70,-0.714749,8,589
71,0.031156,3,592
72,-1.154448,4,596
73,-0.938036,20,616
74,-0.383998,1,617
75,-1.116112,13,630
76,-1.909453,12,642
77,-0.78172,9,651
78,-1.496893,7,658
79,-0.732958,9,667
80,-0.739975,8,675
81,0.065667,5,680
82,-0.369897,3,683
83,-1.141112,6,689
84,-0.002381,2,691
85,-2.287635,15,706
86,-0.7476,6,712
87,0.008863,3,715
88,-0.369492,5,720
89,-1.161404,4,724
90,-1.902126,13,737
91,-0.38031,1,738
92,-0.317011,9,747
93,-0.723516,6,753
94,-0.357791,4,757
95,-2.638028,16,773
96,-0.737621,5,778
97,-0.337038,4,782
98,0.01991,1,783
99,-0.360096,3,786
100,-0.342283,7,793
101,0.013869,1,794
102,-0.42399,5,799
103,-1.205713,7,806
104,-0.811745,4,810
105,-0.727459,9,819
106,-0.731126,7,826
107,-0.342409,5,831
108,-0.357155,6,837
109,-0.754104,10,847
110,-0.358907,3,850
111,-0.411077,2,852
112,-0.438027,5,857
113,-2.291633,13,870
114,0.012195,4,874
115,-0.338681,4,878
116,-0.039955,2,880
117,-0.366564,6,886
118,-0.343683,4,890
119,-1.21634,6,896
120,-1.125312,8,904
121,-2.016301,13,917
122,0.085106,6,923
123,-0.011725,2,925
124,-0.356242,4,929
125,0.005165,1,930
126,-0.374534,2,932
127,0.051791,4,936
128,-1.5006,13,949
129,-1.779854,19,968
130,-0.759471,6,974
131,-1.124926,6,980
132,-1.893663,8,988
133,-1.123864,14,1002
134,-1.492278,10,1012
135,-1.049187,10,1022
136,-0.836734,5,1027
137,-0.384772,1,1028
138,-0.420067,4,1032
139,-0.654885,13,1045
140,-0.696672,10,1055
141,-0.80024,4,1059
142,-1.836664,13,1072
143,-2.711104,19,1091
144,-1.943306,5,1096
145,-2.358645,10,1106
146,-0.668505,11,1117
147,-0.744052,4,1121
148,-2.35118,16,1137
149,-1.149729,10,1147
150,-0.334609,6,1153
151,-0.416541,3,1156
152,-0.765524,7,1163
153,-0.324524,5,1168
154,-0.817652,3,1171
155,0.002929,5,1176
156,-1.21494,5,1181
157,-1.8827,14,1195
158,-1.104976,10,1205
159,-1.890753,8,1213
160,-0.395263,4,1217
161,-2.30865,11,1228
162,0.029665,2,1230
163,-1.199349,6,1236
164,-0.719965,8,1244
165,-0.708931,9,1253
166,0.030927,3,1256
167,-0.369553,2,1258
168,-1.492698,8,1266
169,-0.350849,6,1272
170,-1.579143,9,1281
171,-0.415626,3,1284
172,-0.256556,13,1297
173,-0.762028,5,1302
174,0.113727,8,1310
175,-0.384159,1,1311
176,-0.806837,8,1319
177,-0.35684,5,1324
178,-2.29937,11,1335
179,-0.079456,2,1337
180,-1.91747,8,1345
181,-0.354139,4,1349
182,-1.164321,10,1359
183,-1.449138,14,1373
184,-0.761856,5,1378
185,-1.083338,19,1397
186,-2.13913,24,1421
187,-2.625446,15,1436
188,-1.202932,4,1440
189,-0.384172,3,1443
190,-3.027383,16,1459
191,0.026604,3,1462
192,-1.112907,13,1475
193,0.037335,3,1478
194,0.010127,1,1479
195,-0.007184,3,1482
196,-1.963652,20,1502
197,-1.074359,10,1512
198,-1.127691,8,1520
199,-0.687361,11,1531
200,-0.326442,8,1539
201,-0.306492,6,1545
202,-0.716935,6,1551
203,-0.758564,5,1556
204,-1.067323,17,1573
205,-0.693574,8,1581
206,-0.343372,5,1586
207,-1.097635,11,1597
208,-0.729771,11,1608
209,0.018204,3,1611
210,-1.185744,13,1624
211,-0.344721,5,1629
212,-0.397904,5,1634
213,0.027632,3,1637
214,-1.195945,5,1642
215,-0.372506,3,1645
216,-0.401299,2,1647
217,-0.338251,4,1651
218,-0.701662,9,1660
219,0.018248,1,1661
220,-0.33626,4,1665
221,-1.222026,9,1674
222,-0.712376,10,1684
223,-1.103871,9,1693
224,0.041013,3,1696
225,-2.026092,5,1701
226,-1.12834,12,1713
227,-0.779289,3,1716
228,-0.369829,3,1719
229,-1.541644,6,1725
230,-1.08562,14,1739
231,-1.078909,15,1754
232,-1.215943,5,1759
233,-1.510198,12,1771
234,-0.326034,7,1778
235,-0.750396,5,1783
236,-0.032439,4,1787
237,-1.185223,10,1797
238,-1.121031,10,1807
239,-1.112062,11,1818
240,-1.132969,7,1825
241,-0.67994,10,1835
242,-1.070735,9,1844
243,-1.472505,9,1853
244,-2.365012,8,1861
245,-0.402755,4,1865
246,-0.756941,4,1869
247,-0.654241,12,1881
248,-0.47566,3,1884
249,-0.392311,3,1887
250,-0.305839,7,1894
251,-0.382566,3,1897
252,-2.319287,18,1915
253,-0.237924,12,1927
254,-1.143258,7,1934
255,-0.305246,8,1942
256,-1.00252,17,1959
257,-0.750133,4,1963
258,-0.383406,1,1964
259,-1.916085,11,1975
260,-0.374828,3,1978
261,-1.500588,15,1993
262,-0.048167,5,1998
263,-0.719619,6,2004
264,-2.295745,17,2021
265,-1.138312,6,2027
266,-1.463076,11,2038
267,-1.867108,8,2046
268,0.017496,1,2047
269,-1.451997,12,2059
270,-1.188737,13,2072
271,-0.657206,16,2088
272,-0.363827,3,2091
273,-1.142355,9,2100
274,-0.390533,4,2104
275,-0.705436,8,2112
276,-0.698319,8,2120
277,-0.358033,5,2125
278,-0.84067,7,2132
279,-0.401651,7,2139
280,-0.48308,3,2142
281,-0.730602,6,2148
282,-0.481475,7,2155
283,0.009802,2,2157
284,-0.404451,4,2161
285,-0.760438,4,2165
286,-1.106019,13,2178
287,-0.782692,5,2183
288,-0.337991,5,2188
289,-0.389973,3,2191
290,0.047572,3,2194
291,-0.708473,6,2200
292,0.007418,1,2201
293,-1.27062,8,2209
294,0.065819,4,2213
295,-1.03858,15,2228
296,-1.575995,4,2232
297,-0.772294,5,2237
298,-2.676588,9,2246
299,-0.41684,6,2252
300,-1.108432,8,2260
301,0.080137,5,2265
302,-0.363361,5,2270
303,0.055619,5,2275
304,-0.342395,4,2279
305,-0.408592,6,2285
306,-2.331303,9,2294
307,-0.409481,3,2297
308,-1.015949,22,2319
309,-0.310848,7,2326
310,-0.363784,3,2329
311,0.06807,11,2340
312,-0.376242,5,2345
313,0.032093,3,2348
314,-1.123471,12,2360
315,-0.432703,3,2363
316,-0.358964,3,2366
317,-0.690107,14,2380
318,0.009506,1,2381
319,-0.317026,8,2389
320,-0.354672,10,2399
321,-0.366141,3,2402
322,-1.093106,13,2415
323,-0.642917,12,2427
324,-0.719452,7,2434
325,-0.754476,5,2439
326,-0.775576,4,2443
327,0.008293,4,2447
328,-0.696083,12,2459
329,0.078906,6,2465
330,-0.767262,3,2468
331,-0.671717,10,2478
332,-1.064376,9,2487
333,-0.388947,4,2491
334,-0.777631,14,2505
335,-0.835393,5,2510
336,-0.386738,4,2514
337,-0.794592,4,2518
338,-1.610551,8,2526
339,-0.022449,2,2528
340,-0.713871,8,2536
341,-1.116196,8,2544
342,-0.408445,1,2545
343,-0.360304,4,2549
344,0.009427,3,2552
345,-1.160765,9,2561
346,-0.759292,5,2566
347,-0.013982,4,2570
348,-0.004844,5,2575
349,0.017174,1,2576
350,0.003513,2,2578
351,0.00796,3,2581
352,-0.7167,11,2592
353,0.033376,3,2595
354,-0.292607,10,2605
355,-0.782837,4,2609
356,0.049139,3,2612
357,-0.410734,3,2615
358,0.041122,4,2619
359,-0.348431,3,2622
360,-0.340356,4,2626
361,0.001118,2,2628
362,-0.717946,6,2634
363,-0.435206,4,2638
364,0.039865,4,2642
365,0.065934,5,2647
366,-0.322318,8,2655
367,-0.749375,5,2660
368,-0.741994,5,2665
369,-0.36726,3,2668
370,0.01564,3,2671
371,-0.359418,8,2679
372,-1.572507,7,2686
373,-0.373803,4,2690
374,0.014417,5,2695
375,-1.136149,11,2706
376,-1.198753,9,2715
377,-0.689073,10,2725
378,-0.354223,8,2733
379,-1.569196,11,2744
380,0.012795,6,2750
381,0.00683,2,2752
382,0.150991,11,2763
383,-0.802209,3,2766
384,-0.358861,5,2771
385,-1.525375,8,2779
386,-1.079389,11,2790
387,-0.334061,9,2799
388,-0.421757,1,2800
389,0.034461,4,2804
390,-2.164699,28,2832
391,-2.709086,15,2847
392,0.028048,4,2851
393,-1.536882,6,2857
394,-0.831981,5,2862
395,-0.623982,25,2887
396,-0.7279,5,2892
397,-1.094833,8,2900
398,0.027765,3,2903
399,0.079501,6,2909
400,-0.423813,4,2913
401,-1.120726,6,2919
402,-1.138154,9,2928
403,-0.301461,7,2935
404,0.042037,4,2939
405,-0.390081,2,2941
406,-1.458994,15,2956
407,-0.388632,6,2962
408,0.063596,9,2971
409,-1.843106,20,2991
410,-0.746705,4,2995
411,-0.770844,4,2999
412,-2.269761,12,3011
413,-0.384933,5,3016
414,-0.720407,7,3023
415,-0.678968,9,3032
416,-0.662254,14,3046
417,-1.876055,13,3059
418,-0.703558,12,3071
419,0.039584,6,3077
420,-0.360429,6,3083
421,-0.325063,6,3089
422,-0.340581,8,3097
423,-1.421372,21,3118
424,-0.160228,17,3135
425,-0.028456,5,3140
426,-1.44566,12,3152
427,-0.735034,5,3157
428,-0.01267,2,3159
429,-0.351446,4,3163
430,-0.813285,5,3168
431,-0.639325,12,3180
432,-1.858133,12,3192
433,0.039385,6,3198
434,-3.039317,24,3222
435,-0.797631,10,3232
436,-1.48927,11,3243
437,-0.319738,9,3252
438,-0.346967,6,3258
439,-0.345059,4,3262
440,-0.389638,1,3263
441,0.018492,3,3266
442,-0.465461,9,3275
443,-0.702794,7,3282
444,-0.651941,16,3298
445,-1.020373,13,3311
446,-1.455862,15,3326
447,-2.56742,17,3343
448,-0.315204,7,3350
449,-0.39665,4,3354
450,-0.820116,5,3359
451,-1.585887,13,3372
452,-0.724363,10,3382
453,-0.74973,8,3390
454,0.009469,5,3395
455,0.001551,2,3397
456,-1.529957,17,3414
457,0.015528,1,3415
458,-1.072056,9,3424
459,-1.845534,13,3437
460,-1.21634,6,3443
461,-1.097627,10,3453
462,-0.365549,3,3456
463,-1.236027,3,3459
464,-0.388353,10,3469
465,-0.41604,6,3475
466,-0.335714,5,3480
467,-0.391903,1,3481
468,-1.534982,10,3491
469,0.033675,3,3494
470,-0.39416,8,3502
471,0.020625,5,3507
472,-0.366153,6,3513
473,-0.290159,12,3525
474,-1.544374,5,3530
475,0.048748,6,3536
476,-1.901892,23,3559
477,-0.750138,7,3566
478,-0.797941,3,3569
479,-0.26372,14,3583
480,-0.356834,5,3588
481,-0.443003,3,3591
482,0.061838,4,3595
483,-1.112113,6,3601
484,-0.36672,4,3605
485,-0.35379,4,3609
486,-0.364095,3,3612
487,0.03479,4,3616
488,-0.435635,4,3620
489,-0.797476,10,3630
490,-0.681873,13,3643
491,-0.417431,3,3646
492,0.029036,4,3650
493,-0.699713,7,3657
494,0.033466,3,3660
495,-1.029214,16,3676
496,-0.789585,4,3680
497,0.032541,3,3683
498,0.034089,4,3687
499,-0.688859,8,3695
500,-0.725008,8,3703
501,-1.363336,23,3726
502,-2.293268,20,3746
503,-0.367139,8,3754
504,-1.175756,5,3759
505,-0.777176,4,3763
506,0.049436,4,3767
507,-1.103219,7,3774
508,-0.441264,2,3776
509,-0.745132,9,3785
510,-1.920502,8,3793
511,-1.493395,10,3803
512,-0.325047,5,3808
513,-0.295001,9,3817
514,-0.01721,4,3821
515,-0.720407,6,3827
516,0.076223,6,3833
517,0.144594,13,3846
518,-1.194414,5,3851
519,-0.412018,4,3855
520,-0.366715,2,3857
521,-0.372575,7,3864
522,-1.481417,9,3873
523,-4.132486,26,3899
524,-0.03111,2,3901
525,-1.135037,7,3908
526,-0.744882,8,3916
527,-0.295609,7,3923
528,-2.567456,24,3947
529,0.037256,4,3951
530,-0.324509,5,3956
531,-1.493684,11,3967
532,-0.686691,12,3979
533,0.028307,2,3981
534,-0.368918,2,3983
535,-2.173908,16,3999
536,-0.716096,6,4005
537,0.044265,3,4008
538,-1.555268,9,4017
539,-0.352827,4,4021
540,-0.75297,5,4026
541,-0.371369,3,4029
542,0.08989,7,4036
543,-0.323796,5,4041
544,0.002546,2,4043
545,-1.122995,6,4049
546,-0.758312,4,4053
547,-0.367256,3,4056
548,-1.415086,20,4076
549,-0.727211,8,4084
550,-0.757572,3,4087
551,-0.792219,13,4100
552,0.009669,2,4102
553,-0.329006,11,4113
554,0.060424,4,4117
555,0.002406,4,4121
556,0.035176,4,4125
557,0.019962,1,4126
558,-0.326367,5,4131
559,-1.571913,9,4140
560,-0.341231,6,4146
561,0.036622,2,4148
562,-0.313585,7,4155
563,-1.423951,14,4169
564,-1.049512,12,4181
565,-0.365231,4,4185
566,0.016936,1,4186
567,0.055843,5,4191
568,-0.361099,6,4197
569,-0.290295,16,4213
570,-0.360925,8,4221
571,-1.123523,6,4227
572,0.057673,4,4231
573,-1.529407,12,4243
574,-0.366453,5,4248
575,-1.547811,7,4255
576,0.043064,3,4258
577,-0.387165,5,4263
578,0.031604,3,4266
579,-0.81815,9,4275
580,-1.155441,7,4282
581,-0.739738,6,4288
582,-0.059689,2,4290
583,0.049178,3,4293
584,0.041793,3,4296
585,-0.395823,3,4299
586,-1.127628,7,4306
587,0.089069,9,4315
588,0.024163,5,4320
589,0.048937,6,4326
590,-1.549675,13,4339
591,-0.29981,8,4347
592,-0.41909,4,4351
593,-1.388019,19,4370
594,-0.363362,3,4373
595,-1.164931,7,4380
596,-0.697179,8,4388
597,-0.417576,3,4391
598,0.003148,2,4393
599,-0.386238,1,4394
600,-0.761929,12,4406
601,0.031324,4,4410
602,-1.210289,6,4416
603,-0.338949,4,4420
604,-0.79534,5,4425
605,0.072493,5,4430
606,-0.381978,6,4436
607,0.07721,8,4444
608,-0.716997,10,4454
609,-0.706076,6,4460
610,-0.350566,3,4463
611,0.040829,4,4467
612,-0.413851,4,4471
613,-1.176829,7,4478
614,0.111062,11,4489
615,-0.374146,2,4491
616,-0.337972,10,4501
617,0.030113,5,4506
618,-0.687774,8,4514
619,-0.276248,9,4523
620,-1.872356,12,4535
621,-0.347,5,4540
622,-0.365047,3,4543
623,0.007449,2,4545
624,-1.120871,8,4553
625,-0.046297,4,4557
626,-0.39219,5,4562
627,0.038206,4,4566
628,-0.308895,7,4573
629,-0.369882,7,4580
630,-0.766157,4,4584
631,-0.35344,5,4589
632,-0.321703,5,4594
633,-0.29783,8,4602
634,-0.287529,11,4613
635,-0.818692,5,4618
636,-0.769005,8,4626
637,-1.040427,13,4639
638,-0.314891,7,4646
639,-0.344258,4,4650
640,-0.361006,5,4655
641,-0.792278,6,4661
642,0.045231,7,4668
643,0.004398,2,4670
644,-0.373744,4,4674
645,-0.679764,15,4689
646,0.043722,5,4694
647,-0.335793,6,4700
648,-0.012092,1,4701
649,-0.363006,7,4708
650,0.059389,8,4716
651,-0.365197,6,4722
652,-0.000713,1,4723
653,-0.667836,10,4733
654,-0.736247,7,4740
655,-0.352147,7,4747
656,-0.405135,6,4753
657,-0.350055,4,4757
658,0.046743,3,4760
659,-0.735359,14,4774
660,-0.400165,4,4778
661,-0.714792,9,4787
662,-0.338569,13,4800
663,-1.776993,22,4822
664,-0.749696,17,4839
665,-1.840946,19,4858
666,0.046486,4,4862
667,-0.72979,5,4867
668,-0.272715,9,4876
669,-1.962731,9,4885
670,0.044998,4,4889
671,0.049769,5,4894
672,0.023747,3,4897
673,0.054689,5,4902
674,0.069128,6,4908
675,0.007878,2,4910
676,0.165757,13,4923
677,-1.13783,14,4937
678,-0.375951,5,4942
679,0.006548,1,4943
680,0.05458,6,4949
681,0.017375,1,4950
682,0.084767,9,4959
683,-0.750523,8,4967
684,-0.712092,8,4975
685,0.024921,2,4977
686,-0.330416,12,4989
687,0.021066,3,4992
688,-0.756828,4,4996
689,-0.745975,4,5000
690,0.164695,15,5015
691,-0.816983,4,5019
692,-0.38739,7,5026
693,-0.302346,9,5035
694,0.01374,2,5037
695,-0.753412,5,5042
696,0.040371,4,5046
697,0.007915,7,5053
698,0.002746,1,5054
699,-0.352598,5,5059
700,-0.390751,9,5068
701,-0.001332,1,5069
702,-0.31116,6,5075
703,-0.807662,4,5079
704,-0.388227,3,5082
705,-0.376998,6,5088
706,0.033923,5,5093
707,-0.328188,7,5100
708,0.031902,3,5103
709,0.034647,3,5106
710,0.079894,7,5113
711,-0.512745,18,5131
712,-0.372993,5,5136
713,0.030537,6,5142
714,-1.558262,12,5154
715,0.013847,1,5155
716,-0.701911,7,5162
717,-0.367429,6,5168
718,-1.371796,19,5187
719,0.003049,3,5190
720,0.011974,4,5194
721,-1.178918,14,5208
722,-0.284567,10,5218
723,-0.293627,7,5225
724,-0.673776,11,5236
725,0.024538,5,5241
726,0.093405,6,5247
727,-1.976928,8,5255
728,-0.700213,6,5261
729,-1.153616,5,5266
730,-0.396268,3,5269
731,-0.363657,9,5278
732,-0.74371,8,5286
733,-0.305212,8,5294
734,0.067609,5,5299
735,-0.271546,8,5307
736,-1.121912,11,5318
737,-0.412287,5,5323
738,-0.383398,5,5328
739,-0.397827,4,5332
740,-0.00365,3,5335
741,-0.404297,4,5339
742,-0.314518,9,5348
743,-0.005258,3,5351
744,-0.351066,7,5358
745,-0.347223,5,5363
746,0.019185,1,5364
747,0.08499,6,5370
748,-0.356663,6,5376
749,-0.017334,1,5377
750,-0.39036,6,5383
751,-0.139521,7,5390
752,-0.334664,14,5404
753,-0.771759,3,5407
754,-0.342105,4,5411
755,-0.781904,11,5422
756,-0.445314,8,5430
757,0.044812,3,5433
758,-1.128982,7,5440
759,-0.383098,4,5444
760,0.01461,4,5448
761,-0.383377,11,5459
762,-1.539091,9,5468
763,0.013,1,5469
764,-0.283847,9,5478
765,-0.361798,4,5482
766,-0.361159,6,5488
767,-0.710861,9,5497
768,-0.382139,8,5505
769,0.044563,3,5508
770,-0.344535,7,5515
771,-0.027874,6,5521
772,-0.366573,4,5525
773,-0.37582,7,5532
774,-0.728978,5,5537
775,0.026688,5,5542
776,-0.70167,7,5549
777,-0.737215,12,5561
778,-0.482506,2,5563
779,-0.376447,4,5567
780,-0.332425,7,5574
781,-1.070964,14,5588
782,-0.773641,5,5593
783,-0.346005,11,5604
784,-0.332336,6,5610
785,0.048208,5,5615
786,0.021491,4,5619
787,-1.163016,9,5628
788,-0.711865,8,5636
789,-0.336929,7,5643
790,0.133055,13,5656
791,0.01096,4,5660
792,0.04893,4,5664
793,-0.008352,2,5666
794,0.084888,6,5672
795,-1.127118,9,5681
796,-1.097007,13,5694
797,0.093547,10,5704
798,-0.398365,4,5708
799,-0.317647,8,5716
800,-0.404898,3,5719
801,-1.557923,8,5727
802,0.027492,5,5732
803,-0.407629,4,5736
804,-0.337105,6,5742
805,-0.732212,5,5747
806,-0.384954,5,5752
807,0.018248,1,5753
808,0.065781,5,5758
809,0.024427,6,5764
810,-0.009436,3,5767
811,-0.400995,4,5771
812,-0.768434,5,5776
813,0.089113,6,5782
814,-0.661913,13,5795
815,-0.365682,4,5799
816,-0.376921,3,5802
817,0.048094,6,5808
818,0.034967,3,5811
819,-0.389274,1,5812
820,0.03545,8,5820
821,-0.382195,4,5824
822,0.0074,4,5828
823,-0.725098,6,5834
824,0.038513,3,5837
825,-0.010299,1,5838
826,-0.695103,8,5846
827,-1.076093,12,5858
828,-0.356001,5,5863
829,0.008236,4,5867
830,-0.745282,5,5872
831,-2.555365,25,5897
832,-0.338745,5,5902
833,0.036371,7,5909
834,0.026405,6,5915
835,0.051791,5,5920
836,0.06154,5,5925
837,-0.067052,4,5929
838,0.065763,5,5934
839,0.013434,1,5935
840,-0.394747,3,5938
841,-0.711402,12,5950
842,-1.061938,12,5962
843,-0.306228,7,5969
844,-0.38121,5,5974
845,-0.690665,20,5994
846,-0.78701,11,6005
847,-0.748052,6,6011
848,-0.70812,6,6017
849,-0.394465,1,6018
850,0.04845,6,6024
851,0.02496,5,6029
852,-0.75811,6,6035
853,-0.002597,1,6036
854,-1.020264,28,6064
855,-0.026736,4,6068
856,0.016891,4,6072
857,0.020907,3,6075
858,-0.385771,4,6079
859,-0.01439,3,6082
860,-0.331884,6,6088
861,-0.364666,5,6093
862,0.006545,5,6098
863,0.027881,4,6102
864,-1.072402,11,6113
865,-0.04743,3,6116
866,-0.321855,6,6122
867,-0.677625,13,6135
868,-0.394903,8,6143
869,-0.38011,2,6145
870,-0.003801,6,6151
871,0.050397,5,6156
872,-0.599434,22,6178
873,0.126912,12,6190
874,-0.055933,2,6192
875,0.034644,2,6194
876,-0.053904,3,6197
877,0.049672,3,6200
878,-0.350707,9,6209
879,-0.333381,5,6214
880,0.006402,1,6215
881,0.055868,5,6220
882,-0.00056,2,6222
883,0.008697,2,6224
884,-1.05372,13,6237
885,-0.314183,15,6252
886,0.024467,3,6255
887,-0.03824,3,6258
888,-0.331905,5,6263
889,-0.332541,9,6272
890,0.032896,2,6274
891,-0.449399,4,6278
892,0.018897,3,6281
893,0.095927,8,6289
894,-0.324947,10,6299
895,0.012779,4,6303
896,-0.010484,1,6304
897,-0.412447,1,6305
898,-0.671472,10,6315
899,-0.649966,10,6325
900,0.070525,4,6329
901,-0.774204,6,6335
902,-0.391237,7,6342
903,-0.357296,3,6345
904,0.045471,4,6349
905,-0.699116,10,6359
906,-0.450441,4,6363
907,-0.015686,7,6370
908,0.049939,6,6376
909,-0.391348,6,6382
910,-0.356763,3,6385
911,-0.021587,4,6389
912,0.075991,7,6396
913,0.038332,7,6403
914,0.074796,5,6408
915,-0.357958,6,6414
916,-0.665982,9,6423
917,-0.353666,3,6426
918,0.029057,2,6428
919,0.027119,8,6436
920,0.018323,1,6437
921,0.067581,7,6444
922,0.010179,1,6445
923,-0.670888,13,6458
924,-0.325262,5,6463
925,-0.355202,4,6467
926,-0.36366,3,6470
927,0.032588,7,6477
928,0.01164,4,6481
929,0.01335,3,6484
930,0.000241,7,6491
931,-0.332685,10,6501
932,-0.727698,8,6509
933,0.038914,4,6513
934,0.057453,8,6521
935,0.028671,2,6523
936,0.013048,3,6526
937,0.0771,7,6533
938,-0.397163,2,6535
939,0.054593,3,6538
940,0.005701,7,6545
941,0.011345,1,6546
942,-0.004502,2,6548
943,0.08175,10,6558
944,0.048848,4,6562
945,-0.388517,4,6566
946,-0.39472,3,6569
947,0.038569,5,6574
948,0.074374,7,6581
949,-0.783386,8,6589
950,-0.023516,2,6591
951,-0.004346,3,6594
952,-0.288866,11,6605
953,-0.02088,5,6610
954,0.045786,4,6614
955,0.033377,3,6617
956,-0.331529,7,6624
957,0.074343,8,6632
958,-0.4649,4,6636
959,-0.162366,20,6656
960,0.024419,5,6661
961,0.041928,3,6664
962,0.028537,3,6667
963,-0.340205,8,6675
964,-0.31258,7,6682
965,-0.768236,4,6686
966,-0.309441,10,6696
967,0.052374,3,6699
968,-0.314186,7,6706
969,-0.305574,9,6715
970,0.05416,4,6719
971,-0.306647,6,6725
972,-0.761787,6,6731
973,0.051739,4,6735
974,-0.339006,6,6741
975,-0.308961,7,6748
976,0.04155,5,6753
977,0.084399,6,6759
978,-0.400831,3,6762
979,0.033952,4,6766
980,0.02374,3,6769
981,0.048895,4,6773
982,0.110665,10,6783
983,-0.33193,10,6793
984,0.024264,3,6796
985,-0.361252,4,6800
986,-1.112224,13,6813
987,-0.285524,9,6822
988,0.093988,8,6830
989,0.14238,10,6840
990,-0.387804,6,6846
991,0.07921,6,6852
992,0.059468,4,6856
993,0.015927,1,6857
994,0.06635,4,6861
995,-0.298427,8,6869
996,-0.334811,5,6874
997,-0.76982,7,6881
998,0.048747,8,6889
999,0.023182,3,6892
1000,-0.399773,11,6903
1001,-1.50497,12,6915
1002,-0.395155,5,6920
1003,0.058598,12,6932
1004,0.024437,2,6934
1005,-0.349377,6,6940
1006,-1.121215,7,6947
1007,0.063208,6,6953
1008,0.03767,8,6961
1009,0.064173,4,6965
1010,-0.324264,10,6975
1011,-0.296511,6,6981
1012,0.044105,3,6984
1013,0.045608,5,6989
1014,-0.319106,6,6995
1015,-0.956254,19,7014
1016,0.066272,5,7019
1017,-0.421538,4,7023
1018,-0.359087,5,7028
1019,-0.343549,6,7034
1020,-0.34968,4,7038
1021,-0.762387,4,7042
1022,0.040237,5,7047
1023,-0.011517,7,7054
1024,-0.801736,5,7059
1025,0.074791,5,7064
1026,-0.303668,7,7071
1027,0.141932,13,7084
1028,-0.33573,6,7090
1029,-0.021862,4,7094
1030,-0.029263,3,7097
1031,-0.00857,1,7098
1032,0.041364,5,7103
1033,0.076022,9,7112
1034,-0.344052,3,7115
1035,0.025277,2,7117
1036,0.067005,6,7123
1037,0.06985,6,7129
1038,-0.331218,8,7137
1039,0.036996,3,7140
1040,0.008421,4,7144
1041,-0.00666,3,7147
1042,-0.016301,4,7151
1043,-0.414313,5,7156
1044,-0.321449,10,7166
1045,-0.021041,2,7168
1046,-0.74052,13,7181
1047,0.190831,23,7204
1048,-0.384202,5,7209
1049,-0.388334,4,7213
1050,0.059372,4,7217
1051,0.033778,4,7221
1052,-0.416419,4,7225
1053,0.038125,5,7230
1054,-0.385802,1,7231
1055,-0.329399,7,7238
1056,-1.137315,8,7246
1057,0.025067,4,7250
1058,-0.055841,2,7252
1059,-0.385252,6,7258
1060,0.041022,7,7265
1061,-0.322393,6,7271
1062,-0.392313,6,7277
1063,0.060005,11,7288
1064,-0.397362,3,7291
1065,-0.033828,3,7294
1066,-0.018313,2,7296
1067,-0.008742,1,7297
1068,0.001967,7,7304
1069,0.079656,5,7309
1070,-0.355076,6,7315
1071,0.046426,4,7319
1072,0.060373,7,7326
1073,0.071092,5,7331
1074,-0.762179,4,7335
1075,-0.709477,6,7341
1076,0.016475,3,7344
1077,-0.826517,7,7351
1078,-0.255512,11,7362
1079,0.033509,7,7369
1080,-0.357046,3,7372
1081,-0.012984,3,7375
1082,-1.553732,7,7382
1083,-0.364784,8,7390
1084,0.070468,10,7400
1085,0.051157,4,7404
1086,0.018898,2,7406
1087,-0.242051,10,7416
1088,0.004758,2,7418
1089,0.09223,10,7428
1090,0.106121,11,7439
1091,-1.501671,11,7450
1092,-0.011088,5,7455
1093,-0.850889,3,7458
1094,-0.629853,14,7472
1095,-0.737178,13,7485
1096,0.276869,19,7504
1097,-0.388538,7,7511
1098,-1.109571,8,7519
1099,0.011822,3,7522
1100,0.040679,3,7525
1101,0.060631,4,7529
1102,-0.646222,11,7540
1103,0.020695,4,7544
1104,-0.205544,16,7560
1105,-1.167892,12,7572
1106,0.008232,5,7577
1107,0.036885,4,7581
1108,-0.7728,3,7584
1109,-0.403329,2,7586
1110,0.021414,2,7588
1111,-0.027218,4,7592
1112,0.028831,10,7602
1113,-0.068708,3,7605
1114,0.030629,4,7609
1115,-0.372513,6,7615
1116,-1.010977,19,7634
1117,-1.10688,11,7645
1118,-0.300383,12,7657
1119,0.070483,5,7662
1120,-0.423542,5,7667
1121,0.01132,4,7671
1122,0.024561,2,7673
1123,0.004121,5,7678
1124,-0.0233,3,7681
1125,-0.343395,5,7686
1126,-0.325572,7,7693
1127,-0.358396,4,7697
1128,-0.019856,4,7701
1129,-0.295054,7,7708
1130,0.012872,5,7713
1131,0.095775,9,7722
1132,-0.352576,7,7729
1133,-0.155924,18,7747
1134,-0.337351,6,7753
1135,-0.348588,6,7759
1136,0.068604,9,7768
1137,-0.638175,13,7781
1138,-0.00643,3,7784
1139,-0.361228,5,7789
1140,0.043316,3,7792
1141,0.010435,3,7795
1142,-0.352321,5,7800
1143,-0.718904,18,7818
1144,-0.386963,4,7822
1145,0.015907,3,7825
1146,0.042904,5,7830
1147,0.02903,5,7835
1148,0.078781,7,7842
1149,0.007877,4,7846
1150,0.0752,7,7853
1151,-0.306258,7,7860
1152,-0.017202,3,7863
1153,0.066771,4,7867
1154,-0.371408,6,7873
1155,-0.316,16,7889
1156,0.041714,5,7894
1157,0.098781,8,7902
1158,-0.695907,14,7916
1159,0.114297,12,7928
1160,0.034998,4,7932
1161,0.035322,2,7934
1162,0.01629,1,7935
1163,-0.007099,5,7940
1164,0.023456,4,7944
1165,-0.016221,1,7945
1166,0.011699,1,7946
1167,-0.313999,8,7954
1168,-0.319124,10,7964
1169,0.180203,18,7982
1170,0.061124,4,7986
1171,0.027056,3,7989
1172,-0.016024,3,7992
1173,-0.345475,5,7997
1174,-0.021668,2,7999
1175,0.037654,5,8004
1176,0.016246,3,8007
1177,0.095192,10,8017
1178,0.020062,1,8018
1179,0.077333,7,8025
1180,0.081104,6,8031
1181,0.052563,6,8037
1182,0.062949,7,8044
1183,0.035579,3,8047
1184,0.045034,6,8053
1185,-0.736023,6,8059
1186,-0.659247,14,8073
1187,-0.37493,3,8076
1188,-0.405831,3,8079
1189,-0.334581,8,8087
1190,-1.130367,17,8104
1191,0.016048,1,8105
1192,-0.37702,18,8123
1193,0.036884,2,8125
1194,0.039186,3,8128
1195,-0.363805,4,8132
1196,0.067749,5,8137
1197,-0.274027,7,8144
1198,-0.632442,14,8158
1199,0.01106,1,8159
1200,0.058199,6,8165
1201,0.022158,2,8167
1202,-0.295333,8,8175
1203,-0.264096,13,8188
1204,-0.382428,5,8193
1205,-0.360209,7,8200
1206,-0.016063,3,8203
1207,0.259968,24,8227
1208,0.019713,3,8230
1209,0.024319,6,8236
1210,-0.748215,8,8244
1211,-0.422849,3,8247
1212,0.086076,9,8256
1213,-0.350072,5,8261
1214,0.014584,3,8264
1215,-0.278654,10,8274
1216,-0.32015,7,8281
1217,0.015361,2,8283
1218,-0.339966,7,8290
1219,0.05621,6,8296
1220,-0.30167,21,8317
1221,-0.320119,11,8328
1222,-0.355509,4,8332
1223,0.070373,6,8338
1224,-0.392889,7,8345
1225,0.1239,14,8359
1226,0.030345,8,8367
1227,-0.275245,8,8375
1228,0.013894,3,8378
1229,-0.392375,2,8380
1230,0.126163,10,8390
1231,0.106545,8,8398
1232,-0.399361,4,8402
1233,0.086499,6,8408
1234,0.014636,3,8411
1235,0.205161,15,8426
1236,0.085792,12,8438
1237,-0.028355,7,8445
1238,-0.003906,6,8451
1239,-0.266728,14,8465
1240,0.01646,3,8468
1241,-0.024459,5,8473
1242,-0.70281,8,8481
1243,0.057919,5,8486
1244,-0.406493,3,8489
1245,0.047605,5,8494
1246,0.049,6,8500
1247,-0.003285,5,8505
1248,0.05201,7,8512
1249,0.016869,5,8517
1250,0.050268,4,8521
1251,-0.285695,12,8533
1252,0.020223,5,8538
1253,-0.239379,12,8550
1254,0.021167,3,8553
1255,0.001031,2,8555
1256,-0.400696,11,8566
1257,9.9e-05,5,8571
1258,0.070489,6,8577
1259,0.010753,5,8582
1260,-0.357282,12,8594
1261,0.098504,6,8600
1262,-0.372971,4,8604
1263,0.005321,3,8607
1264,-1.219402,21,8628
1265,-0.020235,5,8633
1266,-0.338403,7,8640
1267,0.001555,4,8644
1268,0.054852,6,8650
1269,-0.274303,17,8667
1270,0.00351,1,8668
1271,-0.312049,8,8676
1272,-0.058576,4,8680
1273,0.01583,1,8681
1274,0.056589,6,8687
1275,-0.008925,7,8694
1276,-0.385457,2,8696
1277,-0.029188,2,8698
1278,-0.363525,5,8703
1279,0.007825,3,8706
1280,-0.330734,7,8713
1281,-0.31916,9,8722
1282,0.016315,5,8727
1283,0.070518,10,8737
1284,-0.004098,3,8740
1285,0.021407,3,8743
1286,-0.010055,8,8751
1287,-0.740493,6,8757
1288,-0.019395,9,8766
1289,0.125466,10,8776
1290,0.014496,3,8779
1291,0.087961,8,8787
1292,0.011538,3,8790
1293,-0.019664,5,8795
1294,0.128782,9,8804
1295,0.069082,6,8810
1296,-0.359863,7,8817
1297,0.031686,5,8822
1298,-0.278175,8,8830
1299,-0.418942,5,8835
1300,0.043944,3,8838
1301,-0.729283,6,8844
1302,0.022963,3,8847
1303,-0.389367,7,8854
1304,0.017483,1,8855
1305,-0.359362,6,8861
1306,-0.59257,15,8876
1307,0.091002,10,8886
1308,-0.372206,3,8889
1309,-0.747378,5,8894
1310,-0.013874,3,8897
1311,0.039828,4,8901
1312,0.048667,6,8907
1313,-0.280635,12,8919
1314,-0.751465,5,8924
1315,-0.34474,10,8934
1316,0.036813,7,8941
1317,-0.24726,19,8960
1318,0.059261,5,8965
1319,-0.349941,13,8978
1320,0.040391,5,8983
1321,-0.000591,1,8984
1322,0.028136,3,8987
1323,-0.398151,6,8993
1324,0.045877,3,8996
1325,-0.106239,20,9016
1326,-0.007752,1,9017
1327,0.048493,4,9021
1328,-0.027361,2,9023
1329,-0.340788,7,9030
1330,-0.331175,10,9040
1331,0.000675,2,9042
1332,0.0053,4,9046
1333,-0.282797,14,9060
1334,-0.399735,5,9065
1335,0.082873,6,9071
1336,0.064777,5,9076
1337,0.018901,1,9077
1338,-0.406851,3,9080
1339,-1.436216,22,9102
1340,-0.8623,5,9107
1341,0.094887,9,9116
1342,-0.141606,26,9142
1343,0.090185,5,9147
1344,-0.697443,10,9157
1345,-0.293112,7,9164
1346,0.084772,5,9169
1347,0.057115,7,9176
1348,-0.011877,3,9179
1349,-0.333653,8,9187
1350,-0.011463,2,9189
1351,0.013273,1,9190
1352,-0.396676,8,9198
1353,0.084373,5,9203
1354,0.040854,3,9206
1355,0.145821,11,9217
1356,-0.001357,4,9221
1357,0.136016,13,9234
1358,-0.318239,6,9240
1359,-0.001028,1,9241
1360,0.038855,4,9245
1361,0.04476,4,9249
1362,-0.019803,2,9251
1363,0.033865,2,9253
1364,0.034354,3,9256
1365,-0.00392,1,9257
1366,0.016753,1,9258
1367,0.026812,4,9262
1368,0.069442,12,9274
1369,0.10335,9,9283
1370,-0.412813,3,9286
1371,-0.366081,3,9289
1372,0.052572,8,9297
1373,-0.343338,7,9304
1374,0.018753,5,9309
1375,0.0332,3,9312
1376,-0.03092,3,9315
1377,0.015226,1,9316
1378,0.006799,3,9319
1379,-0.364526,7,9326
1380,0.05873,7,9333
1381,0.014963,2,9335
1382,-0.702954,8,9343
1383,0.086051,11,9354
1384,-0.437339,6,9360
1385,-0.344647,8,9368
1386,-0.366098,5,9373
1387,0.092526,9,9382
1388,0.018633,4,9386
1389,0.046618,11,9397
1390,0.073224,6,9403
1391,0.220827,16,9419
1392,0.011364,3,9422
1393,0.088656,9,9431
1394,0.004527,1,9432
1395,0.053008,6,9438
1396,0.108019,8,9446
1397,0.021109,5,9451
1398,-0.793381,3,9454
1399,-0.377208,7,9461
1400,0.090355,6,9467
1401,-1.079922,26,9493
1402,0.039682,5,9498
1403,-0.293767,13,9511
1404,-0.024553,3,9514
1405,0.045474,6,9520
1406,-0.019658,2,9522
1407,0.024798,3,9525
1408,0.153101,15,9540
1409,0.063379,4,9544
1410,0.074198,6,9550
1411,0.099002,7,9557
1412,0.032434,2,9559
1413,-0.34408,7,9566
1414,0.159659,12,9578
1415,-0.755203,5,9583
1416,0.141245,11,9594
1417,-0.648378,20,9614
1418,0.105128,14,9628
1419,-1.161417,4,9632
1420,0.068241,5,9637
1421,-1.050257,17,9654
1422,-0.002746,4,9658
1423,-0.00962,5,9663
1424,-0.357662,5,9668
1425,0.03101,4,9672
1426,-0.403237,5,9677
1427,0.022314,4,9681
1428,0.0991,13,9694
1429,-0.365908,5,9699
1430,0.005739,3,9702
1431,-0.227206,17,9719
1432,0.070816,6,9725
1433,0.015676,3,9728
1434,-0.007111,2,9730
1435,-0.393635,5,9735
1436,0.07936,6,9741
1437,0.087981,7,9748
1438,0.048737,6,9754
1439,0.189543,12,9766
1440,-0.322469,9,9775
1441,0.049848,4,9779
1442,0.039966,4,9783
1443,0.058938,4,9787
1444,0.028728,4,9791
1445,0.018352,8,9799
1446,0.012679,3,9802
1447,0.03547,5,9807
1448,0.052645,4,9811
1449,0.067445,5,9816
1450,-0.378045,4,9820
1451,-0.005714,2,9822
1452,0.04118,4,9826
1453,-0.017363,5,9831
1454,0.004562,3,9834
1455,-0.005967,2,9836
1456,0.045812,3,9839
1457,-0.299023,10,9849
1458,-0.364012,6,9855
1459,0.005991,12,9867
1460,0.021951,3,9870
1461,-0.330251,7,9877
1462,0.142768,23,9900
1463,-0.012669,4,9904
1464,0.059443,7,9911
1465,0.070962,5,9916
1466,-0.387622,2,9918
1467,-0.24289,14,9932
1468,0.096051,8,9940
1469,-0.355779,6,9946
1470,0.076352,12,9958
1471,-0.355053,8,9966
1472,0.047028,7,9973
1473,-0.349364,8,9981
1474,-0.014641,5,9986
1475,-0.36256,5,9991
1476,-0.355181,6,9997
1477,-0.000495,4,10001
1478,-0.012117,1,10002
1479,0.011013,3,10005
1480,-0.246825,11,10016
1481,-1.216358,16,10032
1482,-0.705054,7,10039
1483,-0.731229,6,10045
1484,-0.347732,4,10049
1485,0.150543,12,10061
1486,0.008959,1,10062
1487,0.035723,3,10065
1488,-0.229851,30,10095
1489,-0.371913,13,10108
1490,0.031178,5,10113
1491,0.151533,11,10124
1492,-0.058536,2,10126
1493,-0.409511,3,10129
1494,0.055554,4,10133
1495,-0.370657,6,10139
1496,-0.266925,13,10152
1497,0.019203,3,10155
1498,-0.005179,1,10156
1499,0.074667,5,10161
1500,0.062239,4,10165
1501,0.079403,5,10170
1502,-1.166417,7,10177
1503,-0.81503,4,10181
1504,-0.263908,11,10192
1505,-0.393844,3,10195
1506,-0.313459,5,10200
1507,-0.372477,5,10205
1508,0.027197,7,10212
1509,-0.036665,1,10213
1510,0.073681,4,10217
1511,0.092682,9,10226
1512,-0.421916,3,10229
1513,-0.214134,22,10251
1514,0.180683,16,10267
1515,-0.013541,3,10270
1516,-0.060036,2,10272
1517,0.074045,7,10279
1518,0.070397,6,10285
1519,0.062123,10,10295
1520,-0.389345,10,10305
1521,-0.008453,4,10309
1522,0.018114,3,10312
1523,0.013549,3,10315
1524,0.048969,5,10320
1525,-0.009905,3,10323
1526,0.035951,5,10328
1527,0.027518,3,10331
1528,0.055629,4,10335
1529,0.017733,4,10339
1530,0.015208,3,10342
1531,-0.020277,4,10346
1532,0.017718,6,10352
1533,-0.013206,4,10356
1534,0.062675,5,10361
1535,-0.402322,2,10363
1536,-0.036752,4,10367
1537,-0.364876,3,10370
1538,0.05647,11,10381
1539,0.116152,8,10389
1540,0.071123,6,10395
1541,0.05044,4,10399
1542,0.047529,4,10403
1543,0.065296,7,10410
1544,-0.378155,7,10417
1545,0.048801,3,10420
1546,-0.24452,12,10432
1547,0.011345,1,10433
1548,-0.333227,8,10441
1549,0.040048,5,10446
1550,0.046523,3,10449
1551,-0.422651,9,10458
1552,-0.307691,7,10465
1553,0.077435,10,10475
1554,-0.375612,5,10480
1555,-0.001066,3,10483
1556,0.014505,5,10488
1557,0.037778,3,10491
1558,0.023653,3,10494
1559,0.095744,13,10507
1560,0.056819,4,10511
1561,0.001695,2,10513
1562,0.050041,4,10517
1563,0.124912,14,10531
1564,0.060632,4,10535
1565,0.018531,2,10537
1566,0.053969,3,10540
1567,0.078234,8,10548
1568,0.002926,2,10550
1569,0.023739,3,10553
1570,0.010896,2,10555
1571,0.032606,4,10559
1572,0.023954,2,10561
1573,-0.008211,4,10565
1574,0.03787,3,10568
1575,0.074371,5,10573
1576,0.036173,4,10577
1577,-0.273485,14,10591
1578,0.015774,1,10592
1579,-0.362004,8,10600
1580,-0.608531,16,10616
1581,-0.655087,16,10632
1582,0.013351,2,10634
1583,0.06863,5,10639
1584,0.024164,5,10644
1585,0.078752,10,10654
1586,0.066471,6,10660
1587,-0.599865,27,10687
1588,-0.000941,2,10689
1589,-0.304302,9,10698
1590,-0.336647,6,10704
1591,-0.283676,11,10715
1592,0.017726,1,10716
1593,0.086644,8,10724
1594,0.056519,5,10729
1595,-0.081086,3,10732
1596,0.000369,1,10733
1597,0.093529,6,10739
1598,-0.00258,5,10744
1599,0.010828,4,10748
1600,0.030204,4,10752
1601,-0.001165,2,10754
1602,0.082892,9,10763
1603,-0.849052,7,10770
1604,-0.360885,6,10776
1605,0.02087,5,10781
1606,0.028198,3,10784
1607,-0.028319,2,10786
1608,-0.380077,5,10791
1609,-0.383396,7,10798
1610,-0.000919,1,10799
1611,-0.002295,4,10803
1612,0.040876,6,10809
1613,-0.392339,2,10811
1614,-0.420437,4,10815
1615,-0.047223,2,10817
1616,0.163201,17,10834
1617,-0.354137,4,10838
1618,0.069611,12,10850
1619,-0.038894,1,10851
1620,0.043872,4,10855
1621,-0.733055,7,10862
1622,-0.322198,9,10871
1623,0.026199,2,10873
1624,0.048777,3,10876
1625,0.040834,4,10880
1626,-0.015575,3,10883
1627,-0.004569,9,10892
1628,0.018876,9,10901
1629,-0.348829,5,10906
1630,0.053367,4,10910
1631,0.06824,4,10914
1632,-0.014686,4,10918
1633,-0.024568,2,10920
1634,0.01608,1,10921
1635,0.01421,1,10922
1636,0.045629,3,10925
1637,0.11545,11,10936
1638,0.052258,5,10941
1639,0.041219,4,10945
1640,-0.282185,13,10958
1641,0.050153,5,10963
1642,0.158775,16,10979
1643,-0.000677,4,10983
1644,-0.564998,19,11002
1645,-0.369926,3,11005
1646,0.039626,4,11009
1647,0.002863,6,11015
1648,-0.302612,7,11022
1649,-0.415511,2,11024
1650,0.096294,8,11032
1651,0.043782,3,11035
1652,0.101026,11,11046
1653,-0.357507,3,11049
1654,0.024514,3,11052
1655,0.037383,5,11057
1656,0.050794,8,11065
1657,-0.373603,3,11068
1658,-0.40951,2,11070
1659,0.027791,8,11078
1660,0.013099,4,11082
1661,0.03657,4,11086
1662,0.03768,3,11089
1663,0.021857,3,11092
1664,-0.75536,3,11095
1665,0.018842,1,11096
1666,-0.330632,5,11101
1667,0.07468,6,11107
1668,0.004754,3,11110
1669,0.014216,4,11114
1670,0.120058,8,11122
1671,-0.293627,8,11130
1672,0.009555,1,11131
1673,0.067582,5,11136
1674,-0.395635,3,11139
1675,0.030231,4,11143
1676,-0.336112,5,11148
1677,-0.27731,11,11159
1678,-0.263341,18,11177
1679,0.053236,4,11181
1680,-0.624743,13,11194
1681,0.063175,7,11201
1682,0.041547,3,11204
1683,-0.013647,2,11206
1684,0.043075,11,11217
1685,-0.327558,7,11224
1686,0.007376,3,11227
1687,0.044002,5,11232
1688,0.183912,16,11248
1689,0.146165,15,11263
1690,0.073066,10,11273
1691,-0.374707,5,11278
1692,-0.270999,12,11290
1693,0.032097,4,11294
1694,-0.358182,17,11311
1695,0.024647,3,11314
1696,-0.025202,11,11325
1697,0.03277,7,11332
1698,-0.359311,4,11336
1699,0.052717,6,11342
1700,0.05244,6,11348
1701,0.093772,11,11359
1702,0.072517,5,11364
1703,0.046376,4,11368
1704,0.019145,1,11369
1705,-0.251094,19,11388
1706,-0.301403,10,11398
1707,0.022589,3,11401
1708,-0.303318,9,11410
1709,0.067877,10,11420
1710,-0.338545,8,11428
1711,0.026539,3,11431
1712,-0.329528,4,11435
1713,-0.390682,6,11441
1714,0.093191,8,11449
1715,-0.005765,2,11451
1716,-0.299795,7,11458
1717,0.079311,7,11465
1718,-0.020164,3,11468
1719,0.126627,8,11476
1720,0.000261,3,11479
1721,0.000346,7,11486
1722,-0.0295,3,11489
1723,0.05128,6,11495
1724,0.035611,5,11500
1725,-0.8397,10,11510
1726,0.065702,8,11518
1727,-0.405195,1,11519
1728,0.037444,7,11526
1729,0.103845,10,11536
1730,0.095406,8,11544
1731,0.005086,3,11547
1732,0.027108,2,11549
1733,-0.330695,5,11554
1734,0.04885,7,11561
1735,-0.329928,5,11566
1736,-0.355622,6,11572
1737,0.017448,3,11575
1738,-0.345347,7,11582
1739,-0.0086,2,11584
1740,0.014412,5,11589
1741,-0.040293,6,11595
1742,0.018028,1,11596
1743,0.025082,7,11603
1744,-0.386736,2,11605
1745,-0.365509,6,11611
1746,-0.192169,17,11628
1747,-0.360439,5,11633
1748,-0.773527,4,11637
1749,-0.374017,4,11641
1750,0.003157,1,11642
1751,0.065956,6,11648
1752,0.022642,7,11655
1753,0.014202,3,11658
1754,0.011906,3,11661
1755,0.066655,9,11670
1756,-0.405916,5,11675
1757,0.195955,16,11691
1758,0.090166,6,11697
1759,-0.309594,8,11705
1760,0.134773,10,11715
1761,-0.011097,3,11718
1762,0.023261,2,11720
1763,0.065973,8,11728
1764,0.059856,6,11734
1765,0.055161,6,11740
1766,-0.311182,6,11746
1767,-0.013136,3,11749
1768,-0.324256,5,11754
1769,-0.341843,6,11760
1770,-0.010256,4,11764
1771,0.067761,7,11771
1772,-0.318536,10,11781
1773,0.083545,9,11790
1774,0.11907,8,11798
1775,0.022446,3,11801
1776,0.061268,6,11807
1777,-0.3644,2,11809
1778,0.025889,2,11811
1779,-0.001063,1,11812
1780,-0.347403,4,11816
1781,0.015054,4,11820
1782,-0.038837,4,11824
1783,0.022765,5,11829
1784,0.035834,4,11833
1785,0.02059,5,11838
1786,0.028658,4,11842
1787,0.056503,5,11847
1788,-0.680502,8,11855
1789,0.018063,6,11861
1790,-0.020563,3,11864
1791,0.011085,3,11867
1792,0.033791,6,11873
1793,0.011051,4,11877
1794,0.017323,2,11879
1795,0.015519,5,11884
1796,0.117813,9,11893
1797,0.062346,7,11900
1798,-0.015962,6,11906
1799,0.039124,12,11918
1800,0.023073,5,11923
1801,0.056642,6,11929
1802,-0.373391,21,11950
1803,-0.398698,4,11954
1804,-0.277337,8,11962
1805,0.016273,3,11965
1806,0.046302,5,11970
1807,0.098597,14,11984
1808,-0.273615,12,11996
1809,-0.021847,1,11997
1810,0.024917,9,12006
1811,-0.022312,3,12009
1812,-0.369433,3,12012
1813,0.087377,12,12024
1814,0.04095,3,12027
1815,-0.379342,3,12030
1816,-0.031275,2,12032
1817,-0.743053,8,12040
1818,0.03745,4,12044
1819,-0.019276,2,12046
1820,0.104826,9,12055
1821,-0.261726,16,12071
1822,-0.009721,2,12073
1823,0.132941,11,12084
1824,0.028719,7,12091
1825,0.126014,17,12108
1826,0.07353,4,12112
1827,-0.426129,4,12116
1828,-0.3893,3,12119
1829,0.014293,1,12120
1830,0.015981,1,12121
1831,0.000763,3,12124
1832,0.01026,3,12127
1833,0.069998,7,12134
1834,-0.71901,16,12150
1835,-0.005947,1,12151
1836,-0.301883,8,12159
1837,-0.071684,1,12160
1838,-0.412066,3,12163
1839,-0.321465,6,12169
1840,0.065661,6,12175
1841,0.073931,9,12184
1842,-0.339967,8,12192
1843,-0.000317,1,12193
1844,0.007085,4,12197
1845,0.028415,2,12199
1846,0.040999,5,12204
1847,-0.4363,4,12208
1848,0.024984,2,12210
1849,0.15349,11,12221
1850,0.017254,1,12222
1851,-0.322678,9,12231
1852,0.030038,3,12234
1853,0.005957,5,12239
1854,0.061245,4,12243
1855,0.076071,15,12258
1856,-0.355656,13,12271
1857,-0.388657,1,12272
1858,0.015232,1,12273
1859,0.06354,5,12278
1860,0.049982,4,12282
1861,-0.396267,2,12284
1862,-0.357273,6,12290
1863,0.092184,12,12302
1864,-0.291533,7,12309
1865,0.092791,7,12316
1866,0.043223,4,12320
1867,0.036889,6,12326
1868,0.097047,13,12339
1869,-0.289793,10,12349
1870,-0.030477,1,12350
1871,0.048621,4,12354
1872,0.013493,1,12355
1873,0.025881,6,12361
1874,0.03979,3,12364
1875,-0.728385,7,12371
1876,0.037047,3,12374
1877,0.074379,6,12380
1878,0.107005,16,12396
1879,-0.337701,11,12407
1880,0.019371,1,12408
1881,-0.021827,2,12410
1882,-0.028381,3,12413
1883,0.027123,2,12415
1884,0.072435,5,12420
1885,0.079216,6,12426
1886,-0.375704,6,12432
1887,-0.008895,2,12434
1888,-0.041827,3,12437
1889,0.043297,5,12442
1890,0.02716,6,12448
1891,0.049732,6,12454
1892,0.021659,4,12458
1893,-0.28574,9,12467
1894,0.045731,4,12471
1895,-0.237766,13,12484
1896,-0.303536,10,12494
1897,-0.333371,8,12502
1898,0.102864,9,12511
1899,0.022432,2,12513
1900,0.023087,6,12519
1901,0.140867,16,12535
1902,0.166636,16,12551
1903,-0.41568,5,12556
1904,0.057122,7,12563
1905,-0.212561,16,12579
1906,0.024707,3,12582
1907,0.024922,4,12586
1908,0.026736,2,12588
1909,-0.000891,2,12590
1910,0.08159,6,12596
1911,0.125437,11,12607
1912,-0.370141,5,12612
1913,0.004626,6,12618
1914,0.020777,3,12621
1915,-0.387375,2,12623
1916,0.027216,3,12626
1917,0.013415,2,12628
1918,0.063091,5,12633
1919,0.001262,2,12635
1920,0.017361,1,12636
1921,-0.36641,4,12640
1922,-0.025442,1,12641
1923,0.124358,10,12651
1924,-0.015207,3,12654
1925,-0.280124,10,12664
1926,0.048392,4,12668
1927,0.078056,10,12678
1928,0.067112,5,12683
1929,0.121579,12,12695
1930,0.022599,3,12698
1931,-0.00061,6,12704
1932,-0.034885,5,12709
1933,0.026499,2,12711
1934,-0.29557,7,12718
1935,0.111051,8,12726
1936,0.01608,3,12729
1937,-0.327034,5,12734
1938,-0.015039,3,12737
1939,0.034018,4,12741
1940,0.02182,2,12743
1941,0.081665,7,12750
1942,0.081327,9,12759
1943,0.025167,2,12761
1944,0.027129,2,12763
1945,0.133828,10,12773
1946,0.029301,4,12777
1947,-0.4592,2,12779
1948,0.182048,14,12793
1949,0.035181,3,12796
1950,0.01458,1,12797
1951,0.034964,7,12804
1952,0.014065,2,12806
1953,0.055754,3,12809
1954,0.004207,7,12816
1955,0.011469,1,12817
1956,-0.168735,18,12835
1957,0.047663,6,12841
1958,0.057669,8,12849
1959,-0.128105,21,12870
1960,0.034709,4,12874
1961,-0.001816,3,12877
1962,0.043549,5,12882
1963,0.061176,4,12886
1964,0.035838,10,12896
1965,-0.031393,3,12899
1966,0.018431,1,12900
1967,0.012431,1,12901
1968,0.018355,3,12904
1969,0.047687,6,12910
1970,0.020331,3,12913
1971,0.019579,1,12914
1972,0.025577,4,12918
1973,0.017135,5,12923
1974,0.238519,18,12941
1975,0.04698,5,12946
1976,0.024073,5,12951
1977,0.003178,4,12955
1978,0.014264,1,12956
1979,0.059748,6,12962
1980,0.058335,6,12968
1981,-0.266816,10,12978
1982,0.0881,10,12988
1983,0.070852,8,12996
1984,0.095187,10,13006
1985,0.047729,11,13017
1986,0.021702,2,13019
1987,-0.35459,5,13024
1988,-0.027029,3,13027
1989,-0.344978,7,13034
1990,0.082856,5,13039
1991,0.016414,1,13040
1992,0.005072,3,13043
1993,0.053101,5,13048
1994,0.020916,2,13050
1995,0.005988,1,13051
1996,-0.349481,8,13059
1997,-0.021106,2,13061
1998,0.006333,3,13064
1999,-0.038398,4,13068
2000,0.009331,3,13071
2001,-0.257093,10,13081
2002,-0.024024,5,13086
2003,0.051113,5,13091
2004,0.052558,4,13095
2005,-0.286186,9,13104
2006,0.023535,3,13107
2007,0.057039,4,13111
2008,0.058302,4,13115
2009,0.032878,4,13119
2010,0.074659,6,13125
2011,0.084304,9,13134
2012,0.04996,5,13139
2013,0.01867,3,13142
2014,0.091397,7,13149
2015,0.051137,3,13152
2016,-0.637982,12,13164
2017,0.034961,3,13167
2018,0.093053,6,13173
2019,-0.360298,4,13177
2020,0.025824,2,13179
2021,-0.016602,2,13181
2022,0.133594,9,13190
2023,-0.354474,6,13196
2024,-0.043707,2,13198
2025,0.026956,2,13200
2026,-0.264293,19,13219
2027,0.067488,6,13225
2028,-0.024816,3,13228
2029,0.091622,9,13237
2030,0.016661,1,13238
2031,0.075047,6,13244
2032,-0.287554,7,13251
2033,0.048776,7,13258
2034,-0.234566,12,13270
2035,-0.043577,1,13271
2036,-0.775593,6,13277
2037,-0.410263,4,13281
2038,0.013628,3,13284
2039,0.012805,1,13285
2040,0.082081,6,13291
2041,0.041085,14,13305
2042,0.053345,6,13311
2043,-0.00079,2,13313
2044,-0.309273,15,13328
2045,0.083419,8,13336
2046,0.033646,2,13338
2047,0.075392,8,13346
2048,0.06386,6,13352
2049,-0.00195,6,13358
2050,-0.296238,13,13371
2051,-0.387953,4,13375
2052,0.177624,19,13394
2053,0.075638,5,13399
2054,-0.336675,8,13407
2055,0.012051,2,13409
2056,0.016532,3,13412
2057,-0.28355,8,13420
2058,-0.000133,1,13421
2059,0.047074,3,13424
2060,0.00373,2,13426
2061,0.056133,6,13432
2062,0.09059,10,13442
2063,0.045765,3,13445
2064,0.02673,2,13447
2065,0.007903,4,13451
2066,0.061226,5,13456
2067,-0.013139,2,13458
2068,0.109577,7,13465
2069,0.027139,4,13469
2070,0.056821,4,13473
2071,-0.009147,5,13478
2072,0.104438,10,13488
2073,0.024916,4,13492
2074,0.07218,7,13499
2075,-0.063508,23,13522
2076,-0.353118,6,13528
2077,0.08842,10,13538
2078,-0.3609,3,13541
2079,0.002338,6,13547
2080,-0.34516,11,13558
2081,0.079797,8,13566
2082,0.103611,11,13577
2083,0.045529,4,13581
2084,-0.76061,9,13590
2085,-0.323891,11,13601
2086,0.008152,3,13604
2087,0.07208,5,13609
2088,-0.035526,2,13611
2089,0.041457,3,13614
2090,0.017153,1,13615
2091,-0.349632,7,13622
2092,0.051543,8,13630
2093,0.099473,12,13642
2094,0.085878,7,13649
2095,0.03317,10,13659
2096,0.048383,4,13663
2097,0.035329,4,13667
2098,-0.139658,27,13694
2099,0.006019,2,13696
2100,0.046522,5,13701
2101,-0.011069,3,13704
2102,0.034856,3,13707
2103,0.139293,13,13720
2104,0.065886,7,13727
2105,0.043179,10,13737
2106,-0.01404,1,13738
2107,0.010088,4,13742
2108,0.045678,5,13747
2109,-0.303624,7,13754
2110,-0.320082,9,13763
2111,0.059144,5,13768
2112,0.068554,10,13778
2113,0.039016,5,13783
2114,0.072917,5,13788
2115,0.048186,3,13791
2116,-0.777728,6,13797
2117,-0.297591,6,13803
2118,-0.00035,3,13806
2119,-0.334744,4,13810
2120,-0.356989,7,13817
2121,0.065451,5,13822
2122,0.009041,3,13825
2123,0.047044,4,13829
2124,-0.301364,12,13841
2125,0.047747,5,13846
2126,0.050723,4,13850
2127,0.077636,5,13855
2128,0.032594,4,13859
2129,-0.341981,8,13867
2130,-0.008243,2,13869
2131,-0.01316,3,13872
2132,-0.341629,7,13879
2133,0.103571,11,13890
2134,0.001001,2,13892
2135,0.054812,5,13897
2136,-0.379256,8,13905
2137,0.171025,15,13920
2138,0.105247,8,13928
2139,0.02953,4,13932
2140,-0.030521,1,13933
2141,0.027587,3,13936
2142,0.071761,6,13942
2143,0.020578,1,13943
2144,0.108987,7,13950
2145,0.025541,3,13953
2146,0.01393,7,13960
2147,0.040906,7,13967
2148,0.035062,3,13970
2149,0.051952,5,13975
2150,0.06993,6,13981
2151,0.105022,7,13988
2152,0.047975,13,14001
2153,-0.015956,2,14003
2154,-0.305395,6,14009
2155,-0.21309,19,14028
2156,0.017827,2,14030
2157,-0.002785,1,14031
2158,0.112842,8,14039
2159,0.005352,3,14042
2160,0.052083,7,14049
2161,0.003123,2,14051
2162,0.014822,4,14055
2163,-0.410245,5,14060
2164,-0.3313,11,14071
2165,-0.006868,2,14073
2166,0.017235,1,14074
2167,0.082987,7,14081
2168,0.0355,5,14086
2169,0.051344,4,14090
2170,-0.298761,7,14097
2171,-0.744605,8,14105
2172,0.0433,4,14109
2173,0.024191,4,14113
2174,0.153754,10,14123
2175,-0.264711,20,14143
2176,0.121906,11,14154
2177,0.082402,7,14161
2178,0.081643,7,14168
2179,0.094619,11,14179
2180,0.083337,7,14186
2181,0.017864,1,14187
2182,-0.013822,1,14188
2183,0.065119,6,14194
2184,0.007071,1,14195
2185,0.10516,12,14207
2186,0.034589,2,14209
2187,0.0326,4,14213
2188,0.053823,5,14218
2189,-0.62211,14,14232
2190,-0.383488,1,14233
2191,0.020464,5,14238
2192,0.137846,10,14248
2193,0.109236,10,14258
2194,-0.016565,2,14260
2195,-0.011415,3,14263
2196,0.059922,5,14268
2197,0.061512,5,14273
2198,0.036046,5,14278
2199,0.005194,2,14280
2200,0.060394,5,14285
2201,-0.36899,6,14291
2202,0.072723,5,14296
2203,-0.638624,23,14319
2204,-0.368985,4,14323
2205,0.017748,5,14328
2206,0.037584,3,14331
2207,0.012925,2,14333
2208,0.061739,5,14338
2209,0.023924,2,14340
2210,0.004068,1,14341
2211,0.059435,4,14345
2212,0.146179,12,14357
2213,0.015743,1,14358
2214,0.021219,4,14362
2215,0.045906,4,14366
2216,-0.698435,6,14372
2217,0.148507,11,14383
2218,0.093088,7,14390
2219,0.031672,5,14395
2220,0.035845,4,14399
2221,0.002697,1,14400
2222,-0.039344,3,14403
2223,0.032312,3,14406
2224,0.037719,2,14408
2225,0.185994,13,14421
2226,0.121208,10,14431
2227,0.038274,3,14434
2228,0.0799,8,14442
2229,0.182877,12,14454
2230,0.065547,8,14462
2231,0.013828,3,14465
2232,0.031123,2,14467
2233,-0.009608,1,14468
2234,0.085851,7,14475
2235,0.018477,2,14477
2236,0.057511,8,14485
2237,0.031957,5,14490
2238,0.059821,4,14494
2239,0.064118,4,14498
2240,0.03943,3,14501
2241,0.006576,2,14503
2242,-0.775671,10,14513
2243,0.0258,4,14517
2244,0.014782,3,14520
2245,0.027856,3,14523
2246,0.077982,6,14529
2247,0.030571,4,14533
2248,-0.44234,4,14537
2249,0.060051,7,14544
2250,0.036974,4,14548
2251,0.001801,1,14549
2252,-0.015074,2,14551
2253,-0.00562,1,14552
2254,0.028595,5,14557
2255,0.117027,9,14566
2256,0.168326,28,14594
2257,-0.313438,11,14605
2258,0.050773,4,14609
2259,0.00205,3,14612
2260,0.061331,4,14616
2261,0.071007,6,14622
2262,0.01795,3,14625
2263,0.071785,6,14631
2264,0.024158,4,14635
2265,0.163851,14,14649
2266,-0.012854,1,14650
2267,0.068803,9,14659
2268,0.140151,12,14671
2269,0.068733,6,14677
2270,0.023245,4,14681
2271,-0.293711,9,14690
2272,0.047842,10,14700
2273,0.097597,8,14708
2274,0.072172,7,14715
2275,0.020941,5,14720
2276,-0.008751,8,14728
2277,-0.352141,6,14734
2278,0.084697,7,14741
2279,-0.336264,6,14747
2280,-0.026384,1,14748
2281,-0.000214,2,14750
2282,0.057578,7,14757
2283,0.001541,1,14758
2284,0.05517,14,14772
2285,0.180937,18,14790
2286,-0.003389,1,14791
2287,-0.072964,2,14793
2288,0.188591,12,14805
2289,0.193348,16,14821
2290,0.065094,4,14825
2291,0.060321,5,14830
2292,0.032024,6,14836
2293,0.026887,4,14840
2294,0.077259,5,14845
2295,0.105905,8,14853
2296,0.26016,17,14870
2297,-0.363964,3,14873
2298,-0.35362,6,14879
2299,-0.326558,13,14892
2300,-0.218672,23,14915
2301,-0.213979,21,14936
2302,0.023659,2,14938
2303,0.046256,4,14942
2304,-0.330432,7,14949
2305,0.078875,6,14955
2306,0.085731,11,14966
2307,-0.035456,3,14969
2308,0.048544,7,14976
2309,0.088091,7,14983
2310,0.007901,3,14986
2311,0.022817,4,14990
2312,0.065929,5,14995
2313,0.052839,7,15002
2314,0.018522,3,15005
2315,0.02825,4,15009
2316,0.116565,9,15018
2317,0.076818,5,15023
2318,0.106751,8,15031
2319,0.014606,1,15032
2320,0.05503,4,15036
2321,-0.24654,13,15049
2322,-0.06161,4,15053
2323,0.136682,12,15065
2324,0.077808,7,15072
2325,0.053244,8,15080
2326,0.016163,2,15082
2327,0.011465,10,15092
2328,-0.312255,7,15099
2329,-0.00011,4,15103
2330,0.060767,5,15108
2331,0.041115,4,15112
2332,0.075175,5,15117
2333,0.073356,9,15126
2334,-0.039696,1,15127
2335,0.058431,7,15134
2336,0.048123,5,15139
2337,0.043737,4,15143
2338,0.169892,13,15156
2339,0.176006,16,15172
2340,-0.327964,5,15177
2341,0.020714,3,15180
2342,0.102827,8,15188
2343,0.015741,2,15190
2344,0.146655,10,15200
2345,0.024609,4,15204
2346,0.186544,15,15219
2347,0.153476,11,15230
2348,0.08715,11,15241
2349,-0.029907,2,15243
2350,0.067594,8,15251
2351,0.159261,16,15267
2352,0.125128,17,15284
2353,0.069328,5,15289
2354,0.00927,3,15292
2355,0.043717,4,15296
2356,0.100023,8,15304
2357,0.060557,9,15313
2358,0.005918,2,15315
2359,0.087978,7,15322
2360,0.049373,7,15329
2361,0.051861,5,15334
2362,-0.35676,6,15340
2363,0.061737,5,15345
2364,0.026615,3,15348
2365,0.130853,9,15357
2366,0.062841,6,15363
2367,0.076706,12,15375
2368,0.056659,5,15380
2369,-0.339001,5,15385
2370,0.090705,6,15391
2371,0.083842,6,15397
2372,0.033272,3,15400
2373,-0.43438,3,15403
2374,-0.276774,13,15416
2375,0.073195,8,15424
2376,-0.286191,8,15432
2377,0.125626,17,15449
2378,-0.353491,6,15455
2379,0.043264,3,15458
2380,0.006064,5,15463
2381,0.0126,3,15466
2382,0.034425,3,15469
2383,0.040837,5,15474
2384,0.027211,2,15476
2385,0.0668,6,15482
2386,-0.491264,24,15506
2387,0.098024,7,15513
2388,0.042161,6,15519
2389,0.05449,5,15524
2390,0.010909,6,15530
2391,0.061942,4,15534
2392,0.035671,5,15539
2393,0.097635,9,15548
2394,-0.009586,2,15550
2395,-0.361713,5,15555
2396,0.048594,3,15558
2397,0.124709,11,15569
2398,-0.011568,11,15580
2399,-0.262584,16,15596
2400,0.023892,5,15601
2401,0.009513,2,15603
2402,0.085776,7,15610
2403,0.039209,7,15617
2404,0.016933,6,15623
2405,0.063402,14,15637
2406,0.104303,9,15646
2407,0.0238,7,15653
2408,-0.374216,8,15661
2409,0.121846,8,15669
2410,-0.007956,1,15670
2411,0.097009,7,15677
2412,0.015286,1,15678
2413,0.058315,6,15684
2414,-0.005402,2,15686
2415,0.088616,6,15692
2416,0.002071,1,15693
2417,0.040932,4,15697
2418,0.081059,5,15702
2419,-0.017338,2,15704
2420,0.018582,1,15705
2421,0.031684,3,15708
2422,0.050121,5,15713
2423,0.017534,7,15720
2424,-0.017557,2,15722
2425,-0.0037,5,15727
2426,0.057161,4,15731
2427,0.026482,5,15736
2428,0.007659,5,15741
2429,0.165063,12,15753
2430,-0.313667,6,15759
2431,0.073002,7,15766
2432,0.104485,9,15775
2433,-0.030394,2,15777
2434,0.030904,3,15780
2435,-0.009533,3,15783
2436,0.082359,8,15791
2437,0.037062,4,15795
2438,0.028088,4,15799
2439,0.081778,6,15805
2440,0.042524,4,15809
2441,0.043774,4,15813
2442,0.046112,4,15817
2443,-0.000577,3,15820
2444,0.020923,4,15824
2445,-0.306917,13,15837
2446,0.014253,1,15838
2447,0.041433,4,15842
2448,0.088005,6,15848
2449,0.047846,6,15854
2450,0.079608,5,15859
2451,0.104756,8,15867
2452,0.142569,13,15880
2453,0.040113,4,15884
2454,0.171089,12,15896
2455,0.036748,9,15905
2456,0.052618,5,15910
2457,0.014993,3,15913
2458,-0.418254,4,15917
2459,0.055146,8,15925
2460,0.101121,7,15932
2461,0.013626,7,15939
2462,0.153935,11,15950
2463,0.062094,5,15955
2464,0.015947,3,15958
2465,0.028041,8,15966
2466,0.141134,11,15977
2467,0.003378,4,15981
2468,0.007198,3,15984
2469,0.042351,3,15987
2470,0.007084,2,15989
2471,0.058364,4,15993
2472,0.175267,13,16006
2473,-0.339414,7,16013
2474,0.047638,3,16016
2475,0.020891,5,16021
2476,0.080308,5,16026
2477,0.061389,11,16037
2478,-0.476325,24,16061
2479,0.068955,5,16066
2480,-0.024485,2,16068
2481,0.078034,9,16077
2482,0.032673,3,16080
2483,0.096456,8,16088
2484,0.088445,10,16098
2485,0.041979,3,16101
2486,0.073848,7,16108
2487,-0.287996,10,16118
2488,0.118197,10,16128
2489,-0.058783,8,16136
2490,-0.000696,2,16138
2491,-0.007227,2,16140
2492,-0.004304,2,16142
2493,0.133176,10,16152
2494,0.050603,4,16156
2495,0.056607,5,16161
2496,0.07059,8,16169
2497,0.119583,13,16182
2498,-0.401858,6,16188
2499,0.01572,1,16189
2500,-0.031768,3,16192
2501,-0.039765,2,16194
2502,0.138163,14,16208
2503,-0.212661,14,16222
2504,-0.252352,12,16234
2505,-0.010448,3,16237
2506,0.021659,6,16243
2507,0.024625,2,16245
2508,-0.460043,5,16250
2509,0.109183,6,16256
2510,0.033119,2,16258
2511,0.004237,1,16259
2512,0.1458,11,16270
2513,-0.391425,3,16273
2514,-0.031489,2,16275
2515,0.076137,6,16281
2516,0.021497,5,16286
2517,0.034349,3,16289
2518,0.084614,8,16297
2519,0.087936,11,16308
2520,-0.247793,10,16318
2521,0.143295,10,16328
2522,0.06834,6,16334
2523,0.019493,3,16337
2524,-0.367847,5,16342
2525,-0.019628,4,16346
2526,0.116424,8,16354
2527,0.041395,5,16359
2528,0.060242,10,16369
2529,0.109724,10,16379
2530,0.025007,2,16381
2531,0.028316,6,16387
2532,0.037076,3,16390
2533,0.032415,4,16394
2534,0.008454,1,16395
2535,0.018895,1,16396
2536,-0.319716,7,16403
2537,-0.338794,9,16412
2538,0.028707,3,16415
2539,0.035109,4,16419
2540,0.038527,4,16423
2541,0.191965,16,16439
2542,0.082319,6,16445
2543,0.027551,3,16448
2544,0.131167,10,16458
2545,-0.355945,5,16463
2546,0.030499,4,16467
2547,0.058804,5,16472
2548,0.058196,4,16476
2549,0.028544,4,16480
2550,0.000792,1,16481
2551,0.094025,6,16487
2552,0.077036,7,16494
2553,0.034002,6,16500
2554,0.080291,7,16507
2555,-0.318491,9,16516
2556,0.078714,6,16522
2557,0.032214,4,16526
2558,0.090894,6,16532
2559,0.050157,3,16535
2560,0.068068,5,16540
2561,0.00423,3,16543
2562,0.101065,8,16551
2563,0.012887,3,16554
2564,0.113354,7,16561
2565,-0.131186,21,16582
2566,0.071166,7,16589
2567,0.211887,17,16606
2568,0.016821,3,16609
2569,0.143766,11,16620
2570,0.073051,7,16627
2571,-0.37823,7,16634
2572,0.032854,2,16636
2573,0.131944,8,16644
2574,0.142199,12,16656
2575,0.02206,3,16659
2576,0.048582,4,16663
2577,0.003493,1,16664
2578,0.024557,5,16669
2579,0.0101,6,16675
2580,0.041065,4,16679
2581,0.131101,8,16687
2582,0.000262,2,16689
2583,0.062507,5,16694
2584,0.025398,3,16697
2585,-0.011352,2,16699
2586,0.051748,4,16703
2587,-0.430001,2,16705
2588,0.045682,4,16709
2589,0.134886,9,16718
2590,0.036185,3,16721
2591,0.018964,3,16724
2592,0.08207,5,16729
2593,0.019215,1,16730
2594,0.053778,4,16734
2595,0.173048,16,16750
2596,0.034008,3,16753
2597,0.096483,8,16761
2598,0.017128,1,16762
2599,0.059242,6,16768
2600,0.019603,2,16770
2601,0.038412,4,16774
2602,0.15452,11,16785
2603,0.079145,6,16791
2604,0.162271,14,16805
2605,0.022465,2,16807
2606,0.05853,4,16811
2607,0.015008,3,16814
2608,-0.020045,2,16816
2609,0.024167,4,16820
2610,-0.010238,4,16824
2611,0.064469,6,16830
2612,0.098581,6,16836
2613,0.006832,4,16840
2614,0.184212,15,16855
2615,0.068873,8,16863
2616,0.037579,4,16867
2617,0.016302,3,16870
2618,0.007412,1,16871
2619,0.057534,4,16875
2620,0.010604,4,16879
2621,0.04122,7,16886
2622,0.023575,3,16889
2623,-0.002843,8,16897
2624,0.136909,11,16908
2625,0.064343,5,16913
2626,0.027383,3,16916
2627,-0.241114,10,16926
2628,-0.012952,1,16927
2629,0.0774,6,16933
2630,0.001515,5,16938
2631,0.049748,5,16943
2632,0.012775,2,16945
2633,-0.112997,31,16976
2634,0.02893,2,16978
2635,0.046052,4,16982
2636,0.043142,4,16986
2637,0.057801,5,16991
2638,-0.747038,6,16997
2639,0.228239,22,17019
2640,0.063404,5,17024
2641,0.040418,3,17027
2642,0.133669,9,17036
2643,0.01365,2,17038
2644,0.040851,5,17043
2645,-0.018447,1,17044
2646,-0.336342,6,17050
2647,0.098475,8,17058
2648,0.084771,7,17065
2649,0.014545,6,17071
2650,0.038796,5,17076
2651,0.064839,6,17082
2652,-0.047742,1,17083
2653,0.035707,6,17089
2654,0.071097,6,17095
2655,0.149405,9,17104
2656,0.012141,1,17105
2657,0.078569,7,17112
2658,-0.303631,7,17119
2659,0.065091,5,17124
2660,0.034546,4,17128
2661,0.087121,6,17134
2662,-0.000914,5,17139
2663,-0.009175,1,17140
2664,0.079028,10,17150
2665,-0.336072,6,17156
2666,0.053169,5,17161
2667,0.120775,14,17175
2668,-0.287269,8,17183
2669,0.028895,8,17191
2670,0.056035,4,17195
2671,0.023349,2,17197
2672,0.007472,3,17200
2673,-0.047158,3,17203
2674,0.071587,4,17207
2675,0.090446,6,17213
2676,0.074178,6,17219
2677,0.036774,3,17222
2678,0.083599,5,17227
2679,0.034275,4,17231
2680,0.245469,18,17249
2681,0.208915,17,17266
2682,0.028199,3,17269
2683,0.0886,6,17275
2684,0.044408,4,17279
2685,0.079873,5,17284
2686,0.091631,8,17292
2687,0.08039,6,17298
2688,0.130504,9,17307
2689,0.081849,8,17315
2690,0.038271,3,17318
2691,0.014959,2,17320
2692,0.02144,3,17323
2693,-0.326582,5,17328
2694,0.028003,4,17332
2695,0.042042,5,17337
2696,0.135992,10,17347
2697,-0.312823,7,17354
2698,0.116073,9,17363
2699,0.028845,4,17367
2700,0.189655,13,17380
2701,0.017271,4,17384
2702,0.025436,3,17387
2703,0.055648,8,17395
2704,0.078797,6,17401
2705,-0.03961,3,17404
2706,0.095023,8,17412
2707,0.010781,2,17414
2708,0.109147,13,17427
2709,0.023136,3,17430
2710,-0.010467,1,17431
2711,0.022066,3,17434
2712,0.102151,6,17440
2713,0.282396,31,17471
2714,0.043233,5,17476
2715,0.012685,2,17478
2716,0.049378,5,17483
2717,0.081443,6,17489
2718,0.022296,3,17492
2719,0.107828,9,17501
2720,0.068264,4,17505
2721,0.009758,2,17507
2722,0.012047,2,17509
2723,0.136229,11,17520
2724,-0.026019,3,17523
2725,-0.022598,2,17525
2726,-0.266413,9,17534
2727,0.037883,11,17545
2728,0.037017,3,17548
2729,0.047668,6,17554
2730,0.084061,6,17560
2731,0.00816,2,17562
2732,0.066189,4,17566
2733,0.053871,5,17571
2734,0.065717,5,17576
2735,0.023892,3,17579
2736,0.01103,3,17582
2737,0.057326,7,17589
2738,0.012836,2,17591
2739,0.085719,6,17597
2740,0.150619,11,17608
2741,0.095551,9,17617
2742,0.07453,7,17624
2743,0.175755,12,17636
2744,0.072764,6,17642
2745,0.083348,6,17648
2746,0.008783,1,17649
2747,0.008346,3,17652
2748,0.092327,6,17658
2749,-0.224168,19,17677
2750,0.012003,4,17681
2751,-0.341769,5,17686
2752,0.012174,1,17687
2753,0.093579,9,17696
2754,0.101263,8,17704
2755,-0.20408,17,17721
2756,0.053814,7,17728
2757,0.027283,5,17733
2758,0.146577,9,17742
2759,0.019679,3,17745
2760,-0.040564,4,17749
2761,0.031565,3,17752
2762,-0.344578,6,17758
2763,0.026325,4,17762
2764,0.046497,5,17767
2765,0.14426,17,17784
2766,0.039516,4,17788
2767,0.073114,6,17794
2768,0.024625,3,17797
2769,0.028692,2,17799
2770,0.030422,4,17803
2771,0.032737,3,17806
2772,-0.009085,3,17809
2773,0.04704,4,17813
2774,0.021264,3,17816
2775,0.036087,4,17820
2776,0.05423,8,17828
2777,0.147508,12,17840
2778,-0.012367,3,17843
2779,0.231777,23,17866
2780,-0.362041,4,17870
2781,0.087904,8,17878
2782,0.09686,11,17889
2783,-0.383221,9,17898
2784,0.127477,9,17907
2785,0.213457,18,17925
2786,0.06077,6,17931
2787,-0.003891,2,17933
2788,0.057753,5,17938
2789,0.035386,4,17942
2790,0.08848,11,17953
2791,0.017712,1,17954
2792,0.044043,3,17957
2793,0.01806,2,17959
2794,-0.253027,15,17974
2795,0.215867,14,17988
2796,0.073838,5,17993
2797,-0.014719,1,17994
2798,0.082755,10,18004
2799,0.079396,10,18014
2800,0.026123,2,18016
2801,0.02742,3,18019
2802,0.048733,4,18023
2803,0.117229,11,18034
2804,0.049389,11,18045
2805,-0.002642,3,18048
2806,-0.334275,7,18055
2807,0.075209,6,18061
2808,0.008566,1,18062
2809,0.036956,4,18066
2810,0.017526,3,18069
2811,0.05439,4,18073
2812,0.005726,4,18077
2813,0.074667,6,18083
2814,0.07228,7,18090
2815,0.035451,3,18093
2816,0.038325,3,18096
2817,-0.217428,12,18108
2818,0.057188,7,18115
2819,-0.34997,4,18119
2820,0.055984,5,18124
2821,0.056496,4,18128
2822,0.171473,16,18144
2823,0.017138,2,18146
2824,0.132791,12,18158
2825,0.066973,5,18163
2826,0.132751,12,18175
2827,0.049161,4,18179
2828,0.063119,4,18183
2829,0.05363,4,18187
2830,0.050616,3,18190
2831,0.050722,5,18195
2832,0.045683,3,18198
2833,0.062876,11,18209
2834,0.017057,1,18210
2835,0.042197,6,18216
2836,0.145079,13,18229
2837,0.003246,2,18231
2838,-0.021414,5,18236
2839,0.107759,9,18245
2840,-0.372325,3,18248
2841,0.034618,3,18251
2842,0.03123,7,18258
2843,0.318527,20,18278
2844,0.007066,3,18281
2845,0.088268,10,18291
2846,0.13031,13,18304
2847,0.080339,9,18313
2848,0.0897,5,18318
2849,0.009486,2,18320
2850,0.037835,3,18323
2851,0.080411,5,18328
2852,0.049277,4,18332
2853,0.067453,4,18336
2854,0.069373,8,18344
2855,0.159965,11,18355
2856,0.030925,3,18358
2857,0.032655,3,18361
2858,0.016969,2,18363
2859,0.110031,13,18376
2860,0.054926,4,18380
2861,0.070306,7,18387
2862,0.058399,7,18394
2863,0.040747,5,18399
2864,0.086394,7,18406
2865,0.01138,1,18407
2866,0.016426,4,18411
2867,-0.296046,9,18420
2868,-0.564124,17,18437
2869,0.077995,6,18443
2870,0.150392,12,18455
2871,0.011154,2,18457
2872,0.04328,4,18461
2873,-0.238825,13,18474
2874,0.058955,5,18479
2875,0.010992,1,18480
2876,0.355925,28,18508
2877,0.059293,4,18512
2878,0.042397,4,18516
2879,0.135078,9,18525
2880,0.088981,6,18531
2881,0.041053,4,18535
2882,-0.281266,10,18545
2883,0.113907,9,18554
2884,0.025665,5,18559
2885,-0.357105,7,18566
2886,0.148291,9,18575
2887,0.093399,7,18582
2888,0.048572,7,18589
2889,0.017712,1,18590
2890,-0.688529,10,18600
2891,0.046981,4,18604
2892,0.034447,3,18607
2893,0.088935,7,18614
2894,0.041811,4,18618
2895,0.035935,3,18621
2896,0.037867,4,18625
2897,-0.013367,10,18635
2898,0.090929,9,18644
2899,0.127717,11,18655
2900,0.031758,2,18657
2901,0.062604,5,18662
2902,0.082706,13,18675
2903,0.076384,6,18681
2904,0.074197,6,18687
2905,0.050014,5,18692
2906,-0.008047,3,18695
2907,0.027011,2,18697
2908,0.088118,6,18703
2909,0.073599,5,18708
2910,-0.312872,15,18723
2911,0.046672,6,18729
2912,0.107774,9,18738
2913,-0.325438,8,18746
2914,0.061839,4,18750
2915,0.125834,10,18760
2916,0.08356,9,18769
2917,0.250743,22,18791
2918,0.007678,2,18793
2919,0.025224,4,18797
2920,0.016831,1,18798
2921,-0.004291,3,18801
2922,-0.025019,4,18805
2923,0.027399,4,18809
2924,0.240719,17,18826
2925,-0.272239,8,18834
2926,0.091984,7,18841
2927,-0.264667,9,18850
2928,0.03972,4,18854
2929,-0.209523,18,18872
2930,0.010721,3,18875
2931,0.12711,10,18885
2932,0.166147,13,18898
2933,0.057339,6,18904
2934,0.021965,4,18908
2935,0.098797,6,18914
2936,0.077996,7,18921
2937,0.000928,1,18922
2938,0.077503,5,18927
2939,0.040616,4,18931
2940,0.073567,5,18936
2941,0.068368,5,18941
2942,0.099989,8,18949
2943,0.033498,3,18952
2944,0.043561,6,18958
2945,0.049689,6,18964
2946,0.035307,3,18967
2947,0.152929,10,18977
2948,0.066905,9,18986
2949,0.053792,8,18994
2950,0.091575,7,19001
2951,0.045219,3,19004
2952,0.055663,4,19008
2953,0.017497,1,19009
2954,0.070438,5,19014
2955,-0.029915,6,19020
2956,-0.024453,2,19022
2957,-0.014858,2,19024
2958,0.009031,1,19025
2959,-0.224701,11,19036
2960,0.311662,22,19058
2961,0.055475,4,19062
2962,0.029532,4,19066
2963,0.019829,1,19067
2964,0.052473,5,19072
2965,-0.027125,4,19076
2966,0.028061,3,19079
2967,0.017212,1,19080
2968,0.077922,6,19086
2969,0.0097,3,19089
2970,-0.317977,14,19103
2971,0.002715,1,19104
2972,-0.008967,1,19105
2973,0.047425,4,19109
2974,-0.382191,4,19113
2975,0.112346,7,19120
2976,0.097433,8,19128
2977,0.079327,13,19141
2978,0.233447,18,19159
2979,0.26338,21,19180
2980,0.049617,7,19187
2981,0.070446,5,19192
2982,0.064996,5,19197
2983,0.143897,10,19207
2984,-0.351591,10,19217
2985,0.037939,2,19219
2986,0.001571,1,19220
2987,0.107427,7,19227
2988,-0.19874,14,19241
2989,0.065312,4,19245
2990,0.064048,5,19250
2991,0.295856,23,19273
2992,0.10007,6,19279
2993,0.011591,3,19282
2994,0.058874,4,19286
2995,0.065429,4,19290
2996,-0.038343,2,19292
2997,0.076227,6,19298
2998,0.026545,4,19302
2999,0.040658,4,19306
3000,0.043368,3,19309
3001,0.065854,4,19313
3002,0.058027,9,19322
3003,0.060394,5,19327
3004,-0.327867,6,19333
3005,0.058232,4,19337
3006,0.076153,5,19342
3007,0.065142,5,19347
3008,0.037252,3,19350
3009,-0.203944,14,19364
3010,-0.023405,3,19367
3011,0.054184,4,19371
3012,0.09648,11,19382
3013,-0.21733,25,19407
3014,-0.008725,3,19410
3015,0.003016,3,19413
3016,-0.673164,10,19423
3017,0.004456,1,19424
3018,0.011027,1,19425
3019,0.1197,8,19433
3020,0.054917,4,19437
3021,0.049972,8,19445
3022,-0.275148,10,19455
3023,0.113985,7,19462
3024,0.05957,7,19469
3025,0.175128,18,19487
3026,0.034493,4,19491
3027,0.047768,3,19494
3028,0.127636,10,19504
3029,0.073177,6,19510
3030,0.204165,16,19526
3031,0.022613,4,19530
3032,-0.334985,5,19535
3033,0.098677,10,19545
3034,0.006607,1,19546
3035,0.071791,7,19553
3036,0.059152,4,19557
3037,0.106717,9,19566
3038,0.017501,5,19571
3039,0.001469,3,19574
3040,0.018732,3,19577
3041,0.019078,2,19579
3042,0.049233,4,19583
3043,0.078092,6,19589
3044,0.054765,4,19593
3045,0.094756,5,19598
3046,0.001474,2,19600
3047,0.060329,5,19605
3048,0.146784,14,19619
3049,0.016721,1,19620
3050,0.021726,4,19624
3051,0.070975,8,19632
3052,0.064768,6,19638
3053,-0.240275,13,19651
3054,0.00633,1,19652
3055,0.061899,5,19657
3056,0.079134,8,19665
3057,0.010315,3,19668
3058,0.079438,11,19679
3059,-0.004851,1,19680
3060,0.025326,2,19682
3061,0.02117,3,19685
3062,0.140102,12,19697
3063,0.166044,12,19709
3064,0.144138,13,19722
3065,0.038736,4,19726
3066,0.057475,5,19731
3067,0.150423,10,19741
3068,0.080531,5,19746
3069,-0.022746,2,19748
3070,0.050221,8,19756
3071,0.053083,6,19762
3072,0.021013,3,19765
3073,0.054036,5,19770
3074,0.049236,5,19775
3075,0.074606,6,19781
3076,-0.253147,14,19795
3077,0.062701,4,19799
3078,0.114338,9,19808
3079,0.007518,2,19810
3080,0.094865,6,19816
3081,0.082631,6,19822
3082,0.126685,12,19834
3083,0.047546,4,19838
3084,0.086439,6,19844
3085,0.014344,1,19845
3086,0.08843,8,19853
3087,0.008776,3,19856
3088,0.027792,2,19858
3089,0.092864,9,19867
3090,0.192663,17,19884
3091,0.063252,4,19888
3092,0.083055,9,19897
3093,0.062457,7,19904
3094,0.112074,13,19917
3095,0.058644,9,19926
3096,0.045711,5,19931
3097,0.022179,2,19933
3098,0.065893,4,19937
3099,0.003891,6,19943
3100,0.053055,6,19949
3101,-0.340321,4,19953
3102,0.060541,6,19959
3103,0.092261,7,19966
3104,0.008968,3,19969
3105,0.222634,19,19988
3106,0.01258,1,19989
3107,-0.288886,12,20001
3108,0.011107,1,20002
3109,0.145111,11,20013
3110,0.07109,7,20020
3111,-0.249232,12,20032
3112,0.049468,3,20035
3113,0.024692,3,20038
3114,-0.334737,4,20042
3115,0.123138,8,20050
3116,0.084009,7,20057
3117,0.078518,6,20063
3118,0.113964,10,20073
3119,0.067361,7,20080
3120,0.122928,10,20090
3121,0.062116,4,20094
3122,0.126837,15,20109
3123,0.021447,4,20113
3124,-0.321417,7,20120
3125,0.206196,13,20133
3126,0.093981,6,20139
3127,0.062233,4,20143
3128,0.08399,6,20149
3129,0.014418,5,20154
3130,0.067912,6,20160
3131,0.112221,10,20170
3132,0.089511,10,20180
3133,0.061961,6,20186
3134,0.101154,6,20192
3135,0.008073,3,20195
3136,0.131327,14,20209
3137,0.012118,3,20212
3138,0.105435,8,20220
3139,0.055604,6,20226
3140,0.026129,6,20232
3141,-0.000536,4,20236
3142,0.070224,5,20241
3143,0.090427,7,20248
3144,0.023364,2,20250
3145,-0.247699,14,20264
3146,0.078581,6,20270
3147,0.058116,8,20278
3148,0.082521,7,20285
3149,0.074977,6,20291
3150,0.045942,3,20294
3151,0.064073,6,20300
3152,0.160826,15,20315
3153,0.212788,17,20332
3154,0.020472,5,20337
3155,0.10573,7,20344
3156,-0.333602,6,20350
3157,0.038069,5,20355
3158,0.332241,25,20380
3159,0.099774,7,20387
3160,0.043741,4,20391
3161,0.174792,10,20401
3162,0.018786,1,20402
3163,0.09803,6,20408
3164,0.019879,1,20409
3165,0.058985,4,20413
3166,0.024645,3,20416
3167,0.014927,1,20417
3168,0.045421,6,20423
3169,0.047048,3,20426
3170,0.091123,9,20435
3171,0.083384,6,20441
3172,0.080067,6,20447
3173,0.075256,5,20452
3174,0.137937,10,20462
3175,0.022425,2,20464
3176,0.09867,9,20473
3177,-0.07253,27,20500
3178,0.096725,7,20507
3179,0.010632,6,20513
3180,0.015374,3,20516
3181,0.123406,7,20523
3182,0.062576,4,20527
3183,-0.189259,15,20542
3184,0.047982,7,20549
3185,0.010989,3,20552
3186,-0.315851,8,20560
3187,0.036621,4,20564
3188,0.022378,4,20568
3189,0.084061,5,20573
3190,-0.062516,25,20598
3191,-0.005653,6,20604
3192,0.020463,4,20608
3193,0.156037,14,20622
3194,0.080655,7,20629
3195,0.045091,6,20635
3196,0.029719,2,20637
3197,-0.325976,7,20644
3198,0.087997,5,20649
3199,0.095373,11,20660
3200,-0.283909,9,20669
3201,0.039403,3,20672
3202,0.027667,6,20678
3203,-0.011318,3,20681
3204,0.062175,5,20686
3205,0.046228,4,20690
3206,0.162493,14,20704
3207,0.038266,3,20707
3208,0.053085,4,20711
3209,0.048113,5,20716
3210,0.249868,18,20734
3211,0.158297,10,20744
3212,-0.394363,5,20749
3213,0.173511,15,20764
3214,0.045379,4,20768
3215,0.034078,5,20773
3216,0.126791,10,20783
3217,0.086123,8,20791
3218,0.067172,6,20797
3219,0.011356,2,20799
3220,0.119141,9,20808
3221,0.081813,6,20814
3222,0.019493,2,20816
3223,0.135905,21,20837
3224,0.082685,8,20845
3225,0.124154,10,20855
3226,0.133001,8,20863
3227,0.090172,7,20870
3228,0.103707,7,20877
3229,0.002786,6,20883
3230,0.129185,10,20893
3231,0.086473,7,20900
3232,0.079944,7,20907
3233,0.083142,6,20913
3234,0.01715,4,20917
3235,0.018815,1,20918
3236,0.055384,4,20922
3237,0.063252,6,20928
3238,0.114686,9,20937
3239,0.056557,5,20942
3240,0.146348,12,20954
3241,0.013307,1,20955
3242,0.043415,4,20959
3243,0.185748,14,20973
3244,0.074029,5,20978
3245,0.040331,4,20982
3246,0.045831,4,20986
3247,0.045628,4,20990
3248,0.07381,7,20997
3249,0.019905,1,20998
3250,0.033027,3,21001
3251,-0.014308,3,21004
3252,0.028966,2,21006
3253,0.121843,10,21016
3254,0.042774,5,21021
3255,0.137594,11,21032
3256,0.103424,7,21039
3257,0.066063,5,21044
3258,0.232642,21,21065
3259,0.038733,4,21069
3260,0.201531,14,21083
3261,0.126302,12,21095
3262,0.047046,3,21098
3263,0.243896,21,21119
3264,0.124159,8,21127
3265,0.148144,14,21141
3266,0.055728,4,21145
3267,0.007572,2,21147
3268,-0.348324,4,21151
3269,0.03035,2,21153
3270,0.006976,1,21154
3271,0.019121,4,21158
3272,0.00026,1,21159
3273,0.093357,6,21165
3274,0.069205,5,21170
3275,0.014795,1,21171
3276,0.094309,10,21181
3277,0.086485,6,21187
3278,0.039315,3,21190
3279,0.079594,7,21197
3280,-0.004806,3,21200
3281,-0.000375,3,21203
3282,0.097363,6,21209
3283,-0.393557,2,21211
3284,0.021151,2,21213
3285,-0.375646,2,21215
3286,0.030019,2,21217
3287,0.096495,6,21223
3288,0.057117,4,21227
3289,0.074024,6,21233
3290,0.068228,5,21238
3291,0.00605,2,21240
3292,0.068184,5,21245
3293,0.043801,5,21250
3294,0.133213,10,21260
3295,0.143986,15,21275
3296,0.208773,17,21292
3297,0.158532,12,21304
3298,0.048848,5,21309
3299,0.134179,10,21319
3300,0.062062,4,21323
3301,0.017736,1,21324
3302,0.118674,7,21331
3303,0.000397,2,21333
3304,0.11538,10,21343
3305,-0.010642,1,21344
3306,0.074102,6,21350
3307,-0.337189,9,21359
3308,0.223269,19,21378
3309,0.080682,5,21383
3310,0.049685,6,21389
3311,0.024116,3,21392
3312,0.004612,4,21396
3313,0.188001,12,21408
3314,0.279395,23,21431
3315,0.239574,17,21448
3316,0.045548,3,21451
3317,0.151655,11,21462
3318,0.08264,7,21469
3319,0.089662,6,21475
3320,0.033459,3,21478
3321,0.026828,3,21481
3322,0.017601,1,21482
3323,0.076288,7,21489
3324,0.069209,6,21495
3325,0.080584,5,21500
3326,-0.03213,1,21501
3327,0.065028,6,21507
3328,0.112116,8,21515
3329,0.03051,5,21520
3330,0.154369,12,21532
3331,0.119358,10,21542
3332,0.066164,4,21546
3333,0.15576,11,21557
3334,0.113491,9,21566
3335,0.078933,6,21572
3336,0.016321,3,21575
3337,0.188072,16,21591
3338,0.097992,7,21598
3339,0.181032,22,21620
3340,0.198155,15,21635
3341,0.235636,17,21652
3342,0.111151,9,21661
3343,0.051104,4,21665
3344,0.026333,4,21669
3345,0.234484,17,21686
3346,0.070216,5,21691
3347,0.298275,24,21715
3348,0.099883,6,21721
3349,0.046037,4,21725
3350,0.052851,4,21729
3351,0.0476,7,21736
3352,0.01144,1,21737
3353,0.067351,5,21742
3354,0.026249,3,21745
3355,0.100114,9,21754
3356,0.101388,10,21764
3357,0.011635,3,21767
3358,0.05282,5,21772
3359,0.14273,9,21781
3360,0.135266,8,21789
3361,0.106902,8,21797
3362,0.049113,4,21801
3363,0.052234,11,21812
3364,0.174125,15,21827
3365,0.01536,2,21829
3366,0.01088,3,21832
3367,0.048597,4,21836
3368,0.045795,4,21840
3369,0.129344,9,21849
3370,0.019391,1,21850
3371,0.190478,15,21865
3372,0.061621,5,21870
3373,0.107505,7,21877
3374,0.144957,9,21886
3375,0.06834,11,21897
3376,0.043604,3,21900
3377,0.263119,25,21925
3378,0.094597,7,21932
3379,0.048719,4,21936
3380,0.071049,5,21941
3381,0.040017,3,21944
3382,0.015191,2,21946
3383,0.053264,4,21950
3384,0.039549,5,21955
3385,0.249698,17,21972
3386,0.011569,3,21975
3387,0.08278,10,21985
3388,0.069192,6,21991
3389,0.059647,5,21996
3390,0.027379,5,22001
3391,0.074473,7,22008
3392,0.148345,12,22020
3393,0.195261,14,22034
3394,0.056152,4,22038
3395,0.042532,3,22041
3396,0.231276,16,22057
3397,0.078753,5,22062
3398,0.036118,4,22066
3399,0.049964,5,22071
3400,0.012502,1,22072
3401,0.138525,11,22083
3402,0.037985,3,22086
3403,0.046476,6,22092
3404,0.098898,6,22098
3405,0.074579,6,22104
3406,0.351772,22,22126
3407,-0.365073,4,22130
3408,0.066343,6,22136
3409,0.046928,4,22140
3410,0.035557,4,22144
3411,0.037648,3,22147
3412,0.136948,13,22160
3413,-0.001153,2,22162
3414,0.055053,4,22166
3415,0.066764,8,22174
3416,-0.020807,3,22177
3417,0.086748,5,22182
3418,0.080636,10,22192
3419,-0.023325,2,22194
3420,0.02517,2,22196
3421,0.044003,5,22201
3422,0.028931,3,22204
3423,0.01063,3,22207
3424,0.018778,1,22208
3425,0.268146,21,22229
3426,-0.976268,17,22246
3427,0.10204,6,22252
3428,0.019995,1,22253
3429,0.11952,9,22262
3430,0.011621,2,22264
3431,-0.013931,2,22266
3432,0.018465,4,22270
3433,0.005978,1,22271
3434,0.071713,6,22277
3435,0.158939,11,22288
3436,0.184393,15,22303
3437,0.030446,3,22306
3438,0.073908,6,22312
3439,0.043526,3,22315
3440,-0.000518,2,22317
3441,0.052628,6,22323
3442,0.010907,1,22324
3443,0.067267,5,22329
3444,0.016163,1,22330
3445,0.074456,7,22337
3446,0.056952,7,22344
3447,0.061264,5,22349
3448,0.113498,8,22357
3449,0.056036,4,22361
3450,-0.255292,17,22378
3451,0.046828,5,22383
3452,0.09205,5,22388
3453,-0.010984,1,22389
3454,0.026603,3,22392
3455,0.028941,3,22395
3456,0.333569,29,22424
3457,0.240845,18,22442
3458,0.060963,5,22447
3459,0.010429,1,22448
3460,0.099554,7,22455
3461,-0.143483,21,22476
3462,0.032978,2,22478
3463,0.11054,12,22490
3464,0.215321,19,22509
3465,-0.364009,5,22514
3466,0.129887,9,22523
3467,0.165883,13,22536
3468,0.073818,5,22541
3469,0.102027,7,22548
3470,0.082647,6,22554
3471,0.045973,4,22558
3472,0.050812,4,22562
3473,-0.26808,10,22572
3474,0.055286,8,22580
3475,0.044248,5,22585
3476,0.06185,4,22589
3477,0.076416,7,22596
3478,0.000127,4,22600
3479,0.058113,5,22605
3480,0.117848,8,22613
3481,0.077155,6,22619
3482,0.072129,6,22625
3483,0.099827,8,22633
3484,0.093842,6,22639
3485,0.164496,12,22651
3486,-0.284141,8,22659
3487,0.049489,4,22663
3488,0.062038,5,22668
3489,0.014848,1,22669
3490,0.124706,9,22678
3491,0.051001,4,22682
3492,0.183935,16,22698
3493,0.156228,11,22709
3494,0.144434,10,22719
3495,0.177316,15,22734
3496,0.125584,8,22742
3497,0.020473,3,22745
3498,0.030112,4,22749
3499,0.090967,10,22759
3500,0.139261,11,22770
3501,0.042426,4,22774
3502,0.095536,9,22783
3503,0.078114,6,22789
3504,0.094484,12,22801
3505,0.02027,4,22805
3506,0.076525,6,22811
3507,0.066702,6,22817
3508,0.084904,9,22826
3509,0.085631,6,22832
3510,0.095898,7,22839
3511,0.114908,13,22852
3512,0.051922,5,22857
3513,0.041258,3,22860
3514,0.488891,33,22893
3515,0.026207,2,22895
3516,0.062642,5,22900
3517,-0.219779,12,22912
3518,0.080488,5,22917
3519,0.02928,3,22920
3520,0.132548,9,22929
3521,0.103967,8,22937
3522,0.020537,2,22939
3523,0.06893,8,22947
3524,0.019954,5,22952
3525,0.161305,13,22965
3526,-0.344186,7,22972
3527,-0.279498,8,22980
3528,0.037155,4,22984
3529,0.150907,12,22996
3530,0.050683,5,23001
3531,0.069285,5,23006
3532,0.03249,3,23009
3533,0.070286,5,23014
3534,0.049584,3,23017
3535,0.082318,5,23022
3536,0.009839,1,23023
3537,0.018257,1,23024
3538,0.14784,12,23036
3539,0.061679,4,23040
3540,0.108229,7,23047
3541,0.144387,14,23061
3542,0.064751,4,23065
3543,0.051606,3,23068
3544,0.062542,5,23073
3545,0.008199,1,23074
3546,0.158542,20,23094
3547,0.088582,7,23101
3548,0.076448,7,23108
3549,0.080318,7,23115
3550,0.063943,9,23124
3551,0.155092,14,23138
3552,0.115399,8,23146
3553,0.015457,1,23147
3554,0.017434,2,23149
3555,-0.003421,1,23150
3556,0.188512,12,23162
3557,0.076817,5,23167
3558,0.072985,6,23173
3559,0.067766,6,23179
3560,0.059367,7,23186
3561,0.129196,11,23197
3562,0.137841,8,23205
3563,0.031084,2,23207
3564,-0.217228,11,23218
3565,0.071118,7,23225
3566,0.041777,4,23229
3567,0.044165,4,23233
3568,0.236105,18,23251
3569,0.064627,4,23255
3570,-0.00115,2,23257
3571,-0.198994,16,23273
3572,0.074726,6,23279
3573,0.084103,8,23287
3574,0.04063,8,23295
3575,0.020531,3,23298
3576,0.032477,3,23301
3577,0.042163,4,23305
3578,0.171605,16,23321
3579,0.06896,6,23327
3580,0.07975,5,23332
3581,0.053648,5,23337
3582,0.079591,5,23342
3583,0.060697,9,23351
3584,0.121162,10,23361
3585,0.041853,3,23364
3586,0.252172,18,23382
3587,0.20679,16,23398
3588,0.116879,9,23407
3589,0.014133,1,23408
3590,0.103521,7,23415
3591,0.155012,11,23426
3592,0.041733,3,23429
3593,0.15668,13,23442
3594,0.131883,10,23452
3595,-0.332075,5,23457
3596,0.084385,6,23463
3597,0.220696,14,23477
3598,0.010949,4,23481
3599,0.0239,6,23487
3600,0.017607,1,23488
3601,0.003798,2,23490
3602,0.054348,7,23497
3603,0.220469,13,23510
3604,0.018949,2,23512
3605,0.132863,10,23522
3606,0.063299,4,23526
3607,0.067093,6,23532
3608,0.034248,3,23535
3609,0.107955,8,23543
3610,0.049541,5,23548
3611,0.079498,5,23553
3612,0.072185,5,23558
3613,-0.318273,7,23565
3614,0.053526,3,23568
3615,0.026601,3,23571
3616,0.129508,10,23581
3617,0.042208,3,23584
3618,0.075912,6,23590
3619,0.179516,12,23602
3620,0.130566,8,23610
3621,0.015116,5,23615
3622,0.068209,5,23620
3623,0.300332,23,23643
3624,0.134872,9,23652
3625,0.082765,6,23658
3626,-0.202701,16,23674
3627,0.069911,6,23680
3628,0.072409,7,23687
3629,0.073079,6,23693
3630,0.046676,5,23698
3631,0.165763,11,23709
3632,0.097045,6,23715
3633,0.112817,9,23724
3634,0.105272,7,23731
3635,0.089955,7,23738
3636,0.012451,2,23740
3637,0.03541,4,23744
3638,0.223409,17,23761
3639,0.01398,1,23762
3640,0.133814,11,23773
3641,0.242012,15,23788
3642,0.169016,14,23802
3643,0.02221,3,23805
3644,0.066927,5,23810
3645,0.126761,7,23817
3646,0.020736,3,23820
3647,0.000797,3,23823
3648,0.114802,7,23830
3649,0.014145,1,23831
3650,0.20745,20,23851
3651,0.148509,10,23861
3652,0.111745,8,23869
3653,0.115441,8,23877
3654,0.167369,12,23889
3655,0.071644,5,23894
3656,0.070149,5,23899
3657,0.218194,16,23915
3658,0.223446,19,23934
3659,0.141202,12,23946
3660,0.043104,4,23950
3661,0.075017,6,23956
3662,0.020484,1,23957
3663,0.029496,4,23961
3664,0.00303,3,23964
3665,0.019968,2,23966
3666,0.048585,5,23971
3667,0.058098,4,23975
3668,0.118305,11,23986
3669,0.180172,11,23997
3670,0.037785,5,24002
3671,0.098443,6,24008
3672,0.082844,5,24013
3673,0.054955,4,24017
3674,0.079658,5,24022
3675,0.032078,3,24025
3676,0.099918,7,24032
3677,0.033599,4,24036
3678,0.044361,5,24041
3679,0.097134,6,24047
3680,0.244665,24,24071
3681,0.080522,5,24076
3682,0.039156,3,24079
3683,0.007522,1,24080
3684,0.117411,9,24089
3685,0.126317,8,24097
3686,0.020922,3,24100
3687,0.042107,4,24104
3688,0.087647,7,24111
3689,-0.249819,12,24123
3690,0.053074,5,24128
3691,0.028707,3,24131
3692,0.082446,5,24136
3693,0.116708,7,24143
3694,0.102328,7,24150
3695,0.123854,10,24160
3696,0.087112,6,24166
3697,0.103555,7,24173
3698,0.19874,14,24187
3699,0.109721,8,24195
3700,0.070575,7,24202
3701,0.055945,4,24206
3702,0.017236,1,24207
3703,0.065165,4,24211
3704,0.30707,33,24244
3705,0.092443,6,24250
3706,0.073821,7,24257
3707,0.08391,8,24265
3708,0.132516,9,24274
3709,0.064008,5,24279
3710,0.066374,5,24284
3711,0.041015,5,24289
3712,0.150007,11,24300
3713,0.139853,10,24310
3714,0.041358,5,24315
3715,0.091839,6,24321
3716,0.044779,5,24326
3717,0.084338,6,24332
3718,0.044842,3,24335
3719,0.029476,4,24339
3720,0.005245,1,24340
3721,0.003333,3,24343
3722,0.018967,1,24344
3723,0.030285,4,24348
3724,-0.00799,3,24351
3725,0.104677,8,24359
3726,0.025571,5,24364
3727,0.191377,17,24381
3728,0.077287,7,24388
3729,0.072606,5,24393
3730,0.072767,4,24397
3731,0.080109,5,24402
3732,0.038447,3,24405
3733,0.008932,3,24408
3734,0.052998,3,24411
3735,0.051347,4,24415
3736,0.169289,12,24427
3737,0.150052,10,24437
3738,0.054578,8,24445
3739,0.01555,2,24447
3740,0.018786,1,24448
3741,0.118229,8,24456
3742,0.083661,7,24463
3743,0.011858,1,24464
3744,0.097214,10,24474
3745,0.019256,2,24476
3746,0.114997,10,24486
3747,0.140502,8,24494
3748,0.012861,3,24497
3749,0.104063,9,24506
3750,0.035964,6,24512
3751,0.101731,6,24518
3752,-0.337741,6,24524
3753,-0.304884,9,24533
3754,0.042924,3,24536
3755,0.118906,9,24545
3756,0.161539,13,24558
3757,0.095461,7,24565
3758,0.151464,10,24575
3759,0.032692,2,24577
3760,0.023931,2,24579
3761,0.098623,6,24585
3762,0.006902,1,24586
3763,0.082837,6,24592
3764,0.118319,9,24601
3765,0.059743,4,24605
3766,0.264753,16,24621
3767,0.072029,5,24626
3768,0.128051,7,24633
3769,0.056795,4,24637
3770,0.019705,1,24638
3771,0.035107,3,24641
3772,0.095917,6,24647
3773,0.131991,8,24655
3774,0.081531,8,24663
3775,0.043699,3,24666
3776,0.268111,20,24686
3777,0.068231,4,24690
3778,0.116982,9,24699
3779,0.041621,4,24703
3780,0.032587,3,24706
3781,0.228741,14,24720
3782,0.154419,10,24730
3783,0.044189,3,24733
3784,0.062785,5,24738
3785,0.097732,6,24744
3786,0.129948,9,24753
3787,0.130635,10,24763
3788,0.082326,6,24769
3789,0.054785,4,24773
3790,0.109664,8,24781
3791,0.01985,1,24782
3792,0.102817,7,24789
3793,-0.206723,14,24803
3794,0.059424,4,24807
3795,0.057682,5,24812
3796,0.052295,5,24817
3797,0.115814,8,24825
3798,0.066039,6,24831
3799,0.072337,5,24836
3800,0.074329,8,24844
3801,0.07846,5,24849
3802,0.065255,4,24853
3803,0.178652,11,24864
3804,0.098077,6,24870
3805,0.122689,8,24878
3806,0.113231,10,24888
3807,0.017775,1,24889
3808,0.073198,5,24894
3809,0.017511,1,24895
3810,0.041513,3,24898
3811,0.431816,39,24937
3812,0.130402,9,24946
3813,0.093492,7,24953
3814,0.064352,4,24957
3815,0.107586,7,24964
3816,0.108054,8,24972
3817,0.017746,1,24973
3818,-0.26127,11,24984
3819,0.095264,7,24991
3820,0.097024,7,24998
3821,0.126406,9,25007
3822,0.032035,4,25011
3823,0.045381,5,25016
3824,0.079122,6,25022
3825,0.182907,15,25037
3826,0.110443,8,25045
3827,0.122125,9,25054
3828,0.091434,7,25061
3829,0.075474,5,25066
3830,0.068828,5,25071
3831,0.034237,4,25075
3832,0.087913,8,25083
3833,0.193338,11,25094
3834,0.047353,5,25099
3835,0.283695,22,25121
3836,0.229347,15,25136
3837,0.089585,6,25142
3838,0.131688,11,25153
3839,0.072803,5,25158
3840,0.100646,6,25164
3841,0.149995,10,25174
3842,0.130462,12,25186
3843,0.070872,6,25192
3844,0.069551,6,25198
3845,0.049654,5,25203
3846,0.140906,9,25212
3847,0.129856,14,25226
3848,0.17374,21,25247
3849,0.046159,3,25250
3850,0.113571,8,25258
3851,0.06329,8,25266
3852,0.088449,6,25272
3853,0.135273,9,25281
3854,0.038,3,25284
3855,-0.30894,6,25290
3856,0.19004,16,25306
3857,0.056404,5,25311
3858,0.03481,3,25314
3859,0.101814,6,25320
3860,0.112615,8,25328
3861,0.030524,3,25331
3862,0.057555,3,25334
3863,0.138999,14,25348
3864,0.188898,15,25363
3865,0.1298,9,25372
3866,0.055325,6,25378
3867,0.067244,6,25384
3868,0.112036,9,25393
3869,-0.31289,6,25399
3870,0.044286,3,25402
3871,0.113502,8,25410
3872,0.258346,18,25428
3873,0.073406,5,25433
3874,0.162417,12,25445
3875,0.052261,5,25450
3876,0.070184,5,25455
3877,0.010251,3,25458
3878,0.223126,16,25474
3879,0.197176,14,25488
3880,0.10284,9,25497
3881,0.457597,30,25527
3882,0.095148,9,25536
3883,0.082012,7,25543
3884,0.085737,9,25552
3885,0.05894,5,25557
3886,-0.001709,4,25561
3887,0.097872,7,25568
3888,0.05031,3,25571
3889,0.183606,12,25583
3890,0.174781,11,25594
3891,0.036016,4,25598
3892,0.196178,17,25615
3893,0.025906,3,25618
3894,0.04312,5,25623
3895,0.08603,5,25628
3896,0.057419,4,25632
3897,0.206992,14,25646
3898,-0.144535,19,25665
3899,0.122342,9,25674
3900,0.017702,1,25675
3901,0.041414,3,25678
3902,0.154613,11,25689
3903,0.10452,7,25696
3904,0.078792,6,25702
3905,0.129044,9,25711
3906,0.067293,5,25716
3907,0.074688,5,25721
3908,0.093269,7,25728
3909,0.310569,23,25751
3910,0.014849,1,25752
3911,0.175018,16,25768
3912,0.065538,6,25774
3913,0.11757,10,25784
3914,0.257637,18,25802
3915,0.213737,15,25817
3916,0.017403,1,25818
3917,0.033862,4,25822
3918,0.063587,4,25826
3919,0.126157,9,25835
3920,0.123461,7,25842
3921,0.091135,6,25848
3922,0.052737,3,25851
3923,0.058124,4,25855
3924,0.045968,3,25858
3925,0.140099,9,25867
3926,0.01861,1,25868
3927,0.156446,12,25880
3928,0.138939,11,25891
3929,0.020526,2,25893
3930,0.056023,3,25896
3931,0.100173,7,25903
3932,0.090522,7,25910
3933,0.16259,11,25921
3934,0.095658,6,25927
3935,-0.210811,12,25939
3936,0.149244,11,25950
3937,0.097604,6,25956
3938,0.101948,8,25964
3939,0.014265,1,25965
3940,0.049361,5,25970
3941,0.100447,6,25976
3942,0.038843,4,25980
3943,0.076806,5,25985
3944,0.064266,4,25989
3945,0.162502,11,26000
3946,0.069511,4,26004
3947,0.054914,6,26010
3948,0.13063,8,26018
3949,0.039588,3,26021
3950,0.105668,8,26029
3951,0.161594,11,26040
3952,0.068274,6,26046
3953,0.173519,12,26058
3954,0.070093,4,26062
3955,0.069569,6,26068
3956,0.113377,8,26076
3957,0.095853,8,26084
3958,0.291833,21,26105
3959,0.028267,4,26109
3960,0.087957,7,26116
3961,0.149077,11,26127
3962,0.076048,6,26133
3963,-0.172099,16,26149
3964,0.179993,15,26164
3965,0.082008,8,26172
3966,0.179197,12,26184
3967,0.06851,6,26190
3968,0.100307,8,26198
3969,0.101648,6,26204
3970,0.159899,11,26215
3971,0.052818,5,26220
3972,0.010034,1,26221
3973,0.08437,9,26230
3974,0.10444,8,26238
3975,0.104241,6,26244
3976,0.028332,5,26249
3977,-0.279388,9,26258
3978,0.059052,5,26263
3979,0.011637,2,26265
3980,0.101544,8,26273
3981,0.044723,3,26276
3982,0.088164,6,26282
3983,0.126216,8,26290
3984,0.112311,9,26299
3985,0.004399,2,26301
3986,0.042468,6,26307
3987,0.028023,3,26310
3988,0.097274,7,26317
3989,0.038335,4,26321
3990,0.090726,7,26328
3991,0.051648,4,26332
3992,0.051168,3,26335
3993,0.017913,1,26336
3994,0.050101,4,26340
3995,0.058644,5,26345
3996,0.077642,7,26352
3997,0.067308,6,26358
3998,0.047984,4,26362
3999,0.013609,3,26365
4000,0.108325,7,26372
4001,0.193736,13,26385
4002,0.148553,9,26394
4003,0.114989,8,26402
4004,0.180545,11,26413
4005,0.036674,5,26418
4006,0.01059,1,26419
4007,0.186274,14,26433
4008,0.140095,9,26442
4009,0.316517,24,26466
4010,0.1625,12,26478
4011,0.058031,5,26483
4012,0.129534,9,26492
4013,0.036996,3,26495
4014,0.123106,8,26503
4015,-0.209103,13,26516
4016,0.027396,8,26524
4017,0.170219,12,26536
4018,0.119166,7,26543
4019,0.100465,7,26550
4020,0.229684,20,26570
4021,0.062771,5,26575
4022,0.048186,4,26579
4023,0.051678,4,26583
4024,0.037813,3,26586
4025,0.198075,15,26601
4026,0.129695,22,26623
4027,0.044287,3,26626
4028,0.019046,2,26628
4029,0.156249,12,26640
4030,0.015622,1,26641
4031,0.115238,7,26648
4032,0.055635,4,26652
4033,0.061103,4,26656
4034,0.031432,2,26658
4035,0.016298,1,26659
4036,0.203917,15,26674
4037,0.070135,5,26679
4038,0.010634,4,26683
4039,0.134828,10,26693
4040,0.018704,1,26694
4041,0.15247,13,26707
4042,0.156765,11,26718
4043,0.128869,11,26729
4044,0.056876,4,26733
4045,0.255433,15,26748
4046,0.082831,8,26756
4047,0.128388,9,26765
4048,0.039244,3,26768
4049,0.112949,8,26776
4050,0.099921,8,26784
4051,-0.288525,8,26792
4052,0.070253,5,26797
4053,0.231121,18,26815
4054,0.184494,13,26828
4055,0.071279,5,26833
4056,0.166104,14,26847
4057,0.136318,8,26855
4058,0.073205,4,26859
4059,0.01985,1,26860
4060,0.125377,13,26873
4061,0.146844,9,26882
4062,0.16121,14,26896
4063,0.09805,10,26906
4064,0.367907,27,26933
4065,0.127017,13,26946
4066,0.201228,14,26960
4067,0.06147,5,26965
4068,0.024471,2,26967
4069,0.105951,8,26975
4070,0.055533,4,26979
4071,0.017466,1,26980
4072,0.176006,10,26990
4073,0.018393,1,26991
4074,0.125142,9,27000
4075,0.174389,10,27010
4076,0.210646,12,27022
4077,0.057336,4,27026
4078,0.026454,3,27029
4079,0.014004,2,27031
4080,0.037023,3,27034
4081,0.023304,2,27036
4082,0.172862,14,27050
4083,0.152085,11,27061
4084,0.070451,7,27068
4085,0.126286,8,27076
4086,0.028622,3,27079
4087,0.142659,9,27088
4088,0.032307,3,27091
4089,0.173936,12,27103
4090,0.166911,12,27115
4091,0.107694,7,27122
4092,0.119029,7,27129
4093,0.181496,11,27140
4094,0.053141,5,27145
4095,0.015854,1,27146
4096,0.159586,11,27157
4097,0.219216,15,27172
4098,0.12403,8,27180
4099,0.023667,3,27183
4100,0.085047,7,27190
4101,0.023948,3,27193
4102,0.110627,6,27199
4103,0.131308,9,27208
4104,0.090962,5,27213
4105,0.064451,4,27217
4106,0.063787,7,27224
4107,0.134625,10,27234
4108,0.044626,3,27237
4109,0.107466,6,27243
4110,0.16791,10,27253
4111,0.20423,14,27267
4112,0.222443,16,27283
4113,0.247374,18,27301
4114,0.167526,12,27313
4115,0.148797,9,27322
4116,0.044268,3,27325
4117,0.067802,6,27331
4118,0.246467,23,27354
4119,0.076946,5,27359
4120,0.182956,13,27372
4121,-0.008162,3,27375
4122,0.182813,14,27389
4123,0.140805,9,27398
4124,0.05879,4,27402
4125,0.06876,4,27406
4126,0.10377,7,27413
4127,0.091178,6,27419
4128,0.008409,1,27420
4129,0.122773,8,27428
4130,0.037251,3,27431
4131,0.038121,4,27435
4132,0.064834,4,27439
4133,0.056105,5,27444
4134,0.155415,10,27454
4135,0.037382,4,27458
4136,-0.731078,5,27463
4137,0.05348,4,27467
4138,0.017018,1,27468
4139,0.034062,3,27471
4140,0.151408,11,27482
4141,0.073263,4,27486
4142,-0.056032,25,27511
4143,0.115532,8,27519
4144,-0.311135,8,27527
4145,0.159007,11,27538
4146,0.180048,14,27552
4147,0.225233,19,27571
4148,0.129757,8,27579
4149,0.113692,7,27586
4150,0.17148,32,27618
4151,0.085703,6,27624
4152,0.092207,6,27630
4153,0.067337,4,27634
4154,0.058843,6,27640
4155,0.063486,5,27645
4156,0.169398,10,27655
4157,0.037813,4,27659
4158,0.22201,17,27676
4159,0.047684,4,27680
4160,0.201077,15,27695
4161,0.13894,9,27704
4162,0.174265,15,27719
4163,0.159766,12,27731
4164,0.2728,26,27757
4165,0.091791,8,27765
4166,0.120892,15,27780
4167,0.087115,6,27786
4168,0.096474,8,27794
4169,0.064568,4,27798
4170,-0.320626,9,27807
4171,0.145558,9,27816
4172,0.098366,6,27822
4173,0.089708,6,27828
4174,0.190544,12,27840
4175,0.060756,6,27846
4176,0.138038,9,27855
4177,0.084877,7,27862
4178,0.059802,4,27866
4179,0.114769,8,27874
4180,0.057317,4,27878
4181,0.081122,6,27884
4182,0.084754,10,27894
4183,0.079733,6,27900
4184,0.086038,5,27905
4185,0.010275,2,27907
4186,0.248023,14,27921
4187,0.165892,11,27932
4188,0.145546,9,27941
4189,0.139108,9,27950
4190,-0.225355,14,27964
4191,0.183879,15,27979
4192,0.13442,15,27994
4193,0.043436,3,27997
4194,0.063171,6,28003
4195,-0.178039,15,28018
4196,0.070968,5,28023
4197,0.069198,5,28028
4198,0.085269,6,28034
4199,0.100486,6,28040
4200,0.182024,13,28053
4201,0.105657,8,28061
4202,0.201576,12,28073
4203,0.100544,6,28079
4204,0.065394,4,28083
4205,0.220886,16,28099
4206,0.147812,10,28109
4207,0.103116,6,28115
4208,0.124494,8,28123
4209,0.135815,10,28133
4210,0.080587,5,28138
4211,0.110704,6,28144
4212,0.223443,14,28158
4213,0.060662,5,28163
4214,0.105855,10,28173
4215,0.250037,17,28190
4216,0.032349,2,28192
4217,0.032025,2,28194
4218,0.019222,1,28195
4219,0.121578,11,28206
4220,0.130851,8,28214
4221,0.020207,1,28215
4222,0.096919,8,28223
4223,0.073152,7,28230
4224,0.058246,3,28233
4225,0.081406,5,28238
4226,0.224769,17,28255
4227,0.093785,7,28262
4228,0.075366,6,28268
4229,0.049608,4,28272
4230,0.182926,13,28285
4231,0.203734,18,28303
4232,0.056873,9,28312
4233,0.160721,12,28324
4234,0.046357,6,28330
4235,0.089909,6,28336
4236,0.265937,23,28359
4237,0.076077,5,28364
4238,0.114458,7,28371
4239,-0.107724,23,28394
4240,0.248575,35,28429
4241,0.066373,4,28433
4242,0.107788,7,28440
4243,0.086209,9,28449
4244,0.177597,11,28460
4245,0.178258,12,28472
4246,0.045575,4,28476
4247,0.033987,2,28478
4248,0.131051,13,28491
4249,0.107016,7,28498
4250,0.234697,18,28516
4251,0.075522,6,28522
4252,0.080528,7,28529
4253,0.069511,6,28535
4254,0.15873,12,28547
4255,0.315105,25,28572
4256,0.060744,5,28577
4257,0.055509,4,28581
4258,0.187574,13,28594
4259,0.031279,3,28597
4260,0.09683,7,28604
4261,0.055256,4,28608
4262,0.064786,4,28612
4263,0.152587,11,28623
4264,0.083488,11,28634
4265,0.09104,7,28641
4266,0.17188,10,28651
4267,0.028114,3,28654
4268,0.066628,7,28661
4269,0.017294,1,28662
4270,0.084945,5,28667
4271,0.054801,4,28671
4272,0.310798,21,28692
4273,0.188967,13,28705
4274,0.184118,15,28720
4275,0.089213,5,28725
4276,0.075079,5,28730
4277,0.082549,6,28736
4278,0.002861,3,28739
4279,0.153354,9,28748
4280,0.05301,3,28751
4281,0.083559,6,28757
4282,0.047543,3,28760
4283,0.114002,8,28768
4284,0.115337,7,28775
4285,0.132687,9,28784
4286,0.040145,3,28787
4287,0.167954,12,28799
4288,0.204776,19,28818
4289,0.13932,13,28831
4290,0.083121,5,28836
4291,0.06921,7,28843
4292,0.182373,12,28855
4293,0.074829,6,28861
4294,0.127641,10,28871
4295,0.023606,4,28875
4296,0.033499,2,28877
4297,0.062475,6,28883
4298,0.187934,14,28897
4299,0.227555,17,28914
4300,0.118823,10,28924
4301,0.020185,1,28925
4302,0.134292,9,28934
4303,0.100581,6,28940
4304,0.056686,8,28948
4305,0.053162,5,28953
4306,0.234698,17,28970
4307,0.002859,1,28971
4308,0.090433,7,28978
4309,0.019703,1,28979
4310,0.046875,5,28984
4311,0.053655,4,28988
4312,0.060296,5,28993
4313,0.069844,6,28999
4314,0.028366,3,29002
4315,0.106174,6,29008
4316,-0.055035,27,29035
4317,0.035497,2,29037
4318,0.061967,5,29042
4319,0.015869,1,29043
4320,0.087906,6,29049
4321,0.151993,12,29061
4322,0.067823,4,29065
4323,0.182332,12,29077
4324,0.135881,10,29087
4325,0.140899,8,29095
4326,0.220514,15,29110
4327,0.070829,6,29116
4328,0.055991,7,29123
4329,0.212239,13,29136
4330,0.068573,4,29140
4331,0.229701,15,29155
4332,0.013035,2,29157
4333,0.147111,13,29170
4334,0.240813,19,29189
4335,0.157772,10,29199
4336,0.198867,13,29212
4337,0.158271,10,29222
4338,0.087526,6,29228
4339,0.136423,11,29239
4340,0.017423,1,29240
4341,0.243801,18,29258
4342,0.056934,5,29263
4343,0.110747,8,29271
4344,-0.229835,16,29287
4345,0.337175,27,29314
4346,0.067088,4,29318
4347,0.108251,7,29325
4348,0.062813,4,29329
4349,0.129413,8,29337
4350,0.198532,14,29351
4351,0.11137,6,29357
4352,0.074836,5,29362
4353,0.037858,3,29365
4354,0.193976,14,29379
4355,0.073397,6,29385
4356,0.09411,7,29392
4357,0.051585,4,29396
4358,0.071453,7,29403
4359,0.063351,4,29407
4360,0.159692,10,29417
4361,0.062544,5,29422
4362,0.076853,5,29427
4363,0.075156,7,29434
4364,0.187133,13,29447
4365,0.044122,3,29450
4366,0.068564,4,29454
4367,0.247478,16,29470
4368,0.142285,9,29479
4369,0.204814,13,29492
4370,0.254987,17,29509
4371,0.171599,10,29519
4372,0.167508,12,29531
4373,0.217213,16,29547
4374,0.135199,12,29559
4375,0.228199,15,29574
4376,0.075365,5,29579
4377,0.163509,10,29589
4378,0.19113,12,29601
4379,0.263079,18,29619
4380,0.351948,24,29643
4381,0.065225,5,29648
4382,0.094393,6,29654
4383,0.093718,8,29662
4384,0.097691,6,29668
4385,0.063543,5,29673
4386,0.082502,5,29678
4387,0.040027,4,29682
4388,0.072208,5,29687
4389,0.034581,2,29689
4390,0.077502,7,29696
4391,0.064024,5,29701
4392,0.157943,10,29711
4393,0.017019,5,29716
4394,0.087537,8,29724
4395,0.129048,11,29735
4396,0.052872,3,29738
4397,-0.284656,7,29745
4398,0.16562,10,29755
4399,0.242376,19,29774
4400,0.049823,4,29778
4401,0.105645,8,29786
4402,0.078948,5,29791
4403,0.056967,5,29796
4404,0.102758,7,29803
4405,0.143916,9,29812
4406,0.109719,8,29820
4407,0.031295,5,29825
4408,0.038178,2,29827
4409,0.077911,5,29832
4410,0.211884,14,29846
4411,0.052859,3,29849
4412,0.095163,7,29856
4413,0.213972,14,29870
4414,0.028985,4,29874
4415,0.126227,9,29883
4416,0.04641,3,29886
4417,0.059332,4,29890
4418,0.104009,9,29899
4419,0.083494,5,29904
4420,0.122759,10,29914
4421,0.096794,7,29921
4422,0.123423,8,29929
4423,0.295221,20,29949
4424,0.078863,5,29954
4425,0.107712,7,29961
4426,0.077914,7,29968
4427,0.129355,10,29978
4428,0.064567,6,29984
4429,0.084331,6,29990
4430,0.085336,6,29996
4431,0.082232,5,30001
4432,0.28121,18,30019
4433,0.042437,3,30022
4434,0.076088,5,30027
4435,0.172375,12,30039
4436,0.065044,5,30044
4437,0.249506,17,30061
4438,0.150302,12,30073
4439,0.082975,5,30078
4440,-0.308263,6,30084
4441,0.240272,15,30099
4442,0.131574,8,30107
4443,0.048399,4,30111
4444,0.119366,7,30118
4445,0.225394,19,30137
4446,0.017826,3,30140
4447,0.053905,5,30145
4448,0.060768,5,30150
4449,-0.105528,17,30167
4450,-0.119533,21,30188
4451,0.06878,6,30194
4452,0.133163,9,30203
4453,0.050141,6,30209
4454,0.04473,3,30212
4455,0.124993,8,30220
4456,0.298935,27,30247
4457,0.443687,28,30275
4458,0.126147,10,30285
4459,0.106773,8,30293
4460,0.113598,8,30301
4461,0.063386,4,30305
4462,0.118913,8,30313
4463,0.140775,9,30322
4464,0.013763,4,30326
4465,0.162983,11,30337
4466,0.084384,5,30342
4467,0.058583,6,30348
4468,0.156428,9,30357
4469,0.09152,8,30365
4470,0.246505,16,30381
4471,0.278815,21,30402
4472,0.192119,13,30415
4473,0.083291,7,30422
4474,0.083518,7,30429
4475,0.036879,3,30432
4476,0.099526,6,30438
4477,0.182709,12,30450
4478,0.151714,10,30460
4479,0.228807,17,30477
4480,0.091205,7,30484
4481,0.042668,5,30489
4482,0.100715,7,30496
4483,0.191997,13,30509
4484,0.015444,1,30510
4485,0.074473,4,30514
4486,0.26372,18,30532
4487,0.016424,1,30533
4488,0.048441,5,30538
4489,0.072731,5,30543
4490,0.07719,5,30548
4491,0.186262,13,30561
4492,0.171423,13,30574
4493,0.048955,4,30578
4494,0.12576,8,30586
4495,0.462225,30,30616
4496,0.074312,4,30620
4497,0.385865,29,30649
4498,0.153719,11,30660
4499,0.081526,5,30665
4500,0.114092,8,30673
4501,0.153595,10,30683
4502,0.069455,5,30688
4503,0.096355,7,30695
4504,0.019986,1,30696
4505,0.06362,5,30701
4506,0.095743,6,30707
4507,0.213867,14,30721
4508,0.096076,7,30728
4509,0.17562,15,30743
4510,0.07708,5,30748
4511,0.20603,13,30761
4512,0.199957,15,30776
4513,0.054246,4,30780
4514,0.019664,1,30781
4515,0.068287,5,30786
4516,0.016012,1,30787
4517,-0.31813,8,30795
4518,0.129336,9,30804
4519,0.031125,2,30806
4520,0.111223,7,30813
4521,0.092415,7,30820
4522,0.06069,5,30825
4523,0.197773,14,30839
4524,0.052689,4,30843
4525,0.048818,5,30848
4526,0.198505,12,30860
4527,0.187528,14,30874
4528,0.082551,6,30880
4529,0.322666,20,30900
4530,0.017399,1,30901
4531,0.032642,3,30904
4532,0.116185,8,30912
4533,0.143469,9,30921
4534,0.101789,7,30928
4535,0.101104,7,30935
4536,0.149129,10,30945
4537,0.061412,7,30952
4538,0.049372,3,30955
4539,0.099381,8,30963
4540,0.104032,8,30971
4541,0.077842,9,30980
4542,0.107859,8,30988
4543,0.08202,7,30995
4544,0.15391,12,31007
4545,0.074166,5,31012
4546,0.082251,5,31017
4547,0.042824,3,31020
4548,0.173402,10,31030
4549,0.137364,9,31039
4550,0.09411,7,31046
4551,0.091459,7,31053
4552,0.123394,8,31061
4553,0.009855,1,31062
4554,0.134446,11,31073
4555,0.120556,9,31082
4556,0.118042,9,31091
4557,0.112126,9,31100
4558,0.035582,2,31102
4559,0.100568,7,31109
4560,0.16869,12,31121
4561,0.079365,7,31128
4562,0.127534,14,31142
4563,0.25228,17,31159
4564,-0.019553,5,31164
4565,0.077963,8,31172
4566,0.095338,7,31179
4567,0.193363,14,31193
4568,0.202542,16,31209
4569,0.117909,8,31217
4570,0.074564,4,31221
4571,0.213469,17,31238
4572,0.349348,24,31262
4573,0.060815,4,31266
4574,0.17204,11,31277
4575,0.112631,10,31287
4576,0.150992,10,31297
4577,0.10978,8,31305
4578,0.163598,14,31319
4579,0.208013,14,31333
4580,0.034571,3,31336
4581,0.162356,10,31346
4582,0.120853,8,31354
4583,0.139634,9,31363
4584,0.131956,9,31372
4585,0.100601,7,31379
4586,0.207804,14,31393
4587,0.121215,10,31403
4588,0.059468,5,31408
4589,0.058224,3,31411
4590,0.014755,1,31412
4591,0.271366,18,31430
4592,0.065648,4,31434
4593,0.108904,7,31441
4594,0.023124,2,31443
4595,0.083513,6,31449
4596,0.087218,5,31454
4597,0.057797,4,31458
4598,0.07589,7,31465
4599,0.143682,10,31475
4600,0.102782,6,31481
4601,0.176795,11,31492
4602,0.096362,8,31500
4603,0.106345,7,31507
4604,0.152517,11,31518
4605,0.2192,18,31536
4606,0.044608,3,31539
4607,0.069464,7,31546
4608,0.153998,12,31558
4609,0.083154,6,31564
4610,0.070617,5,31569
4611,0.105895,8,31577
4612,0.207256,13,31590
4613,0.228743,13,31603
4614,0.128725,10,31613
4615,0.050563,3,31616
4616,0.320034,20,31636
4617,0.053755,4,31640
4618,0.054634,3,31643
4619,0.1784,14,31657
4620,0.347945,22,31679
4621,0.090411,7,31686
4622,0.133615,9,31695
4623,0.102745,7,31702
4624,0.05525,4,31706
4625,0.16142,13,31719
4626,0.244819,20,31739
4627,0.019507,1,31740
4628,0.200141,12,31752
4629,0.077296,5,31757
4630,0.107567,7,31764
4631,0.113103,8,31772
4632,0.118233,9,31781
4633,0.063258,5,31786
4634,0.212992,13,31799
4635,0.18019,13,31812
4636,0.085388,6,31818
4637,0.108391,6,31824
4638,0.132474,8,31832
4639,0.09063,7,31839
4640,0.20639,12,31851
4641,0.118677,7,31858
4642,0.159524,10,31868
4643,0.017594,1,31869
4644,0.069705,4,31873
4645,0.083099,6,31879
4646,0.080884,5,31884
4647,0.09909,7,31891
4648,0.037365,4,31895
4649,0.107472,6,31901
4650,0.019275,1,31902
4651,0.063006,4,31906
4652,0.215875,14,31920
4653,0.042012,7,31927
4654,0.113154,9,31936
4655,0.169559,13,31949
4656,0.198518,13,31962
4657,0.143161,9,31971
4658,0.209634,13,31984
4659,0.171668,10,31994
4660,0.106451,6,32000
4661,0.132281,10,32010
4662,0.068487,6,32016
4663,0.020205,1,32017
4664,0.10677,8,32025
4665,0.138417,10,32035
4666,0.244558,20,32055
4667,0.187714,14,32069
4668,0.034447,5,32074
4669,0.117005,8,32082
4670,0.21098,15,32097
4671,0.12616,9,32106
4672,0.259871,20,32126
4673,0.131409,10,32136
4674,0.184269,11,32147
4675,0.108297,6,32153
4676,0.171013,12,32165
4677,-0.327113,5,32170
4678,0.110316,7,32177
4679,0.053621,4,32181
4680,0.090056,7,32188
4681,0.019281,1,32189
4682,0.20411,15,32204
4683,0.089929,5,32209
4684,0.111468,9,32218
4685,0.185951,12,32230
4686,0.095994,9,32239
4687,0.092572,7,32246
4688,0.179196,10,32256
4689,0.093651,9,32265
4690,0.067384,5,32270
4691,0.116748,7,32277
4692,0.053904,4,32281
4693,0.06666,8,32289
4694,0.017291,1,32290
4695,0.112757,8,32298
4696,0.050268,4,32302
4697,0.057668,4,32306
4698,0.101857,8,32314
4699,0.18493,14,32328
4700,0.283875,18,32346
4701,0.115368,7,32353
4702,0.198606,12,32365
4703,0.200036,12,32377
4704,0.252294,15,32392
4705,0.336198,23,32415
4706,0.268777,20,32435
4707,0.291131,21,32456
4708,0.044439,4,32460
4709,0.174412,11,32471
4710,0.271664,22,32493
4711,0.299437,19,32512
4712,0.223497,16,32528
4713,0.11999,8,32536
4714,0.199717,14,32550
4715,0.135573,9,32559
4716,0.108448,9,32568
4717,0.06482,4,32572
4718,0.206864,14,32586
4719,0.173631,11,32597
4720,0.070877,5,32602
4721,0.048072,3,32605
4722,0.083797,5,32610
4723,0.110102,8,32618
4724,0.098051,6,32624
4725,0.303028,20,32644
4726,0.150035,9,32653
4727,0.159778,11,32664
4728,0.072997,6,32670
4729,0.25956,18,32688
4730,0.118658,9,32697
4731,0.08328,8,32705
4732,-0.108176,26,32731
4733,0.081257,7,32738
4734,0.270036,18,32756
4735,0.123936,11,32767
4736,0.125034,8,32775
4737,0.091857,6,32781
4738,0.089727,5,32786
4739,0.168882,13,32799
4740,0.05122,7,32806
4741,0.086332,6,32812
4742,0.112923,8,32820
4743,0.130321,9,32829
4744,0.066171,5,32834
4745,0.079762,5,32839
4746,0.184486,16,32855
4747,0.152962,12,32867
4748,0.005041,1,32868
4749,0.015552,1,32869
4750,0.154098,10,32879
4751,0.134442,10,32889
4752,0.105522,6,32895
4753,0.211355,16,32911
4754,0.10657,7,32918
4755,0.212154,13,32931
4756,0.05453,5,32936
4757,0.083585,5,32941
4758,0.344137,24,32965
4759,-0.264151,8,32973
4760,0.127749,9,32982
4761,0.111327,7,32989
4762,0.144824,11,33000
4763,0.079171,5,33005
4764,0.036811,2,33007
4765,0.059563,6,33013
4766,0.154597,10,33023
4767,0.193373,13,33036
4768,0.127498,8,33044
4769,0.276062,19,33063
4770,0.115844,7,33070
4771,0.340702,24,33094
4772,0.100069,7,33101
4773,0.052471,5,33106
4774,0.225205,19,33125
4775,0.063793,5,33130
4776,0.146048,9,33139
4777,0.145303,10,33149
4778,0.08034,7,33156
4779,0.223622,15,33171
4780,0.017042,1,33172
4781,0.059243,3,33175
4782,0.053848,4,33179
4783,0.098082,7,33186
4784,0.092051,7,33193
4785,0.119455,8,33201
4786,0.019583,1,33202
4787,0.059563,4,33206
4788,0.290297,20,33226
4789,0.208753,13,33239
4790,0.10684,9,33248
4791,0.168523,10,33258
4792,0.064475,4,33262
4793,0.114416,7,33269
4794,0.306385,26,33295
4795,0.020003,1,33296
4796,0.160833,13,33309
4797,0.12279,8,33317
4798,0.072927,4,33321
4799,0.105307,7,33328
4800,0.122587,7,33335
4801,0.184792,12,33347
4802,0.164858,12,33359
4803,0.139698,8,33367
4804,0.10104,7,33374
4805,0.179748,11,33385
4806,0.159903,10,33395
4807,0.016385,1,33396
4808,0.045681,3,33399
4809,0.184586,13,33412
4810,0.067796,5,33417
4811,0.137313,9,33426
4812,0.14343,10,33436
4813,0.030659,2,33438
4814,0.076454,5,33443
4815,0.276163,18,33461
4816,0.149941,9,33470
4817,0.113016,7,33477
4818,0.158149,10,33487
4819,0.062524,5,33492
4820,0.172433,10,33502
4821,0.094662,7,33509
4822,0.108185,8,33517
4823,0.10344,7,33524
4824,0.110518,7,33531
4825,0.066875,4,33535
4826,0.071971,7,33542
4827,0.41589,27,33569
4828,0.081039,6,33575
4829,0.098327,7,33582
4830,0.263969,17,33599
4831,0.07698,7,33606
4832,0.172937,11,33617
4833,0.175085,10,33627
4834,0.134775,10,33637
4835,0.118885,8,33645
4836,0.22379,14,33659
4837,0.134098,8,33667
4838,0.1367,8,33675
4839,0.301313,21,33696
4840,0.174061,11,33707
4841,0.077743,5,33712
4842,0.031278,2,33714
4843,0.187467,12,33726
4844,0.090315,5,33731
4845,0.051486,3,33734
4846,0.180404,12,33746
4847,0.162146,10,33756
4848,0.155252,10,33766
4849,0.255294,16,33782
4850,0.175912,11,33793
4851,0.150566,10,33803
4852,0.117324,8,33811
4853,0.206333,13,33824
4854,0.377487,23,33847
4855,0.057608,4,33851
4856,0.083295,5,33856
4857,0.28184,19,33875
4858,0.256788,17,33892
4859,0.132413,8,33900
4860,0.074823,6,33906
4861,0.179063,12,33918
4862,0.096692,7,33925
4863,0.160813,10,33935
4864,0.094263,7,33942
4865,0.20696,17,33959
4866,0.116157,8,33967
4867,0.094071,8,33975
4868,0.260628,16,33991
4869,0.15522,9,34000
4870,0.251436,15,34015
4871,0.045013,3,34018
4872,0.055397,3,34021
4873,0.042536,5,34026
4874,0.24539,14,34040
4875,0.08256,5,34045
4876,0.222692,25,34070
4877,0.103438,7,34077
4878,-0.219753,10,34087
4879,0.242455,22,34109
4880,0.082943,6,34115
4881,0.105166,7,34122
4882,0.296713,21,34143
4883,0.036488,2,34145
4884,0.132315,8,34153
4885,0.209471,15,34168
4886,0.053451,3,34171
4887,0.020926,1,34172
4888,0.131795,11,34183
4889,0.117085,7,34190
4890,0.059514,6,34196
4891,0.075362,4,34200
4892,-0.278475,9,34209
4893,0.327469,22,34231
4894,-0.134327,20,34251
4895,0.179586,13,34264
4896,0.164242,13,34277
4897,0.128971,9,34286
4898,0.184926,12,34298
4899,0.13875,9,34307
4900,0.062094,5,34312
4901,0.127185,9,34321
4902,0.082573,6,34327
4903,0.098109,11,34338
4904,0.155475,11,34349
4905,0.112246,6,34355
4906,0.106174,12,34367
4907,0.105821,8,34375
4908,0.052272,3,34378
4909,0.174214,13,34391
4910,0.335942,34,34425
4911,0.1612,10,34435
4912,0.104601,8,34443
4913,0.187433,12,34455
4914,0.222266,14,34469
4915,0.383632,28,34497
4916,0.139032,9,34506
4917,0.30004,30,34536
4918,0.355176,23,34559
4919,0.053568,4,34563
4920,0.058247,4,34567
4921,0.090293,5,34572
4922,0.146776,10,34582
4923,0.162449,10,34592
4924,0.039375,3,34595
4925,0.115056,10,34605
4926,0.414522,29,34634
4927,0.066801,6,34640
4928,0.168926,14,34654
4929,0.125942,8,34662
4930,0.078516,6,34668
4931,0.118591,9,34677
4932,0.111263,7,34684
4933,0.072197,6,34690
4934,0.169043,16,34706
4935,0.344791,22,34728
4936,0.240294,16,34744
4937,0.06418,5,34749
4938,0.132196,9,34758
4939,-0.227936,11,34769
4940,0.161889,10,34779
4941,0.053961,3,34782
4942,0.165618,10,34792
4943,0.2623,19,34811
4944,-0.285559,9,34820
4945,0.245202,16,34836
4946,0.16868,11,34847
4947,-0.282311,7,34854
4948,0.174117,13,34867
4949,0.098614,7,34874
4950,0.247812,16,34890
4951,0.044541,3,34893
4952,0.130462,8,34901
4953,0.018677,1,34902
4954,0.078029,5,34907
4955,0.105746,7,34914
4956,0.088329,5,34919
4957,0.075674,4,34923
4958,0.065373,4,34927
4959,0.189464,11,34938
4960,0.13491,9,34947
4961,0.242948,16,34963
4962,0.118959,7,34970
4963,0.505024,32,35002
4964,0.070115,4,35006
4965,0.016857,1,35007
4966,0.451979,38,35045
4967,0.083914,5,35050
4968,0.095843,6,35056
4969,0.323892,25,35081
4970,0.199219,16,35097
4971,0.261466,17,35114
4972,0.177336,12,35126
4973,0.151273,11,35137
4974,0.07711,5,35142
4975,0.110546,7,35149
4976,0.10649,9,35158
4977,0.085271,6,35164
4978,0.08927,6,35170
4979,0.304475,19,35189
4980,0.146658,9,35198
4981,0.098567,6,35204
4982,0.068276,6,35210
4983,0.051658,4,35214
4984,0.152821,9,35223
4985,0.14379,9,35232
4986,0.039328,2,35234
4987,0.115162,8,35242
4988,0.01808,1,35243
4989,0.239768,24,35267
4990,0.101142,6,35273
4991,0.099963,7,35280
4992,0.181835,12,35292
4993,0.106781,7,35299
4994,0.200153,14,35313
4995,0.081146,7,35320
4996,0.087786,8,35328
4997,0.147252,10,35338
4998,-0.21159,12,35350
4999,0.174479,13,35363
5000,0.147542,9,35372
5001,0.115494,8,35380
5002,0.120282,8,35388
5003,0.094753,6,35394
5004,0.221242,13,35407
5005,0.188416,14,35421
5006,0.266092,20,35441
5007,0.086386,5,35446
5008,0.038951,4,35450
5009,0.108848,7,35457
5010,0.190214,11,35468
5011,0.141265,10,35478
5012,0.219167,15,35493
5013,0.067558,4,35497
5014,0.151594,9,35506
5015,0.222662,15,35521
5016,0.015784,1,35522
5017,0.214598,16,35538
5018,0.204251,13,35551
5019,0.153094,10,35561
5020,0.195657,13,35574
5021,0.094425,7,35581
5022,0.050925,3,35584
5023,0.115218,7,35591
5024,0.093575,5,35596
5025,0.194568,12,35608
5026,0.095393,8,35616
5027,0.10201,7,35623
5028,0.097625,9,35632
5029,0.189461,15,35647
5030,0.21469,13,35660
5031,0.157637,11,35671
5032,0.228854,16,35687
5033,0.123281,8,35695
5034,0.324811,24,35719
5035,0.423045,27,35746
5036,0.223786,13,35759
5037,0.145073,11,35770
5038,0.219074,13,35783
5039,0.172868,10,35793
5040,0.257684,21,35814
5041,0.169584,12,35826
5042,0.060842,5,35831
5043,0.255644,15,35846
5044,0.085699,5,35851
5045,0.153252,9,35860
5046,0.052853,3,35863
5047,0.03592,3,35866
5048,0.101454,7,35873
5049,0.102217,6,35879
5050,0.112903,8,35887
5051,0.377513,24,35911
5052,0.214665,14,35925
5053,-0.248643,11,35936
5054,0.114463,7,35943
5055,0.111028,9,35952
5056,0.211475,15,35967
5057,0.073997,5,35972
5058,0.086292,7,35979
5059,0.018135,1,35980
5060,0.149452,10,35990
5061,0.136215,9,35999
5062,0.06112,4,36003
5063,0.155351,10,36013
5064,0.341536,24,36037
5065,0.06183,6,36043
5066,0.190171,11,36054
5067,0.020072,1,36055
5068,0.144257,9,36064
5069,0.205583,14,36078
5070,0.137643,9,36087
5071,0.093457,6,36093
5072,0.475152,30,36123
5073,0.141868,8,36131
5074,0.079811,6,36137
5075,0.114647,7,36144
5076,0.153128,11,36155
5077,0.099993,6,36161
5078,0.140726,9,36170
5079,0.052595,3,36173
5080,0.273635,20,36193
5081,0.126188,8,36201
5082,0.017985,1,36202
5083,0.178158,10,36212
5084,0.181995,11,36223
5085,0.19745,13,36236
5086,0.214732,14,36250
5087,0.015217,1,36251
5088,0.179058,13,36264
5089,0.241455,17,36281
5090,0.081179,7,36288
5091,0.105562,8,36296
5092,0.077066,5,36301
5093,0.135093,9,36310
5094,0.1023,6,36316
5095,0.148016,9,36325
5096,0.409131,24,36349
5097,0.073344,6,36355
5098,0.176634,14,36369
5099,0.130156,10,36379
5100,0.136677,9,36388
5101,0.189291,13,36401
5102,0.10116,6,36407
5103,0.02925,2,36409
5104,0.28369,22,36431
5105,0.149686,10,36441
5106,0.077024,4,36445
5107,0.275731,17,36462
5108,0.142454,12,36474
5109,0.112629,7,36481
5110,0.151065,9,36490
5111,0.14514,9,36499
5112,0.217677,15,36514
5113,0.148716,9,36523
5114,0.015538,1,36524
5115,0.180506,10,36534
5116,0.106938,8,36542
5117,0.046646,4,36546
5118,0.178017,11,36557
5119,0.18424,13,36570
5120,0.824564,53,36623
5121,0.174507,11,36634
5122,0.13717,9,36643
5123,0.178467,12,36655
5124,0.123772,9,36664
5125,0.114005,7,36671
5126,0.092147,6,36677
5127,0.091223,6,36683
5128,0.144454,11,36694
5129,0.107686,8,36702
5130,0.171514,10,36712
5131,0.144024,10,36722
5132,0.096253,6,36728
5133,0.018597,1,36729
5134,0.053987,4,36733
5135,0.11134,7,36740
5136,0.189256,12,36752
5137,0.085361,5,36757
5138,0.078061,6,36763
5139,0.234904,16,36779
5140,0.187629,12,36791
5141,0.232636,14,36805
5142,0.230216,16,36821
5143,0.096282,7,36828
5144,0.122686,8,36836
5145,0.014551,1,36837
5146,0.246263,16,36853
5147,0.146541,9,36862
5148,0.186357,11,36873
5149,0.111773,9,36882
5150,0.013818,1,36883
5151,0.172487,11,36894
5152,0.135054,8,36902
5153,0.233601,15,36917
5154,0.240478,18,36935
5155,0.017444,1,36936
5156,0.214377,15,36951
5157,0.148174,9,36960
5158,0.07639,7,36967
5159,0.102591,7,36974
5160,0.138613,9,36983
5161,0.079954,6,36989
5162,0.18445,13,37002
5163,0.200248,15,37017
5164,0.331785,25,37042
5165,0.121818,7,37049
5166,0.215965,17,37066
5167,0.096303,7,37073
5168,0.207443,14,37087
5169,0.035388,2,37089
5170,0.101587,6,37095
5171,0.258959,16,37111
5172,0.100258,6,37117
5173,0.147453,13,37130
5174,0.175742,10,37140
5175,0.106112,10,37150
5176,0.139562,9,37159
5177,0.220063,13,37172
5178,0.103941,7,37179
5179,0.222916,15,37194
5180,0.168249,10,37204
5181,0.192554,12,37216
5182,0.182503,13,37229
5183,-0.252713,10,37239
5184,0.204301,13,37252
5185,0.185616,13,37265
5186,0.17903,11,37276
5187,0.078681,5,37281
5188,0.114826,13,37294
5189,0.350588,21,37315
5190,0.012776,1,37316
5191,0.204076,18,37334
5192,0.04234,5,37339
5193,0.149505,10,37349
5194,0.1906,13,37362
5195,0.221123,14,37376
5196,0.15287,9,37385
5197,0.288754,18,37403
5198,0.097048,6,37409
5199,0.288862,27,37436
5200,0.10589,8,37444
5201,0.121312,10,37454
5202,0.221687,14,37468
5203,0.184678,11,37479
5204,0.094841,8,37487
5205,0.203109,12,37499
5206,0.01904,1,37500
5207,0.208583,14,37514
5208,0.063981,5,37519
5209,0.071687,6,37525
5210,0.133198,9,37534
5211,0.081806,6,37540
5212,0.163784,10,37550
5213,0.055837,5,37555
5214,0.072999,5,37560
5215,0.128742,9,37569
5216,0.104402,6,37575
5217,0.104362,6,37581
5218,0.100474,6,37587
5219,0.120715,8,37595
5220,0.119709,7,37602
5221,0.204735,13,37615
5222,0.130171,9,37624
5223,0.108574,7,37631
5224,0.098297,6,37637
5225,0.096488,6,37643
5226,0.100116,6,37649
5227,0.291751,20,37669
5228,0.302226,26,37695
5229,0.053635,3,37698
5230,0.1336,8,37706
5231,0.132805,9,37715
5232,0.111504,6,37721
5233,0.135314,8,37729
5234,0.24204,15,37744
5235,0.039806,4,37748
5236,0.124838,8,37756
5237,0.095012,7,37763
5238,0.080855,5,37768
5239,0.11423,7,37775
5240,0.129271,10,37785
5241,0.144427,8,37793
5242,0.017541,1,37794
5243,0.104013,6,37800
5244,0.132512,9,37809
5245,0.14694,9,37818
5246,0.133398,8,37826
5247,0.380183,24,37850
5248,0.139389,9,37859
5249,0.02411,2,37861
5250,0.190128,13,37874
5251,0.112077,7,37881
5252,0.230442,17,37898
5253,0.071914,4,37902
5254,0.093542,6,37908
5255,0.095337,7,37915
5256,0.108365,8,37923
5257,0.244311,17,37940
5258,0.146003,10,37950
5259,0.035899,2,37952
5260,0.082832,5,37957
5261,0.132819,13,37970
5262,0.13268,9,37979
5263,0.287516,26,38005
5264,0.159209,10,38015
5265,0.115092,8,38023
5266,0.103872,8,38031
5267,0.094526,6,38037
5268,0.10187,7,38044
5269,0.066199,4,38048
5270,0.213563,14,38062
5271,0.132779,9,38071
5272,0.112607,7,38078
5273,0.01468,1,38079
5274,0.112339,7,38086
5275,0.017105,1,38087
5276,0.15887,10,38097
5277,0.188506,11,38108
5278,0.143908,9,38117
5279,0.121254,8,38125
5280,0.116438,9,38134
5281,0.174846,12,38146
5282,0.167023,13,38159
5283,0.119108,8,38167
5284,0.096252,6,38173
5285,0.084189,9,38182
5286,0.118089,7,38189
5287,0.066257,6,38195
5288,0.232757,16,38211
5289,0.129306,8,38219
5290,0.018704,1,38220
5291,0.131169,9,38229
5292,0.167713,11,38240
5293,0.174653,12,38252
5294,0.141524,10,38262
5295,0.251132,15,38277
5296,0.077107,5,38282
5297,0.048158,4,38286
5298,0.107426,7,38293
5299,0.120184,8,38301
5300,0.215473,14,38315
5301,0.233724,15,38330
5302,0.128984,8,38338
5303,0.215209,14,38352
5304,0.019343,1,38353
5305,0.191686,14,38367
5306,0.219199,14,38381
5307,0.138569,8,38389
5308,0.098379,7,38396
5309,0.125215,7,38403
5310,0.014952,1,38404
5311,0.012425,1,38405
5312,0.163071,12,38417
5313,0.092934,6,38423
5314,0.175651,11,38434
5315,0.165141,12,38446
5316,0.181299,10,38456
5317,0.124978,8,38464
5318,0.172159,11,38475
5319,0.204977,13,38488
5320,0.421572,43,38531
5321,0.028489,3,38534
5322,0.134112,8,38542
5323,0.102509,8,38550
5324,0.105281,6,38556
5325,0.188666,11,38567
5326,0.039706,3,38570
5327,0.165237,10,38580
5328,0.017397,1,38581
5329,0.170592,10,38591
5330,0.198819,16,38607
5331,0.103545,6,38613
5332,0.141771,11,38624
5333,0.00245,1,38625
5334,0.35283,21,38646
5335,0.315288,20,38666
5336,0.080777,6,38672
5337,0.199971,13,38685
5338,0.057482,5,38690
5339,0.200872,13,38703
5340,0.04628,4,38707
5341,0.212777,12,38719
5342,0.160156,12,38731
5343,0.309439,19,38750
5344,0.121721,7,38757
5345,0.311657,20,38777
5346,0.215089,14,38791
5347,0.019927,1,38792
5348,0.105304,8,38800
5349,0.264984,16,38816
5350,0.156641,10,38826
5351,0.26641,17,38843
5352,0.159764,11,38854
5353,0.182123,10,38864
5354,0.21109,17,38881
5355,0.272261,17,38898
5356,0.321662,20,38918
5357,0.185756,12,38930
5358,0.351203,22,38952
5359,0.010742,1,38953
5360,0.485562,32,38985
5361,0.322261,31,39016
5362,0.162712,10,39026
5363,0.113901,7,39033
5364,0.223763,16,39049
5365,0.035442,2,39051
5366,0.08522,5,39056
5367,0.019801,1,39057
5368,0.11345,8,39065
5369,0.123142,8,39073
5370,0.181027,12,39085
5371,0.220001,14,39099
5372,0.271163,17,39116
5373,0.037924,2,39118
5374,0.004042,1,39119
5375,0.114206,7,39126
5376,0.242311,15,39141
5377,0.087111,5,39146
5378,0.157869,10,39156
5379,0.081152,6,39162
5380,0.218033,17,39179
5381,0.220471,13,39192
5382,0.113587,7,39199
5383,0.0704,4,39203
5384,0.148757,10,39213
5385,0.215635,13,39226
5386,0.177992,12,39238
5387,0.097975,7,39245
5388,0.292707,21,39266
5389,0.086791,6,39272
5390,0.093548,7,39279
5391,0.136468,11,39290
5392,0.146915,9,39299
5393,0.098502,6,39305
5394,0.161881,11,39316
5395,0.233316,15,39331
5396,0.251864,15,39346
5397,0.016371,1,39347
5398,0.258605,17,39364
5399,0.126553,7,39371
5400,0.165237,10,39381
5401,0.129692,9,39390
5402,0.137067,11,39401
5403,0.244938,16,39417
5404,0.115081,9,39426
5405,0.206882,13,39439
5406,0.352033,25,39464
5407,0.215377,17,39481
5408,0.072922,4,39485
5409,0.089458,5,39490
5410,0.133432,8,39498
5411,0.201055,13,39511
5412,0.125791,7,39518
5413,0.264327,19,39537
5414,0.101713,8,39545
5415,0.171519,12,39557
5416,0.205555,15,39572
5417,0.149844,9,39581
5418,0.102429,6,39587
5419,0.089376,7,39594
5420,0.109069,7,39601
5421,0.085347,6,39607
5422,0.126934,8,39615
5423,0.078157,5,39620
5424,0.129628,10,39630
5425,0.123028,7,39637
5426,0.107053,6,39643
5427,0.101444,6,39649
5428,0.092378,6,39655
5429,0.273433,21,39676
5430,0.330218,21,39697
5431,0.08492,5,39702
5432,0.314709,25,39727
5433,0.067866,4,39731
5434,0.14248,8,39739
5435,0.04181,3,39742
5436,0.058349,4,39746
5437,0.042776,4,39750
5438,0.189735,12,39762
5439,0.12938,10,39772
5440,0.104752,8,39780
5441,0.259722,16,39796
5442,0.180968,11,39807
5443,0.147746,11,39818
5444,0.093769,6,39824
5445,0.174177,10,39834
5446,0.240185,16,39850
5447,0.153613,9,39859
5448,0.190317,11,39870
5449,0.141504,9,39879
5450,0.143027,10,39889
5451,0.189807,12,39901
5452,0.20753,15,39916
5453,0.051897,3,39919
5454,0.149264,9,39928
5455,0.047568,4,39932
5456,0.046468,4,39936
5457,0.10518,7,39943
5458,0.128405,7,39950
5459,0.12988,10,39960
5460,0.128554,8,39968
5461,0.132042,9,39977
5462,0.135665,8,39985
5463,0.02063,1,39986
5464,0.144812,10,39996
5465,0.141036,9,40005
5466,0.239212,16,40021
5467,0.079159,5,40026
5468,0.089292,5,40031
5469,0.12215,11,40042
5470,0.088999,5,40047
5471,0.195813,13,40060
5472,0.172529,11,40071
5473,0.115557,7,40078
5474,0.246719,15,40093
5475,0.016358,1,40094
5476,0.219349,13,40107
5477,0.290926,20,40127
5478,0.122342,8,40135
5479,0.112028,8,40143
5480,0.031677,3,40146
5481,0.159256,10,40156
5482,0.211024,13,40169
5483,0.345434,22,40191
5484,0.141295,8,40199
5485,0.114007,8,40207
5486,0.152681,10,40217
5487,0.275958,18,40235
5488,0.098286,6,40241
5489,0.102959,7,40248
5490,0.083205,5,40253
5491,0.165713,11,40264
5492,0.15937,11,40275
5493,0.083606,6,40281
5494,0.218706,15,40296
5495,0.048693,3,40299
5496,0.137039,9,40308
5497,0.1719,15,40323
5498,0.074936,5,40328
5499,0.127566,10,40338
5500,0.15518,10,40348
5501,0.366668,25,40373
5502,0.051359,4,40377
5503,0.185488,14,40391
5504,0.08132,5,40396
5505,0.121074,8,40404
5506,0.098708,6,40410
5507,0.09024,5,40415
5508,0.068039,5,40420
5509,0.535839,35,40455
5510,0.203754,13,40468
5511,0.118028,9,40477
5512,0.251226,21,40498
5513,0.086462,5,40503
5514,0.019647,1,40504
5515,0.018305,2,40506
5516,0.127201,8,40514
5517,0.14059,11,40525
5518,0.236497,16,40541
5519,0.200977,12,40553
5520,0.054921,3,40556
5521,0.156044,12,40568
5522,0.065174,5,40573
5523,0.171466,12,40585
5524,0.181955,13,40598
5525,0.098764,7,40605
5526,0.183111,11,40616
5527,0.019538,1,40617
5528,0.239918,15,40632
5529,0.099496,6,40638
5530,0.114076,8,40646
5531,0.113837,7,40653
5532,0.265292,17,40670
5533,0.091587,7,40677
5534,0.091031,8,40685
5535,0.256866,19,40704
5536,0.03175,2,40706
5537,0.067341,4,40710
5538,0.165257,9,40719
5539,0.133529,8,40727
5540,0.11733,7,40734
5541,0.115587,8,40742
5542,0.082719,6,40748
5543,0.109721,7,40755
5544,0.156499,11,40766
5545,0.245729,20,40786
5546,0.084406,5,40791
5547,0.178558,11,40802
5548,0.060011,5,40807
5549,0.097576,6,40813
5550,0.192985,13,40826
5551,0.064557,7,40833
5552,0.068692,4,40837
5553,0.168481,11,40848
5554,0.420892,25,40873
5555,0.038426,2,40875
5556,0.289031,20,40895
5557,0.071649,6,40901
5558,0.133099,8,40909
5559,0.398593,27,40936
5560,0.106313,7,40943
5561,0.21611,19,40962
5562,0.183889,13,40975
5563,0.226104,13,40988
5564,0.139023,8,40996
5565,0.301858,27,41023
5566,0.424582,28,41051
5567,0.154074,9,41060
5568,0.067737,6,41066
5569,0.301343,19,41085
5570,0.24132,15,41100
5571,0.201213,13,41113
5572,0.144069,9,41122
5573,0.147594,10,41132
5574,0.07128,6,41138
5575,0.19104,14,41152
5576,0.092632,6,41158
5577,0.216081,16,41174
5578,0.281029,17,41191
5579,0.015684,1,41192
5580,0.273424,18,41210
5581,0.25849,16,41226
5582,0.269586,20,41246
5583,0.116102,11,41257
5584,0.046064,3,41260
5585,0.182958,11,41271
5586,-0.124547,19,41290
5587,0.212672,17,41307
5588,0.022933,5,41312
5589,0.357018,24,41336
5590,0.103013,8,41344
5591,0.136659,10,41354
5592,0.111384,6,41360
5593,0.10853,7,41367
5594,0.246651,15,41382
5595,0.072233,4,41386
5596,0.139134,12,41398
5597,0.058915,5,41403
5598,0.225987,15,41418
5599,0.129797,9,41427
5600,0.262045,19,41446
5601,0.164365,12,41458
5602,0.203914,13,41471
5603,0.105773,7,41478
5604,0.202659,13,41491
5605,0.101058,7,41498
5606,-0.120773,22,41520
5607,0.260955,21,41541
5608,0.18324,11,41552
5609,0.127784,8,41560
5610,0.237993,15,41575
5611,0.189106,11,41586
5612,0.128241,10,41596
5613,0.234366,17,41613
5614,0.334149,22,41635
5615,0.108469,7,41642
5616,0.152085,10,41652
5617,0.204265,18,41670
5618,0.100335,6,41676
5619,0.200536,13,41689
5620,0.149212,9,41698
5621,0.239952,17,41715
5622,0.218346,13,41728
5623,0.273554,25,41753
5624,0.274878,17,41770
5625,0.099449,6,41776
5626,0.297318,29,41805
5627,0.196901,11,41816
5628,0.164853,11,41827
5629,0.20145,13,41840
5630,0.104873,7,41847
5631,0.056664,7,41854
5632,0.164001,10,41864
5633,0.072856,6,41870
5634,0.117713,9,41879
5635,0.115944,8,41887
5636,0.293345,19,41906
5637,0.147418,9,41915
5638,0.267847,17,41932
5639,0.144933,10,41942
5640,0.180432,15,41957
5641,0.157244,10,41967
5642,0.12109,9,41976
5643,0.015318,2,41978
5644,0.167036,10,41988
5645,0.134591,8,41996
5646,0.307817,21,42017
5647,0.132501,10,42027
5648,0.096471,6,42033
5649,0.088285,5,42038
5650,0.089819,5,42043
5651,0.084221,9,42052
5652,0.238441,18,42070
5653,0.071071,4,42074
5654,0.10647,7,42081
5655,0.166793,12,42093
5656,0.093065,8,42101
5657,0.316633,19,42120
5658,0.072715,4,42124
5659,0.079146,7,42131
5660,0.240594,16,42147
5661,0.302195,18,42165
5662,0.152,9,42174
5663,0.160895,13,42187
5664,0.180613,10,42197
5665,0.111613,6,42203
5666,0.072996,4,42207
5667,0.160831,11,42218
5668,0.061785,4,42222
5669,0.142401,10,42232
5670,0.268555,18,42250
5671,0.065588,4,42254
5672,0.104395,9,42263
5673,0.349134,21,42284
5674,0.496873,32,42316
5675,0.171066,11,42327
5676,0.155318,11,42338
5677,0.361691,27,42365
5678,0.214897,14,42379
5679,0.138521,10,42389
5680,0.126292,8,42397
5681,0.296074,25,42422
5682,0.134368,10,42432
5683,0.065466,5,42437
5684,0.068982,4,42441
5685,0.135123,8,42449
5686,0.046469,3,42452
5687,0.375234,23,42475
5688,0.140411,10,42485
5689,0.06764,4,42489
5690,0.17205,11,42500
5691,0.197434,12,42512
5692,0.020057,1,42513
5693,0.020645,6,42519
5694,0.198122,12,42531
5695,0.101013,6,42537
5696,0.070769,5,42542
5697,0.073904,5,42547
5698,0.200942,15,42562
5699,0.111388,7,42569
5700,0.196747,14,42583
5701,0.075189,6,42589
5702,0.264454,20,42609
5703,0.063318,4,42613
5704,0.140425,11,42624
5705,0.033785,2,42626
5706,0.321955,24,42650
5707,0.216115,13,42663
5708,0.141762,35,42698
5709,0.192825,12,42710
5710,0.119192,7,42717
5711,0.315167,19,42736
5712,0.153895,9,42745
5713,0.107759,6,42751
5714,0.093325,5,42756
5715,0.059627,4,42760
5716,0.141747,8,42768
5717,0.06704,5,42773
5718,0.09927,6,42779
5719,0.072966,5,42784
5720,0.199166,12,42796
5721,0.017842,1,42797
5722,0.165086,11,42808
5723,0.012674,1,42809
5724,0.126905,10,42819
5725,0.19054,12,42831
5726,0.187641,13,42844
5727,0.141284,8,42852
5728,0.155836,14,42866
5729,0.1529,9,42875
5730,0.187572,12,42887
5731,0.114225,8,42895
5732,0.213681,20,42915
5733,0.11335,7,42922
5734,-0.172065,15,42937
5735,0.205639,12,42949
5736,0.111258,9,42958
5737,0.094894,8,42966
5738,0.080497,5,42971
5739,0.120387,7,42978
5740,0.302658,21,42999
5741,0.17171,11,43010
5742,0.252134,16,43026
5743,0.12101,8,43034
5744,0.12566,8,43042
5745,0.149112,11,43053
5746,0.10627,6,43059
5747,0.306629,29,43088
5748,0.07862,5,43093
5749,0.134359,8,43101
5750,0.113224,7,43108
5751,0.17793,10,43118
5752,0.196283,14,43132
5753,0.156765,11,43143
5754,0.157943,9,43152
5755,0.196992,13,43165
5756,0.258048,16,43181
5757,0.131484,8,43189
5758,0.019387,1,43190
5759,0.145873,9,43199
5760,0.071022,4,43203
5761,0.137585,9,43212
5762,0.221846,13,43225
5763,0.108145,8,43233
5764,0.182116,13,43246
5765,0.055806,3,43249
5766,0.163528,10,43259
5767,0.030398,2,43261
5768,0.162131,9,43270
5769,0.184529,12,43282
5770,0.156782,10,43292
5771,0.225528,14,43306
5772,0.251939,15,43321
5773,0.034636,3,43324
5774,0.11637,9,43333
5775,0.106023,7,43340
5776,0.243169,15,43355
5777,0.084961,6,43361
5778,0.200623,12,43373
5779,0.129198,9,43382
5780,0.52423,35,43417
5781,0.1915,11,43428
5782,0.140948,9,43437
5783,0.214876,13,43450
5784,0.103033,7,43457
5785,0.195636,12,43469
5786,0.128045,7,43476
5787,0.207606,16,43492
5788,0.157096,11,43503
5789,0.400991,24,43527
5790,0.021787,1,43528
5791,0.013764,1,43529
5792,0.135402,10,43539
5793,0.128762,8,43547
5794,0.063814,4,43551
5795,0.02031,1,43552
5796,0.226382,14,43566
5797,0.129472,8,43574
5798,0.150873,10,43584
5799,0.101296,6,43590
5800,0.123572,7,43597
5801,0.089479,7,43604
5802,0.326451,21,43625
5803,0.235952,15,43640
5804,0.087124,6,43646
5805,0.094632,6,43652
5806,0.135074,9,43661
5807,0.143368,9,43670
5808,0.267865,19,43689
5809,0.118261,7,43696
5810,0.20316,14,43710
5811,0.130502,8,43718
5812,0.232175,27,43745
5813,0.123084,8,43753
5814,0.139058,12,43765
5815,0.130665,9,43774
5816,0.133426,9,43783
5817,0.132791,8,43791
5818,0.207231,14,43805
5819,0.099685,9,43814
5820,0.065345,4,43818
5821,0.089536,6,43824
5822,0.229118,13,43837
5823,0.209155,13,43850
5824,0.172629,15,43865
5825,0.155961,9,43874
5826,0.164068,12,43886
5827,0.120498,8,43894
5828,0.197554,12,43906
5829,0.175603,11,43917
5830,0.142395,8,43925
5831,0.186182,12,43937
5832,0.071817,4,43941
5833,0.17015,12,43953
5834,0.096603,6,43959
5835,0.243587,14,43973
5836,0.260883,15,43988
5837,0.216199,15,44003
5838,0.088321,7,44010
5839,0.018025,1,44011
5840,0.118243,9,44020
5841,0.075714,7,44027
5842,0.124713,7,44034
5843,0.205027,12,44046
5844,0.282281,20,44066
5845,0.012096,1,44067
5846,0.151595,9,44076
5847,0.207536,13,44089
5848,0.169869,13,44102
5849,0.113825,6,44108
5850,0.297079,22,44130
5851,0.109711,6,44136
5852,0.015656,1,44137
5853,0.256938,20,44157
5854,0.086321,6,44163
5855,0.172515,10,44173
5856,0.098095,7,44180
5857,0.10457,7,44187
5858,0.321053,19,44206
5859,0.233052,14,44220
5860,0.016455,1,44221
5861,0.150663,13,44234
5862,0.131095,8,44242
5863,0.123942,8,44250
5864,0.19818,12,44262
5865,0.148938,8,44270
5866,0.15933,9,44279
5867,-0.146955,17,44296
5868,0.13582,9,44305
5869,0.164275,10,44315
5870,0.122422,9,44324
5871,0.130819,8,44332
5872,0.064941,4,44336
5873,0.11453,7,44343
5874,0.387122,24,44367
5875,0.378368,23,44390
5876,0.117703,7,44397
5877,0.106217,7,44404
5878,0.090363,5,44409
5879,0.012783,1,44410
5880,0.278014,16,44426
5881,0.092606,8,44434
5882,0.074759,5,44439
5883,0.124563,8,44447
5884,0.095972,6,44453
5885,0.122627,8,44461
5886,0.218023,13,44474
5887,0.222386,18,44492
5888,0.242883,14,44506
5889,0.103058,7,44513
5890,0.116912,7,44520
5891,0.05472,4,44524
5892,0.177541,14,44538
5893,0.1585,9,44547
5894,0.397317,25,44572
5895,0.176269,11,44583
5896,0.222014,14,44597
5897,0.124463,8,44605
5898,0.14571,10,44615
5899,0.25931,16,44631
5900,0.234831,14,44645
5901,0.117169,8,44653
5902,0.103712,6,44659
5903,0.114114,7,44666
5904,0.263374,19,44685
5905,0.250507,22,44707
5906,0.171623,11,44718
5907,0.145885,11,44729
5908,0.172069,10,44739
5909,0.271775,17,44756
5910,0.129511,9,44765
5911,0.25019,19,44784
5912,0.225697,14,44798
5913,0.175755,12,44810
5914,0.167486,11,44821
5915,0.174939,11,44832
5916,0.132584,10,44842
5917,0.166411,10,44852
5918,0.110374,7,44859
5919,0.112616,7,44866
5920,0.168881,11,44877
5921,0.127053,9,44886
5922,0.110861,9,44895
5923,0.129699,8,44903
5924,0.096218,7,44910
5925,0.160006,12,44922
5926,0.180561,14,44936
5927,0.09688,7,44943
5928,0.124676,8,44951
5929,0.148463,13,44964
5930,0.095592,6,44970
5931,0.080675,5,44975
5932,0.160241,13,44988
5933,0.126202,8,44996
5934,0.223674,13,45009
5935,0.1824,12,45021
5936,0.13174,10,45031
5937,0.121229,8,45039
5938,0.127292,10,45049
5939,0.190035,12,45061
5940,0.135858,10,45071
5941,0.111191,7,45078
5942,0.116582,7,45085
5943,0.247696,16,45101
5944,0.015352,1,45102
5945,0.238199,16,45118
5946,0.294435,17,45135
5947,0.016406,1,45136
5948,0.304321,18,45154
5949,0.141264,8,45162
5950,0.284351,18,45180
5951,0.14037,10,45190
5952,0.079492,6,45196
5953,0.205389,15,45211
5954,0.25697,16,45227
5955,0.511276,32,45259
5956,0.139082,9,45268
5957,0.143038,10,45278
5958,0.156144,12,45290
5959,0.249719,17,45307
5960,0.165616,12,45319
5961,0.269697,15,45334
5962,0.152192,9,45343
5963,0.082829,6,45349
5964,0.266913,17,45366
5965,0.211255,14,45380
5966,0.163848,10,45390
5967,0.123465,10,45400
5968,0.12055,7,45407
5969,0.239267,16,45423
5970,0.177656,11,45434
5971,0.292901,20,45454
5972,0.188771,12,45466
5973,0.121844,8,45474
5974,0.197508,13,45487
5975,0.22939,16,45503
5976,0.085427,5,45508
5977,0.206794,12,45520
5978,0.087945,5,45525
5979,0.211904,15,45540
5980,0.442171,33,45573
5981,0.125091,8,45581
5982,0.13862,8,45589
5983,0.423304,29,45618
5984,0.21701,13,45631
5985,0.241298,14,45645
5986,0.102505,7,45652
5987,0.132792,8,45660
5988,0.070351,4,45664
5989,0.22258,14,45678
5990,0.28538,17,45695
5991,0.614985,41,45736
5992,0.21169,13,45749
5993,0.249947,18,45767
5994,0.033449,2,45769
5995,0.178374,11,45780
5996,0.145423,8,45788
5997,0.226541,13,45801
5998,0.184226,14,45815
5999,0.185282,14,45829
6000,0.08272,5,45834
6001,0.048961,3,45837
6002,0.27294,16,45853
6003,0.212444,12,45865
6004,0.121752,9,45874
6005,0.126974,7,45881
6006,0.134814,9,45890
6007,0.179101,11,45901
6008,0.019891,1,45902
6009,0.086326,6,45908
6010,0.133736,10,45918
6011,0.100919,8,45926
6012,0.128998,8,45934
6013,0.016897,1,45935
6014,0.131838,9,45944
6015,0.12274,7,45951
6016,0.218095,13,45964
6017,0.205625,13,45977
6018,0.144613,12,45989
6019,0.078322,5,45994
6020,0.156198,11,46005
6021,0.231514,16,46021
6022,0.019459,1,46022
6023,0.313316,29,46051
6024,0.170881,10,46061
6025,0.238152,14,46075
6026,0.179287,11,46086
6027,0.110813,6,46092
6028,0.089347,6,46098
6029,0.151759,12,46110
6030,0.20646,12,46122
6031,0.159547,10,46132
6032,0.214054,21,46153
6033,0.218199,14,46167
6034,0.130757,9,46176
6035,0.208124,17,46193
6036,0.153645,10,46203
6037,0.131903,9,46212
6038,0.346757,21,46233
6039,-0.299191,6,46239
6040,0.164507,12,46251
6041,0.259776,17,46268
6042,0.197764,14,46282
6043,0.322896,22,46304
6044,0.278319,17,46321
6045,0.329643,21,46342
6046,0.259769,18,46360
6047,0.085149,7,46367
6048,0.25142,17,46384
6049,0.185793,12,46396
6050,0.114974,7,46403
6051,0.317824,23,46426
6052,0.242619,16,46442
6053,0.120436,7,46449
6054,0.211683,12,46461
6055,0.247887,15,46476
6056,0.101658,7,46483
6057,0.06934,5,46488
6058,0.263022,16,46504
6059,0.258398,16,46520
6060,0.135708,9,46529
6061,0.106834,8,46537
6062,0.135354,10,46547
6063,0.104439,6,46553
6064,0.193763,12,46565
6065,0.208264,14,46579
6066,0.291168,19,46598
6067,0.15951,11,46609
6068,0.199428,13,46622
6069,0.087207,5,46627
6070,0.118237,8,46635
6071,0.079214,6,46641
6072,0.217182,13,46654
6073,0.322571,25,46679
6074,0.119111,9,46688
6075,0.092785,6,46694
6076,0.118005,8,46702
6077,0.101543,7,46709
6078,0.080468,5,46714
6079,0.265375,16,46730
6080,0.276456,21,46751
6081,0.151193,11,46762
6082,0.042452,3,46765
6083,0.142382,10,46775
6084,0.277227,17,46792
6085,0.168776,10,46802
6086,0.116284,10,46812
6087,0.083171,5,46817
6088,0.092954,6,46823
6089,0.132095,8,46831
6090,0.182859,11,46842
6091,0.227209,15,46857
6092,0.264019,17,46874
6093,0.183105,12,46886
6094,0.185199,11,46897
6095,0.223668,13,46910
6096,0.100946,7,46917
6097,0.068666,5,46922
6098,0.272969,18,46940
6099,0.124232,8,46948
6100,0.152642,10,46958
6101,0.33284,21,46979
6102,0.126966,7,46986
6103,0.1794,12,46998
6104,0.044979,3,47001
6105,0.012255,1,47002
6106,0.131597,10,47012
6107,0.133765,8,47020
6108,0.236997,15,47035
6109,0.054586,3,47038
6110,0.122556,8,47046
6111,0.173125,11,47057
6112,0.19292,12,47069
6113,0.186484,14,47083
6114,0.085849,5,47088
6115,0.371424,21,47109
6116,0.120903,8,47117
6117,0.09159,7,47124
6118,0.065613,4,47128
6119,0.13669,8,47136
6120,-0.179335,15,47151
6121,0.305488,23,47174
6122,0.215733,16,47190
6123,0.180344,12,47202
6124,0.277127,16,47218
6125,0.090343,6,47224
6126,0.015419,1,47225
6127,0.094454,5,47230
6128,0.096884,7,47237
6129,0.129687,9,47246
6130,0.018894,1,47247
6131,0.109269,8,47255
6132,0.083116,5,47260
6133,0.108076,7,47267
6134,0.018052,1,47268
6135,0.156051,9,47277
6136,0.283053,22,47299
6137,0.21555,13,47312
6138,0.154828,11,47323
6139,0.091937,8,47331
6140,0.234972,15,47346
6141,0.011546,1,47347
6142,0.161662,11,47358
6143,0.569014,37,47395
6144,0.134333,10,47405
6145,0.214673,16,47421
6146,0.136201,10,47431
6147,0.281633,17,47448
6148,0.01831,1,47449
6149,0.10511,7,47456
6150,0.141364,8,47464
6151,0.25123,15,47479
6152,0.058099,3,47482
6153,0.094606,6,47488
6154,0.086019,5,47493
6155,0.153757,11,47504
6156,0.168978,10,47514
6157,0.053426,3,47517
6158,0.157937,12,47529
6159,0.106355,7,47536
6160,0.102411,6,47542
6161,0.083609,6,47548
6162,0.192382,12,47560
6163,0.13819,10,47570
6164,0.393144,23,47593
6165,0.037109,2,47595
6166,0.252919,16,47611
6167,0.119676,8,47619
6168,0.157586,10,47629
6169,0.225268,16,47645
6170,0.206787,13,47658
6171,0.102518,7,47665
6172,0.088929,5,47670
6173,0.404216,25,47695
6174,0.018898,1,47696
6175,0.14317,8,47704
6176,0.23243,17,47721
6177,0.044755,4,47725
6178,0.137942,10,47735
6179,0.120766,8,47743
6180,0.194861,15,47758
6181,0.076267,5,47763
6182,0.137229,10,47773
6183,0.091248,5,47778
6184,0.097509,6,47784
6185,0.225306,13,47797
6186,0.156402,10,47807
6187,0.234831,14,47821
6188,0.140832,8,47829
6189,0.201784,13,47842
6190,0.020562,1,47843
6191,0.152582,12,47855
6192,0.142824,9,47864
6193,0.207687,14,47878
6194,0.145771,10,47888
6195,0.136008,8,47896
6196,0.112062,7,47903
6197,0.097271,9,47912
6198,0.15855,10,47922
6199,0.13825,8,47930
6200,0.190143,12,47942
6201,0.101406,8,47950
6202,0.105466,6,47956
6203,0.090774,5,47961
6204,0.016752,1,47962
6205,0.018008,1,47963
6206,0.204428,13,47976
6207,0.177585,10,47986
6208,0.017005,1,47987
6209,0.078735,5,47992
6210,0.162905,10,48002
6211,0.118825,7,48009
6212,0.103808,6,48015
6213,0.306556,20,48035
6214,0.151795,10,48045
6215,0.144448,9,48054
6216,0.087877,6,48060
6217,0.268124,16,48076
6218,0.301663,18,48094
6219,0.255664,15,48109
6220,0.226277,13,48122
6221,0.229459,14,48136
6222,0.081278,5,48141
6223,0.055142,3,48144
6224,0.118623,9,48153
6225,0.242369,14,48167
6226,0.20799,13,48180
6227,0.190285,12,48192
6228,0.198687,14,48206
6229,0.087819,7,48213
6230,0.129485,8,48221
6231,0.157359,10,48231
6232,0.2724,19,48250
6233,0.458826,27,48277
6234,0.100879,7,48284
6235,0.361184,25,48309
6236,0.094906,6,48315
6237,0.267877,16,48331
6238,0.092093,7,48338
6239,0.137221,9,48347
6240,0.161545,14,48361
6241,0.017768,1,48362
6242,0.087637,6,48368
6243,0.170237,10,48378
6244,0.219981,15,48393
6245,0.084151,5,48398
6246,0.088178,9,48407
6247,0.16578,10,48417
6248,0.133902,8,48425
6249,0.174214,11,48436
6250,0.15796,11,48447
6251,0.011955,1,48448
6252,0.134582,8,48456
6253,0.24684,14,48470
6254,0.195081,13,48483
6255,0.243969,14,48497
6256,0.115039,7,48504
6257,0.084511,6,48510
6258,0.231061,17,48527
6259,0.099096,7,48534
6260,0.087846,6,48540
6261,0.140102,8,48548
6262,0.013709,1,48549
6263,0.147305,9,48558
6264,0.172703,11,48569
6265,0.197928,12,48581
6266,0.103248,6,48587
6267,0.154648,9,48596
6268,0.223024,14,48610
6269,0.328341,20,48630
6270,0.222806,13,48643
6271,0.082072,5,48648
6272,0.17197,12,48660
6273,0.51906,37,48697
6274,0.116105,9,48706
6275,0.124298,8,48714
6276,0.17609,11,48725
6277,0.251311,17,48742
6278,0.271249,19,48761
6279,0.094051,7,48768
6280,0.206879,12,48780
6281,0.138594,8,48788
6282,0.256564,15,48803
6283,0.177936,12,48815
6284,0.185544,14,48829
6285,0.015302,1,48830
6286,0.241517,15,48845
6287,0.419748,27,48872
6288,0.137891,8,48880
6289,0.176045,11,48891
6290,0.230982,18,48909
6291,0.140021,8,48917
6292,0.067241,5,48922
6293,0.168449,10,48932
6294,0.131001,7,48939
6295,0.01876,1,48940
6296,0.155668,11,48951
6297,0.189432,12,48963
6298,0.201835,14,48977
6299,0.069226,5,48982
6300,0.128273,7,48989
6301,0.016399,1,48990
6302,0.134628,8,48998
6303,0.172721,10,49008
6304,0.135139,9,49017
6305,0.16204,11,49028
6306,0.267254,16,49044
6307,0.018603,1,49045
6308,0.254984,16,49061
6309,0.170706,10,49071
6310,0.11289,8,49079
6311,0.121001,8,49087
6312,0.122999,7,49094
6313,0.135955,9,49103
6314,0.126707,7,49110
6315,0.133908,8,49118
6316,0.104611,7,49125
6317,0.018687,1,49126
6318,0.079942,5,49131
6319,0.094105,6,49137
6320,0.285087,18,49155
6321,0.210096,13,49168
6322,0.077411,5,49173
6323,0.231698,14,49187
6324,0.133825,8,49195
6325,0.340698,24,49219
6326,0.120828,7,49226
6327,0.100305,8,49234
6328,0.163385,9,49243
6329,0.208342,12,49255
6330,0.191785,14,49269
6331,0.239572,15,49284
6332,0.100861,6,49290
6333,0.122522,9,49299
6334,0.135671,9,49308
6335,0.252029,16,49324
6336,0.134777,9,49333
6337,0.161515,10,49343
6338,0.585747,36,49379
6339,0.12421,8,49387
6340,0.111301,7,49394
6341,0.243735,17,49411
6342,0.104118,6,49417
6343,0.358335,21,49438
6344,0.133732,8,49446
6345,0.01947,1,49447
6346,0.020261,1,49448
6347,0.09525,6,49454
6348,0.120142,7,49461
6349,0.138951,10,49471
6350,0.231214,16,49487
6351,0.041176,26,49513
6352,0.203377,12,49525
6353,0.147946,9,49534
6354,0.107482,7,49541
6355,0.167757,13,49554
6356,0.231526,15,49569
6357,0.118114,7,49576
6358,0.121914,9,49585
6359,0.196252,14,49599
6360,0.199111,14,49613
6361,0.189304,11,49624
6362,0.121269,9,49633
6363,0.21577,16,49649
6364,0.428423,29,49678
6365,0.157383,10,49688
6366,0.0881,5,49693
6367,0.344586,23,49716
6368,0.192949,14,49730
6369,0.155564,10,49740
6370,0.217165,14,49754
6371,0.224465,14,49768
6372,0.015661,1,49769
6373,0.030807,2,49771
6374,0.210896,15,49786
6375,0.150971,9,49795
6376,0.250007,16,49811
6377,0.321998,21,49832
6378,0.269506,18,49850
6379,0.22743,15,49865
6380,0.14887,9,49874
6381,0.13344,8,49882
6382,0.089761,6,49888
6383,0.153303,9,49897
6384,0.2889,17,49914
6385,0.128695,8,49922
6386,0.214174,14,49936
6387,0.232827,17,49953
6388,0.201518,14,49967
6389,0.099642,7,49974
6390,0.081324,6,49980
6391,0.137009,8,49988
6392,0.189973,11,49999
6393,0.123517,9,50008
6394,0.219952,14,50022
6395,0.127716,8,50030
6396,0.092448,6,50036
6397,0.10278,7,50043
6398,0.086511,5,50048
6399,0.056875,3,50051
6400,0.301505,21,50072
6401,0.216552,12,50084
6402,0.1226,10,50094
6403,0.192672,12,50106
6404,0.22943,13,50119
6405,0.082115,5,50124
6406,0.334506,20,50144
6407,0.154553,9,50153
6408,0.133828,8,50161
6409,0.106155,6,50167
6410,0.126268,8,50175
6411,0.111362,7,50182
6412,0.167372,10,50192
6413,0.206852,12,50204
6414,0.138864,8,50212
6415,0.138807,8,50220
6416,0.149554,9,50229
6417,0.067244,4,50233
6418,0.110428,6,50239
6419,0.210977,12,50251
6420,0.164872,11,50262
6421,0.107452,6,50268
6422,0.135611,9,50277
6423,0.061533,4,50281
6424,0.126042,8,50289
6425,0.179138,13,50302
6426,0.166417,10,50312
6427,0.111564,7,50319
6428,0.163011,11,50330
6429,0.036805,2,50332
6430,0.153855,10,50342
6431,0.092412,7,50349
6432,0.074508,4,50353
6433,0.100624,8,50361
6434,0.058483,3,50364
6435,0.163736,11,50375
6436,0.223011,14,50389
6437,0.166506,12,50401
6438,0.101924,6,50407
6439,0.019154,1,50408
6440,0.208255,13,50421
6441,0.017127,1,50422
6442,0.017533,1,50423
6443,0.187418,13,50436
6444,0.085397,5,50441
6445,0.219627,29,50470
6446,0.156863,12,50482
6447,0.016995,1,50483
6448,0.272225,18,50501
6449,0.24492,17,50518
6450,0.157124,11,50529
6451,0.085747,5,50534
6452,0.070461,4,50538
6453,0.173606,10,50548
6454,0.34289,24,50572
6455,0.080079,7,50579
6456,0.094333,6,50585
6457,0.132666,8,50593
6458,0.102167,6,50599
6459,0.080366,6,50605
6460,0.232724,16,50621
6461,0.132886,8,50629
6462,0.124131,7,50636
6463,0.162125,10,50646
6464,0.180338,11,50657
6465,0.152788,9,50666
6466,0.117708,9,50675
6467,0.12743,8,50683
6468,0.084127,5,50688
6469,0.129527,8,50696
6470,0.372268,21,50717
6471,0.212785,12,50729
6472,0.143561,9,50738
6473,0.319255,19,50757
6474,0.284486,19,50776
6475,0.237647,13,50789
6476,0.312316,19,50808
6477,0.310901,20,50828
6478,0.021418,1,50829
6479,0.242543,20,50849
6480,0.087959,5,50854
6481,0.241008,16,50870
6482,0.101962,9,50879
6483,0.155659,11,50890
6484,0.228954,13,50903
6485,0.04918,3,50906
6486,0.158671,9,50915
6487,0.0874,5,50920
6488,0.101703,6,50926
6489,0.221866,14,50940
6490,0.107274,8,50948
6491,0.211822,13,50961
6492,0.208109,13,50974
6493,-0.059752,24,50998
6494,0.163728,10,51008
6495,0.14085,8,51016
6496,0.17798,10,51026
6497,0.1076,6,51032
6498,0.131584,8,51040
6499,0.018956,1,51041
6500,0.292105,27,51068
6501,0.110111,6,51074
6502,0.226096,13,51087
6503,0.168223,11,51098
6504,0.195146,11,51109
6505,0.17642,12,51121
6506,0.183548,13,51134
6507,0.14809,9,51143
6508,0.127031,10,51153
6509,-0.00171,1,51154
6510,0.217522,16,51170
6511,0.160436,10,51180
6512,0.18895,11,51191
6513,0.073028,6,51197
6514,0.191068,14,51211
6515,0.177406,11,51222
6516,0.251528,15,51237
6517,0.109456,7,51244
6518,0.099007,6,51250
6519,0.391857,24,51274
6520,0.166216,11,51285
6521,0.332795,20,51305
6522,0.130271,7,51312
6523,0.091994,6,51318
6524,0.170401,10,51328
6525,0.110069,7,51335
6526,0.139511,10,51345
6527,0.286178,19,51364
6528,0.31136,19,51383
6529,0.148284,9,51392
6530,0.173859,12,51404
6531,0.212584,13,51417
6532,0.545904,36,51453
6533,0.092205,5,51458
6534,0.299592,21,51479
6535,0.264885,20,51499
6536,0.109436,8,51507
6537,0.159908,9,51516
6538,0.018238,1,51517
6539,0.077017,6,51523
6540,0.102736,10,51533
6541,0.144566,10,51543
6542,0.148647,10,51553
6543,0.186499,13,51566
6544,0.232255,15,51581
6545,0.226937,14,51595
6546,0.197646,12,51607
6547,0.191672,14,51621
6548,0.123136,7,51628
6549,0.177255,11,51639
6550,0.138276,9,51648
6551,0.145705,9,51657
6552,0.121431,7,51664
6553,0.099775,6,51670
6554,0.361558,21,51691
6555,0.137309,8,51699
6556,0.154798,9,51708
6557,0.200079,15,51723
6558,0.184422,11,51734
6559,0.123629,8,51742
6560,0.229852,14,51756
6561,0.25891,15,51771
6562,0.09541,7,51778
6563,0.155725,9,51787
6564,0.147825,11,51798
6565,0.152627,10,51808
6566,0.171565,11,51819
6567,0.135442,10,51829
6568,0.27668,16,51845
6569,0.017203,1,51846
6570,0.123146,7,51853
6571,0.10687,9,51862
6572,0.402557,24,51886
6573,0.086219,5,51891
6574,0.106618,9,51900
6575,0.171072,11,51911
6576,0.004617,1,51912
6577,0.103588,6,51918
6578,0.252352,15,51933
6579,0.113244,7,51940
6580,0.219203,13,51953
6581,0.104277,6,51959
6582,0.115775,8,51967
6583,0.128691,8,51975
6584,0.083657,5,51980
6585,0.085045,6,51986
6586,0.194107,11,51997
6587,0.13327,8,52005
6588,0.119708,8,52013
6589,0.302072,18,52031
6590,0.150621,9,52040
6591,0.283969,16,52056
6592,0.036501,2,52058
6593,0.076603,8,52066
6594,0.212693,14,52080
6595,0.091113,5,52085
6596,0.178549,12,52097
6597,0.146898,9,52106
6598,0.310253,20,52126
6599,0.241832,17,52143
6600,0.088332,6,52149
6601,0.231242,13,52162
6602,0.070566,5,52167
6603,0.067409,4,52171
6604,0.163792,12,52183
6605,0.212679,15,52198
6606,0.163627,9,52207
6607,0.195206,14,52221
6608,0.38899,24,52245
6609,0.238725,15,52260
6610,0.238696,32,52292
6611,0.166476,10,52302
6612,0.119647,7,52309
6613,0.222752,14,52323
6614,0.176124,13,52336
6615,0.151795,10,52346
6616,0.093507,7,52353
6617,0.233132,16,52369
6618,0.039462,2,52371
6619,-0.327871,4,52375
6620,0.098264,6,52381
6621,0.151592,10,52391
6622,0.124322,9,52400
6623,0.13657,8,52408
6624,0.10016,6,52414
6625,0.1305,8,52422
6626,0.176618,11,52433
6627,0.018653,1,52434
6628,0.130601,8,52442
6629,0.352759,29,52471
6630,0.113075,6,52477
6631,0.131382,7,52484
6632,0.146554,9,52493
6633,0.21233,13,52506
6634,0.158281,10,52516
6635,0.278245,20,52536
6636,0.133075,8,52544
6637,0.415619,31,52575
6638,0.154268,9,52584
6639,0.091728,6,52590
6640,0.411279,25,52615
6641,0.109505,6,52621
6642,0.114011,7,52628
6643,0.14553,10,52638
6644,0.0922,7,52645
6645,0.256291,18,52663
6646,0.223929,14,52677
6647,0.156627,9,52686
6648,0.019314,1,52687
6649,0.218041,12,52699
6650,0.190652,11,52710
6651,0.329614,25,52735
6652,0.095953,7,52742
6653,0.090415,5,52747
6654,0.142473,9,52756
6655,0.19916,13,52769
6656,0.312595,19,52788
6657,0.090836,6,52794
6658,0.091329,5,52799
6659,0.186049,12,52811
6660,0.119773,8,52819
6661,0.161625,10,52829
6662,0.197248,11,52840
6663,0.175051,10,52850
6664,-0.224402,11,52861
6665,0.264852,15,52876
6666,0.143327,10,52886
6667,0.083137,5,52891
6668,0.145681,10,52901
6669,-0.026776,22,52923
6670,0.227743,15,52938
6671,0.188238,12,52950
6672,0.098373,7,52957
6673,0.142107,8,52965
6674,0.149576,10,52975
6675,0.158996,10,52985
6676,0.138562,9,52994
6677,0.105898,6,53000
6678,0.150353,9,53009
6679,0.278082,17,53026
6680,0.275079,16,53042
6681,0.132215,9,53051
6682,0.173669,12,53063
6683,0.034748,2,53065
6684,0.335286,30,53095
6685,0.131104,10,53105
6686,0.141491,8,53113
6687,0.083855,5,53118
6688,0.087667,6,53124
6689,0.113071,8,53132
6690,0.171602,11,53143
6691,0.308118,19,53162
6692,0.106339,8,53170
6693,0.233307,13,53183
6694,0.081136,6,53189
6695,0.048528,3,53192
6696,0.292308,17,53209
6697,0.11772,7,53216
6698,0.211965,15,53231
6699,0.088397,6,53237
6700,0.213873,13,53250
6701,0.104882,8,53258
6702,0.159918,11,53269
6703,0.159359,10,53279
6704,0.143963,8,53287
6705,0.123382,7,53294
6706,0.173587,11,53305
6707,0.295237,19,53324
6708,0.171571,10,53334
6709,0.291375,20,53354
6710,0.131312,8,53362
6711,0.143632,9,53371
6712,0.07249,4,53375
6713,0.037503,3,53378
6714,0.222927,14,53392
6715,0.233983,15,53407
6716,0.241318,16,53423
6717,0.334941,20,53443
6718,0.113054,7,53450
6719,0.08654,6,53456
6720,0.151346,9,53465
6721,0.194478,11,53476
6722,0.063055,4,53480
6723,0.144977,8,53488
6724,0.50882,31,53519
6725,0.199205,14,53533
6726,0.219378,13,53546
6727,0.278836,17,53563
6728,0.39471,26,53589
6729,0.186694,11,53600
6730,0.133211,8,53608
6731,0.13764,8,53616
6732,0.189871,14,53630
6733,0.262345,16,53646
6734,0.155795,9,53655
6735,0.161521,9,53664
6736,0.147747,9,53673
6737,0.17182,10,53683
6738,0.167781,11,53694
6739,0.152286,9,53703
6740,0.189862,13,53716
6741,0.157643,11,53727
6742,0.219626,13,53740
6743,0.169146,10,53750
6744,0.121891,7,53757
6745,0.190291,14,53771
6746,0.091497,6,53777
6747,0.14035,8,53785
6748,0.209541,13,53798
6749,0.256092,19,53817
6750,0.174436,10,53827
6751,0.200732,12,53839
6752,0.777336,47,53886
6753,0.16711,11,53897
6754,0.235778,14,53911
6755,0.241628,17,53928
6756,0.201666,14,53942
6757,0.158849,10,53952
6758,0.236314,13,53965
6759,0.248,19,53984
6760,0.274216,16,54000
6761,0.16121,11,54011
6762,0.016165,1,54012
6763,-0.287752,6,54018
6764,0.01419,1,54019
6765,0.109596,7,54026
6766,0.146279,9,54035
6767,0.269584,18,54053
6768,0.129553,7,54060
6769,0.164311,11,54071
6770,0.06887,4,54075
6771,0.105715,7,54082
6772,0.15816,10,54092
6773,0.165309,10,54102
6774,0.16597,10,54112
6775,0.118701,8,54120
6776,0.144049,9,54129
6777,0.30288,20,54149
6778,0.167155,10,54159
6779,0.200239,12,54171
6780,0.131793,8,54179
6781,0.012569,1,54180
6782,0.345587,24,54204
6783,0.277027,16,54220
6784,0.11061,8,54228
6785,0.128203,8,54236
6786,0.368018,25,54261
6787,0.137927,9,54270
6788,0.116565,8,54278
6789,0.138291,10,54288
6790,0.14195,10,54298
6791,0.260523,16,54314
6792,0.179203,12,54326
6793,0.076664,6,54332
6794,0.088617,6,54338
6795,0.144466,9,54347
6796,0.115849,7,54354
6797,0.208355,14,54368
6798,0.130839,8,54376
6799,0.108009,6,54382
6800,0.22273,15,54397
6801,0.017777,1,54398
6802,0.160078,11,54409
6803,0.34093,21,54430
6804,0.272352,25,54455
6805,0.339869,23,54478
6806,0.114084,7,54485
6807,0.162448,10,54495
6808,0.240963,14,54509
6809,0.018002,1,54510
6810,0.182876,11,54521
6811,0.218404,14,54535
6812,0.220667,14,54549
6813,0.057157,3,54552
6814,0.183601,14,54566
6815,0.170738,10,54576
6816,0.102628,6,54582
6817,0.086475,9,54591
6818,0.162733,10,54601
6819,0.249347,16,54617
6820,0.383568,22,54639
6821,0.088848,5,54644
6822,0.318942,22,54666
6823,0.244882,14,54680
6824,0.144987,10,54690
6825,0.173974,11,54701
6826,0.260297,16,54717
6827,0.211404,12,54729
6828,0.149739,8,54737
6829,0.201908,13,54750
6830,0.124739,8,54758
6831,0.165067,11,54769
6832,0.332916,20,54789
6833,0.008156,1,54790
6834,0.30108,18,54808
6835,0.146722,10,54818
6836,0.155221,10,54828
6837,0.154736,10,54838
6838,0.19727,13,54851
6839,0.161411,11,54862
6840,0.127986,7,54869
6841,0.177409,11,54880
6842,0.179399,10,54890
6843,0.330853,20,54910
6844,0.153278,9,54919
6845,0.020769,1,54920
6846,0.245763,18,54938
6847,0.157248,10,54948
6848,0.42768,25,54973
6849,0.230488,14,54987
6850,0.203187,13,55000
6851,0.116815,9,55009
6852,0.302943,19,55028
6853,0.099743,6,55034
6854,0.112018,7,55041
6855,0.32276,20,55061
6856,0.327548,19,55080
6857,0.182314,11,55091
6858,0.345851,26,55117
6859,0.142643,9,55126
6860,0.148804,13,55139
6861,0.11904,7,55146
6862,0.193651,11,55157
6863,0.145948,9,55166
6864,0.221716,13,55179
6865,0.264264,16,55195
6866,0.326503,23,55218
6867,0.122017,7,55225
6868,0.133636,8,55233
6869,0.145495,10,55243
6870,0.104012,8,55251
6871,0.274432,17,55268
6872,0.11557,7,55275
6873,0.159289,11,55286
6874,0.162195,10,55296
6875,0.111637,10,55306
6876,0.182027,13,55319
6877,0.064638,4,55323
6878,0.180841,11,55334
6879,0.071269,4,55338
6880,0.149397,10,55348
6881,0.249944,15,55363
6882,0.116262,8,55371
6883,0.143041,11,55382
6884,0.207326,12,55394
6885,0.218628,17,55411
6886,0.173429,11,55422
6887,0.149381,9,55431
6888,0.104833,6,55437
6889,0.17362,10,55447
6890,0.31037,28,55475
6891,0.072442,5,55480
6892,0.297873,18,55498
6893,0.218099,14,55512
6894,0.198785,11,55523
6895,0.203882,13,55536
6896,0.005027,1,55537
6897,0.101327,6,55543
6898,0.11588,8,55551
6899,0.165536,10,55561
6900,0.149896,10,55571
6901,0.288917,18,55589
6902,0.118788,7,55596
6903,0.261392,15,55611
6904,0.237109,17,55628
6905,0.157679,9,55637
6906,0.14345,10,55647
6907,0.110176,7,55654
6908,0.120027,7,55661
6909,0.138379,8,55669
6910,0.148321,9,55678
6911,0.274311,17,55695
6912,0.230033,16,55711
6913,0.275496,16,55727
6914,0.166639,9,55736
6915,0.324827,21,55757
6916,0.052168,3,55760
6917,0.296788,21,55781
6918,0.177715,11,55792
6919,0.280502,21,55813
6920,0.163759,11,55824
6921,0.204987,16,55840
6922,0.247952,15,55855
6923,0.250778,16,55871
6924,0.13556,8,55879
6925,0.158323,10,55889
6926,0.208951,12,55901
6927,0.240015,16,55917
6928,0.01494,1,55918
6929,0.260056,17,55935
6930,0.086512,5,55940
6931,0.186228,13,55953
6932,0.282183,17,55970
6933,0.254003,14,55984
6934,0.10472,7,55991
6935,0.194483,12,56003
6936,0.223909,13,56016
6937,0.27234,17,56033
6938,0.198325,16,56049
6939,0.165994,10,56059
6940,0.202005,12,56071
6941,0.241848,14,56085
6942,0.243248,14,56099
6943,0.188196,11,56110
6944,0.081501,5,56115
6945,0.243586,14,56129
6946,0.129073,9,56138
6947,0.414529,34,56172
6948,0.185519,13,56185
6949,0.123168,8,56193
6950,0.211845,12,56205
6951,0.105058,7,56212
6952,0.066047,5,56217
6953,0.117931,9,56226
6954,0.14668,10,56236
6955,0.236877,15,56251
6956,0.152003,9,56260
6957,0.170712,10,56270
6958,0.101337,6,56276
6959,0.271195,17,56293
6960,0.147531,10,56303
6961,0.057191,3,56306
6962,0.18969,12,56318
6963,0.142799,11,56329
6964,0.379448,22,56351
6965,0.28188,17,56368
6966,0.123275,8,56376
6967,0.317714,27,56403
6968,0.177785,11,56414
6969,0.337647,20,56434
6970,0.107875,6,56440
6971,0.190546,12,56452
6972,0.124514,9,56461
6973,0.223903,14,56475
6974,0.200358,12,56487
6975,0.019962,1,56488
6976,0.137976,10,56498
6977,0.190068,12,56510
6978,0.020377,1,56511
6979,0.171767,10,56521
6980,0.363813,22,56543
6981,0.15597,10,56553
6982,0.130091,8,56561
6983,0.235689,16,56577
6984,0.156982,10,56587
6985,0.233314,15,56602
6986,0.098405,8,56610
6987,0.21116,14,56624
6988,0.210535,15,56639
6989,0.135996,8,56647
6990,0.208333,13,56660
6991,0.113061,7,56667
6992,0.081364,5,56672
6993,0.27416,16,56688
6994,0.272383,16,56704
6995,0.199536,13,56717
6996,0.220332,15,56732
6997,0.109519,6,56738
6998,0.27766,16,56754
6999,0.296933,19,56773
7000,0.245855,15,56788
7001,0.123333,7,56795
7002,0.22052,16,56811
7003,0.138462,8,56819
7004,0.034261,2,56821
7005,0.288028,16,56837
7006,0.268802,20,56857
7007,0.126269,8,56865
7008,0.185607,17,56882
7009,0.335222,30,56912
7010,0.170678,12,56924
7011,0.143271,10,56934
7012,0.167831,10,56944
7013,0.274685,16,56960
7014,0.008983,1,56961
7015,0.128212,8,56969
7016,0.189473,14,56983
7017,0.169014,10,56993
7018,0.272338,17,57010
7019,0.177489,10,57020
7020,0.135952,9,57029
7021,0.131202,9,57038
7022,0.092483,6,57044
7023,0.272616,16,57060
7024,0.156518,9,57069
7025,0.148539,10,57079
7026,0.165176,10,57089
7027,0.179498,10,57099
7028,0.241266,15,57114
7029,0.047386,3,57117
7030,0.210716,15,57132
7031,0.193354,11,57143
7032,0.156969,9,57152
7033,0.153115,10,57162
7034,0.195628,12,57174
7035,0.175779,11,57185
7036,0.092593,6,57191
7037,0.324535,29,57220
7038,0.234142,14,57234
7039,0.141104,8,57242
7040,0.134637,8,57250
7041,0.240488,15,57265
7042,0.26765,17,57282
7043,0.254266,15,57297
7044,0.011766,1,57298
7045,0.21338,14,57312
7046,0.141401,9,57321
7047,0.186831,13,57334
7048,0.258563,15,57349
7049,0.151726,9,57358
7050,0.250818,16,57374
7051,0.802136,50,57424
7052,0.156823,11,57435
7053,0.186779,12,57447
7054,0.179945,12,57459
7055,0.136506,9,57468
7056,0.132687,10,57478
7057,0.247032,16,57494
7058,0.238982,14,57508
7059,0.160616,9,57517
7060,0.093,7,57524
7061,0.241672,14,57538
7062,0.296657,17,57555
7063,0.239047,17,57572
7064,0.15759,11,57583
7065,0.15075,11,57594
7066,0.173309,10,57604
7067,0.19374,11,57615
7068,0.123797,7,57622
7069,0.227301,15,57637
7070,0.187094,11,57648
7071,0.167316,10,57658
7072,0.267665,15,57673
7073,0.257658,15,57688
7074,0.139668,10,57698
7075,0.106144,7,57705
7076,0.010316,1,57706
7077,0.19281,13,57719
7078,0.013748,1,57720
7079,0.168804,9,57729
7080,0.302851,17,57746
7081,0.131623,9,57755
7082,0.19089,13,57768
7083,0.111177,7,57775
7084,0.315818,18,57793
7085,0.220898,14,57807
7086,0.222934,14,57821
7087,0.197502,12,57833
7088,0.404755,31,57864
7089,0.201002,12,57876
7090,0.17189,12,57888
7091,0.100874,6,57894
7092,0.118286,7,57901
7093,0.115432,8,57909
7094,0.248431,15,57924
7095,0.016379,1,57925
7096,0.057296,3,57928
7097,0.295845,17,57945
7098,0.230917,14,57959
7099,0.157567,10,57969
7100,0.178015,11,57980
7101,0.193374,14,57994
7102,0.122493,9,58003
7103,0.267047,16,58019
7104,0.134642,8,58027
7105,0.225784,13,58040
7106,0.232288,17,58057
7107,0.169884,11,58068
7108,0.235037,14,58082
7109,0.138447,9,58091
7110,0.216301,12,58103
7111,0.205055,12,58115
7112,0.281087,16,58131
7113,0.118233,8,58139
7114,0.261227,15,58154
7115,0.225175,14,58168
7116,0.144855,9,58177
7117,0.472769,39,58216
7118,0.197815,11,58227
7119,0.105914,8,58235
7120,0.26884,17,58252
7121,0.091764,6,58258
7122,0.094317,9,58267
7123,0.156889,11,58278
7124,0.21552,15,58293
7125,0.143813,8,58301
7126,0.002356,1,58302
7127,0.071498,4,58306
7128,0.163801,9,58315
7129,0.318714,20,58335
7130,0.015444,1,58336
7131,0.156058,10,58346
7132,0.07566,4,58350
7133,0.263023,15,58365
7134,0.160113,9,58374
7135,0.55565,35,58409
7136,0.214387,12,58421
7137,0.016342,1,58422
7138,0.178691,11,58433
7139,0.065937,4,58437
7140,0.340482,22,58459
7141,0.175872,11,58470
7142,0.354553,22,58492
7143,0.107757,7,58499
7144,0.087632,5,58504
7145,0.074231,5,58509
7146,0.23802,16,58525
7147,0.201168,12,58537
7148,0.281644,16,58553
7149,0.244679,24,58577
7150,0.232717,15,58592
7151,0.118327,8,58600
7152,0.259555,21,58621
7153,0.173316,12,58633
7154,0.201069,12,58645
7155,0.258371,14,58659
7156,0.172728,12,58671
7157,0.184458,11,58682
7158,-0.216239,12,58694
7159,0.018429,1,58695
7160,0.281755,18,58713
7161,0.167999,10,58723
7162,0.257737,20,58743
7163,0.103115,6,58749
7164,0.208309,15,58764
7165,0.141086,9,58773
7166,0.102597,6,58779
7167,0.019939,1,58780
7168,0.24053,15,58795
7169,0.239519,15,58810
7170,0.198507,11,58821
7171,0.119014,9,58830
7172,0.217303,14,58844
7173,0.352669,23,58867
7174,0.175795,11,58878
7175,0.165629,11,58889
7176,0.154346,10,58899
7177,0.184025,11,58910
7178,0.195592,11,58921
7179,0.211863,15,58936
7180,0.069805,4,58940
7181,0.112295,9,58949
7182,0.116695,8,58957
7183,0.170089,12,58969
7184,0.142635,9,58978
7185,0.140393,8,58986
7186,0.154263,11,58997
7187,0.14183,8,59005
7188,0.161946,11,59016
7189,0.182231,10,59026
7190,0.180613,10,59036
7191,0.186805,12,59048
7192,0.299457,20,59068
7193,0.127752,7,59075
7194,0.191569,15,59090
7195,0.18846,11,59101
7196,0.206467,12,59113
7197,0.144811,8,59121
7198,0.107,6,59127
7199,0.089755,5,59132
7200,0.214731,13,59145
7201,0.128789,7,59152
7202,0.299557,20,59172
7203,0.156659,9,59181
7204,0.127201,8,59189
7205,0.375678,27,59216
7206,0.284267,17,59233
7207,0.176912,11,59244
7208,0.174126,12,59256
7209,0.152758,10,59266
7210,0.14151,10,59276
7211,0.016211,1,59277
7212,0.343388,20,59297
7213,0.174984,10,59307
7214,0.231708,15,59322
7215,0.174417,10,59332
7216,0.122464,7,59339
7217,0.13379,8,59347
7218,0.276747,17,59364
7219,0.277473,16,59380
7220,0.124278,7,59387
7221,0.07684,4,59391
7222,0.262988,18,59409
7223,0.197394,12,59421
7224,0.232106,14,59435
7225,0.125187,8,59443
7226,0.200681,14,59457
7227,0.14173,8,59465
7228,0.158133,10,59475
7229,0.21768,13,59488
7230,0.132551,7,59495
7231,0.097285,6,59501
7232,0.164905,9,59510
7233,0.011198,1,59511
7234,0.369962,22,59533
7235,0.336118,25,59558
7236,0.096913,7,59565
7237,0.268867,19,59584
7238,0.167296,14,59598
7239,0.188914,13,59611
7240,0.109038,8,59619
7241,0.228433,15,59634
7242,0.423205,28,59662
7243,0.14927,9,59671
7244,0.104721,8,59679
7245,0.259764,15,59694
7246,0.173541,10,59704
7247,0.179851,10,59714
7248,0.213679,13,59727
7249,0.161628,11,59738
7250,0.294166,19,59757
7251,0.213452,18,59775
7252,0.072593,4,59779
7253,0.379713,30,59809
7254,-0.067726,20,59829
7255,0.158743,11,59840
7256,0.161478,10,59850
7257,0.189532,12,59862
7258,0.130429,8,59870
7259,0.174582,11,59881
7260,0.119083,7,59888
7261,0.336888,23,59911
7262,0.28981,18,59929
7263,0.115009,10,59939
7264,0.115462,6,59945
7265,0.183267,10,59955
7266,0.015567,1,59956
7267,0.322875,18,59974
7268,0.286084,26,60000
7269,0.225996,13,60013
7270,0.038616,2,60015
7271,0.142971,9,60024
7272,0.369253,22,60046
7273,0.092126,5,60051
7274,0.12182,8,60059
7275,0.173506,12,60071
7276,0.018768,1,60072
7277,0.139053,9,60081
7278,0.113594,7,60088
7279,0.254645,16,60104
7280,0.165981,10,60114
7281,0.110038,6,60120
7282,0.229347,15,60135
7283,0.142347,9,60144
7284,0.14399,8,60152
7285,0.15659,10,60162
7286,0.209282,12,60174
7287,0.158595,9,60183
7288,0.176047,11,60194
7289,0.215947,13,60207
7290,0.152788,10,60217
7291,0.241969,16,60233
7292,0.149252,9,60242
7293,0.110594,7,60249
7294,0.044205,3,60252
7295,0.190948,12,60264
7296,0.126906,9,60273
7297,0.18286,12,60285
7298,0.281786,16,60301
7299,0.211298,13,60314
7300,0.174627,11,60325
7301,0.181492,12,60337
7302,0.209795,14,60351
7303,0.01565,1,60352
7304,0.128455,8,60360
7305,0.194061,12,60372
7306,0.19687,12,60384
7307,0.076976,5,60389
7308,0.252067,15,60404
7309,0.325125,19,60423
7310,0.019374,1,60424
7311,0.240147,17,60441
7312,0.190349,11,60452
7313,0.133422,9,60461
7314,0.407612,27,60488
7315,0.134472,10,60498
7316,0.24507,16,60514
7317,0.227441,13,60527
7318,0.14981,14,60541
7319,0.167984,10,60551
7320,0.196252,13,60564
7321,0.01703,1,60565
7322,0.37927,22,60587
7323,0.458371,28,60615
7324,0.159508,9,60624
7325,0.257072,15,60639
7326,0.129047,9,60648
7327,0.082618,6,60654
7328,0.15631,13,60667
7329,0.087375,5,60672
7330,0.108437,7,60679
7331,0.108883,6,60685
7332,0.202729,12,60697
7333,0.32289,22,60719
7334,0.210095,13,60732
7335,0.126395,7,60739
7336,0.217216,14,60753
7337,0.365983,24,60777
7338,0.018498,1,60778
7339,0.155364,11,60789
7340,0.205649,13,60802
7341,0.142874,9,60811
7342,0.194527,11,60822
7343,0.11013,8,60830
7344,0.153912,12,60842
7345,0.268266,17,60859
7346,0.175056,12,60871
7347,0.185987,12,60883
7348,0.427377,25,60908
7349,0.143153,10,60918
7350,0.098981,6,60924
7351,0.262947,17,60941
7352,0.117954,7,60948
7353,0.150761,9,60957
7354,0.151795,10,60967
7355,0.100723,6,60973
7356,0.217043,13,60986
7357,0.141145,9,60995
7358,0.019575,1,60996
7359,0.162717,9,61005
7360,0.134763,9,61014
7361,0.303598,18,61032
7362,0.05659,3,61035
7363,0.117196,7,61042
7364,0.242988,17,61059
7365,0.070501,6,61065
7366,0.095389,6,61071
7367,0.104566,6,61077
7368,0.483346,29,61106
7369,0.134674,9,61115
7370,0.184185,10,61125
7371,0.281167,16,61141
7372,0.248685,17,61158
7373,0.114924,7,61165
7374,0.165177,10,61175
7375,0.182609,11,61186
7376,0.381092,41,61227
7377,0.110498,6,61233
7378,0.01317,1,61234
7379,0.236821,16,61250
7380,0.08378,7,61257
7381,0.036765,2,61259
7382,0.126699,7,61266
7383,0.28456,16,61282
7384,0.166453,10,61292
7385,0.176137,10,61302
7386,0.109399,7,61309
7387,0.315033,22,61331
7388,0.161069,9,61340
7389,0.00654,1,61341
7390,0.11305,7,61348
7391,0.266273,15,61363
7392,0.211127,13,61376
7393,0.069304,5,61381
7394,0.164709,11,61392
7395,0.120243,8,61400
7396,0.106217,6,61406
7397,0.200734,13,61419
7398,0.13037,7,61426
7399,0.207615,13,61439
7400,0.151069,9,61448
7401,0.177098,10,61458
7402,0.467713,28,61486
7403,0.019245,1,61487
7404,0.433138,25,61512
7405,0.273007,15,61527
7406,0.175965,10,61537
7407,0.184067,13,61550
7408,0.213828,12,61562
7409,0.218926,13,61575
7410,0.094174,5,61580
7411,0.207514,12,61592
7412,0.14305,9,61601
7413,0.084583,6,61607
7414,0.228143,15,61622
7415,0.10808,7,61629
7416,0.254151,15,61644
7417,0.015448,1,61645
7418,0.035757,2,61647
7419,0.198778,12,61659
7420,0.131368,8,61667
7421,0.217234,12,61679
7422,0.037983,2,61681
7423,0.207469,12,61693
7424,0.240874,16,61709
7425,0.160229,11,61720
7426,0.204899,13,61733
7427,0.110791,7,61740
7428,0.276482,16,61756
7429,0.18343,11,61767
7430,0.23342,14,61781
7431,0.066238,4,61785
7432,0.259486,15,61800
7433,0.183418,14,61814
7434,0.537862,31,61845
7435,0.201283,17,61862
7436,0.018702,1,61863
7437,0.232122,13,61876
7438,0.244835,22,61898
7439,0.140284,9,61907
7440,0.291242,17,61924
7441,0.240267,17,61941
7442,0.185118,11,61952
7443,0.373056,22,61974
7444,0.183402,11,61985
7445,0.158183,9,61994
7446,0.270735,18,62012
7447,0.16685,10,62022
7448,0.144902,8,62030
7449,0.220544,13,62043
7450,0.311077,20,62063
7451,0.072534,4,62067
7452,0.176143,12,62079
7453,0.065298,4,62083
7454,0.102599,7,62090
7455,0.189026,12,62102
7456,0.258613,16,62118
7457,0.379274,23,62141
7458,0.382366,24,62165
7459,0.155043,9,62174
7460,0.227179,16,62190
7461,0.342205,22,62212
7462,0.317062,19,62231
7463,0.338984,22,62253
7464,0.211591,12,62265
7465,0.178454,11,62276
7466,0.119356,7,62283
7467,0.00772,1,62284
7468,0.387555,22,62306
7469,0.156881,9,62315
7470,0.073897,5,62320
7471,0.186631,12,62332
7472,0.193924,12,62344
7473,0.126327,9,62353
7474,0.165431,10,62363
7475,0.135045,8,62371
7476,0.19355,12,62383
7477,0.128949,8,62391
7478,0.015261,1,62392
7479,0.304682,18,62410
7480,0.161903,9,62419
7481,0.469337,27,62446
7482,0.248721,16,62462
7483,0.475759,32,62494
7484,0.169729,11,62505
7485,0.115542,8,62513
7486,0.296429,18,62531
7487,0.154162,9,62540
7488,0.14014,8,62548
7489,0.155089,9,62557
7490,0.167977,10,62567
7491,0.236152,14,62581
7492,0.468047,27,62608
7493,0.272221,17,62625
7494,0.233935,16,62641
7495,0.214162,14,62655
7496,0.185281,10,62665
7497,0.35192,21,62686
7498,0.078032,4,62690
7499,0.214835,13,62703
7500,0.128931,9,62712
7501,0.173937,12,62724
7502,0.300563,17,62741
7503,0.231928,13,62754
7504,0.036903,2,62756
7505,0.019394,1,62757
7506,0.191009,14,62771
7507,0.019037,1,62772
7508,0.229114,15,62787
7509,0.157028,10,62797
7510,0.191647,12,62809
7511,0.160534,9,62818
7512,0.102807,7,62825
7513,0.110056,7,62832
7514,0.210662,15,62847
7515,0.155873,9,62856
7516,0.123836,8,62864
7517,0.122601,8,62872
7518,0.096226,6,62878
7519,0.222609,16,62894
7520,0.095315,6,62900
7521,0.319783,33,62933
7522,0.079668,7,62940
7523,0.089325,5,62945
7524,0.26906,17,62962
7525,0.174423,10,62972
7526,0.121875,9,62981
7527,0.220629,14,62995
7528,0.193993,14,63009
7529,0.22974,13,63022
7530,0.450326,26,63048
7531,0.208699,15,63063
7532,0.170274,10,63073
7533,0.177791,11,63084
7534,0.347092,20,63104
7535,0.144956,9,63113
7536,0.115478,9,63122
7537,0.337167,22,63144
7538,0.329741,21,63165
7539,0.156426,11,63176
7540,0.357827,20,63196
7541,0.198937,13,63209
7542,0.066355,4,63213
7543,0.111556,7,63220
7544,0.131087,8,63228
7545,0.011545,1,63229
7546,0.108945,7,63236
7547,0.465178,27,63263
7548,0.1028,6,63269
7549,0.133503,8,63277
7550,0.220801,17,63294
7551,0.11682,9,63303
7552,0.11591,7,63310
7553,0.138041,9,63319
7554,0.019298,1,63320
7555,0.201295,14,63334
7556,0.157344,9,63343
7557,0.235982,15,63358
7558,0.197043,13,63371
7559,0.142474,9,63380
7560,0.123631,7,63387
7561,0.147795,10,63397
7562,0.249087,15,63412
7563,0.115538,8,63420
7564,0.018479,1,63421
7565,0.135797,9,63430
7566,0.176305,12,63442
7567,0.235684,14,63456
7568,0.115523,9,63465
7569,0.151809,9,63474
7570,0.19521,11,63485
7571,0.270069,16,63501
7572,0.246115,15,63516
7573,0.160633,11,63527
7574,0.143676,8,63535
7575,0.355882,20,63555
7576,0.214421,12,63567
7577,0.338993,21,63588
7578,0.26309,16,63604
7579,0.178647,11,63615
7580,0.106581,6,63621
7581,0.116206,7,63628
7582,0.09559,6,63634
7583,0.214574,13,63647
7584,0.305686,19,63666
7585,0.265069,15,63681
7586,0.185658,10,63691
7587,0.124362,8,63699
7588,0.248003,15,63714
7589,0.184501,10,63724
7590,0.101991,6,63730
7591,0.055768,3,63733
7592,0.130798,8,63741
7593,0.198866,12,63753
7594,0.095308,5,63758
7595,0.19434,12,63770
7596,0.221662,12,63782
7597,0.238893,14,63796
7598,0.295532,23,63819
7599,0.174275,10,63829
7600,0.161313,9,63838
7601,0.26639,17,63855
7602,0.278459,18,63873
7603,0.35596,22,63895
7604,0.125757,7,63902
7605,0.015083,1,63903
7606,0.390959,22,63925
7607,0.220919,13,63938
7608,0.138637,10,63948
7609,0.104724,7,63955
7610,0.112079,6,63961
7611,0.253808,16,63977
7612,0.321471,19,63996
7613,0.125618,8,64004
7614,0.484938,31,64035
7615,0.170769,14,64049
7616,0.085104,5,64054
7617,0.149962,10,64064
7618,0.089634,5,64069
7619,0.229551,14,64083
7620,0.31021,19,64102
7621,0.222888,14,64116
7622,0.144439,10,64126
7623,0.427093,29,64155
7624,0.250202,14,64169
7625,0.157637,11,64180
7626,0.191356,11,64191
7627,0.017707,1,64192
7628,0.237709,15,64207
7629,0.178307,11,64218
7630,0.097076,6,64224
7631,0.247184,14,64238
7632,0.086328,5,64243
7633,0.214704,13,64256
7634,0.189036,11,64267
7635,0.513224,32,64299
7636,0.211059,12,64311
7637,0.254119,15,64326
7638,0.286533,20,64346
7639,0.020403,1,64347
7640,0.156003,10,64357
7641,0.143099,8,64365
7642,0.183968,12,64377
7643,0.230392,14,64391
7644,0.075377,5,64396
7645,0.37321,22,64418
7646,0.174132,10,64428
7647,0.248257,15,64443
7648,0.140017,10,64453
7649,0.132922,10,64463
7650,0.013563,1,64464
7651,0.241117,15,64479
7652,0.107726,8,64487
7653,0.171735,13,64500
7654,0.110307,8,64508
7655,0.096949,6,64514
7656,0.016642,1,64515
7657,0.113574,8,64523
7658,0.181978,10,64533
7659,0.092027,5,64538
7660,0.171356,10,64548
7661,0.173468,11,64559
7662,0.209328,12,64571
7663,0.079547,5,64576
7664,0.335421,20,64596
7665,0.208587,13,64609
7666,0.233746,14,64623
7667,0.233543,13,64636
7668,0.288178,18,64654
7669,0.244189,16,64670
7670,0.205612,12,64682
7671,0.173423,11,64693
7672,0.208007,13,64706
7673,0.131058,8,64714
7674,0.222068,14,64728
7675,0.482987,40,64768
7676,0.079165,5,64773
7677,0.354681,20,64793
7678,0.336768,25,64818
7679,0.198946,16,64834
7680,0.082411,6,64840
7681,0.135799,8,64848
7682,0.154038,11,64859
7683,0.218132,14,64873
7684,0.074353,4,64877
7685,0.268804,16,64893
7686,0.139395,8,64901
7687,0.056064,3,64904
7688,0.02273,2,64906
7689,0.177892,10,64916
7690,0.439687,27,64943
7691,0.208893,18,64961
7692,0.15034,9,64970
7693,0.14293,9,64979
7694,0.102928,6,64985
7695,0.172535,10,64995
7696,0.165485,12,65007
7697,0.174612,11,65018
7698,0.243487,14,65032
7699,0.263693,15,65047
7700,0.188617,11,65058
7701,0.164006,11,65069
7702,0.418036,26,65095
7703,0.245002,15,65110
7704,0.368031,22,65132
7705,0.180641,10,65142
7706,0.108971,9,65151
7707,0.264083,16,65167
7708,0.171586,12,65179
7709,0.352728,22,65201
7710,0.221567,12,65213
7711,0.154121,10,65223
7712,0.190094,12,65235
7713,0.141284,8,65243
7714,0.146015,8,65251
7715,0.22506,16,65267
7716,0.054683,4,65271
7717,0.244465,14,65285
7718,0.191813,13,65298
7719,0.176916,10,65308
7720,0.12031,7,65315
7721,0.148842,9,65324
7722,0.099689,6,65330
7723,0.187099,11,65341
7724,0.129938,8,65349
7725,0.136869,10,65359
7726,0.104724,7,65366
7727,0.016523,1,65367
7728,0.01582,1,65368
7729,0.107718,7,65375
7730,0.341507,20,65395
7731,0.054985,3,65398
7732,0.194308,12,65410
7733,0.254103,18,65428
7734,0.079105,5,65433
7735,0.122205,9,65442
7736,0.394852,24,65466
7737,0.241769,15,65481
7738,0.197131,11,65492
7739,0.252761,15,65507
7740,0.182914,17,65524
7741,0.229562,13,65537
7742,0.263064,15,65552
7743,0.101792,7,65559
7744,0.138514,8,65567
7745,0.118275,8,65575
7746,0.138272,8,65583
7747,0.178592,12,65595
7748,0.22128,15,65610
7749,0.349357,27,65637
7750,0.147147,10,65647
7751,0.162875,11,65658
7752,0.219659,13,65671
7753,0.234934,16,65687
7754,0.208413,14,65701
7755,0.136048,8,65709
7756,0.236087,14,65723
7757,0.246253,16,65739
7758,0.391127,24,65763
7759,0.014124,1,65764
7760,0.1724,10,65774
7761,0.106128,6,65780
7762,0.262023,15,65795
7763,0.191907,12,65807
7764,0.153691,9,65816
7765,0.137599,9,65825
7766,0.22758,14,65839
7767,0.117887,8,65847
7768,0.21594,13,65860
7769,0.114749,8,65868
7770,0.245977,15,65883
7771,0.157532,11,65894
7772,0.379642,24,65918
7773,0.220741,13,65931
7774,0.212991,14,65945
7775,0.129287,9,65954
7776,0.150569,9,65963
7777,0.236858,13,65976
7778,0.019568,1,65977
7779,0.175273,11,65988
7780,0.168931,10,65998
7781,0.251317,15,66013
7782,0.177406,10,66023
7783,0.141568,8,66031
7784,0.161212,10,66041
7785,0.124196,7,66048
7786,0.159043,12,66060
7787,0.071482,4,66064
7788,0.295313,18,66082
7789,0.184044,11,66093
7790,0.288379,17,66110
7791,0.018597,1,66111
7792,0.181159,11,66122
7793,0.230984,15,66137
7794,0.160989,10,66147
7795,0.238012,14,66161
7796,0.091969,6,66167
7797,0.116573,7,66174
7798,0.187006,13,66187
7799,0.256553,19,66206
7800,0.094752,6,66212
7801,0.156383,10,66222
7802,0.265684,19,66241
7803,0.239459,16,66257
7804,0.205657,12,66269
7805,0.17993,12,66281
7806,0.11596,7,66288
7807,0.017545,1,66289
7808,0.118108,7,66296
7809,0.050945,3,66299
7810,0.147668,10,66309
7811,0.131851,9,66318
7812,0.164604,12,66330
7813,0.093815,6,66336
7814,0.407441,24,66360
7815,0.151301,10,66370
7816,0.218231,14,66384
7817,0.163477,10,66394
7818,0.209655,13,66407
7819,0.134657,9,66416
7820,0.405992,25,66441
7821,0.153271,9,66450
7822,0.014072,1,66451
7823,0.225559,14,66465
7824,0.088132,6,66471
7825,0.18816,11,66482
7826,0.311986,23,66505
7827,0.129411,8,66513
7828,0.456621,26,66539
7829,0.192174,12,66551
7830,0.211356,12,66563
7831,0.187612,11,66574
7832,0.151088,10,66584
7833,0.322425,18,66602
7834,0.141211,9,66611
7835,0.182743,11,66622
7836,0.119592,7,66629
7837,0.007448,1,66630
7838,0.186185,13,66643
7839,0.210482,12,66655
7840,0.202327,12,66667
7841,0.187126,11,66678
7842,0.108574,7,66685
7843,0.202717,12,66697
7844,0.13929,9,66706
7845,0.25074,16,66722
7846,0.209657,14,66736
7847,0.178912,11,66747
7848,0.234419,13,66760
7849,0.31623,21,66781
7850,0.211326,12,66793
7851,0.163976,11,66804
7852,0.131207,9,66813
7853,0.146894,8,66821
7854,0.017141,1,66822
7855,0.18013,11,66833
7856,0.177717,10,66843
7857,0.165956,10,66853
7858,0.524475,32,66885
7859,0.131482,9,66894
7860,0.226428,14,66908
7861,0.206925,13,66921
7862,0.234379,15,66936
7863,0.184831,12,66948
7864,0.230325,13,66961
7865,0.056532,3,66964
7866,0.162231,9,66973
7867,0.289078,18,66991
7868,0.185702,12,67003
7869,0.147246,8,67011
7870,0.250819,14,67025
7871,0.254279,17,67042
7872,0.106119,6,67048
7873,0.195395,11,67059
7874,0.167915,11,67070
7875,0.219842,14,67084
7876,0.120058,8,67092
7877,0.463735,29,67121
7878,0.270615,16,67137
7879,0.308012,20,67157
7880,0.443199,27,67184
7881,0.113983,8,67192
7882,0.126308,7,67199
7883,0.092014,6,67205
7884,0.22421,14,67219
7885,0.11142,7,67226
7886,0.194292,12,67238
7887,0.127213,8,67246
7888,0.163382,9,67255
7889,0.252515,16,67271
7890,0.177934,11,67282
7891,0.237484,14,67296
7892,0.178913,11,67307
7893,0.288597,19,67326
7894,0.393578,23,67349
7895,0.251896,15,67364
7896,0.38774,22,67386
7897,0.196553,13,67399
7898,0.212975,13,67412
7899,0.275187,18,67430
7900,0.125326,8,67438
7901,0.37225,27,67465
7902,0.035616,2,67467
7903,0.092714,6,67473
7904,0.171209,11,67484
7905,0.291604,19,67503
7906,0.225836,15,67518
7907,0.182994,12,67530
7908,0.165017,12,67542
7909,0.167237,9,67551
7910,0.278073,16,67567
7911,0.15963,11,67578
7912,0.018135,1,67579
7913,0.225538,13,67592
7914,0.211334,12,67604
7915,0.242935,14,67618
7916,0.07129,4,67622
7917,0.219769,14,67636
7918,0.281428,18,67654
7919,0.144112,8,67662
7920,0.257392,16,67678
7921,0.249363,15,67693
7922,0.148131,9,67702
7923,0.289404,16,67718
7924,0.20242,13,67731
7925,0.268137,17,67748
7926,0.12303,7,67755
7927,0.260823,15,67770
7928,0.293346,19,67789
7929,0.146955,8,67797
7930,0.12883,7,67804
7931,0.303803,17,67821
7932,0.249921,15,67836
7933,0.128272,9,67845
7934,0.19668,11,67856
7935,0.015067,1,67857
7936,0.073981,5,67862
7937,0.189844,11,67873
7938,0.286058,19,67892
7939,0.115739,7,67899
7940,0.234965,14,67913
7941,0.058103,3,67916
7942,0.156506,10,67926
7943,0.300911,17,67943
7944,0.150663,11,67954
7945,0.150188,9,67963
7946,0.180634,10,67973
7947,0.285634,19,67992
7948,0.187975,11,68003
7949,0.038034,2,68005
7950,0.26798,15,68020
7951,0.199957,11,68031
7952,0.167611,10,68041
7953,0.17469,12,68053
7954,0.211215,13,68066
7955,0.275016,23,68089
7956,0.124423,7,68096
7957,0.128785,8,68104
7958,0.119227,7,68111
7959,0.145601,10,68121
7960,0.075693,4,68125
7961,0.365331,23,68148
7962,0.148431,9,68157
7963,0.198826,12,68169
7964,0.131547,8,68177
7965,0.284345,17,68194
7966,0.209786,12,68206
7967,0.138998,8,68214
7968,0.018714,1,68215
7969,0.150759,9,68224
7970,0.182888,10,68234
7971,0.309849,19,68253
7972,0.438378,26,68279
7973,0.107313,6,68285
7974,0.361186,21,68306
7975,0.124227,8,68314
7976,0.207053,12,68326
7977,0.190774,11,68337
7978,0.090032,5,68342
7979,0.136724,8,68350
7980,0.116649,7,68357
7981,0.120251,7,68364
7982,0.385664,22,68386
7983,0.200821,13,68399
7984,0.287137,18,68417
7985,0.018883,1,68418
7986,0.235154,14,68432
7987,0.186908,11,68443
7988,0.137056,9,68452
7989,0.132022,9,68461
7990,0.162374,10,68471
7991,0.241497,18,68489
7992,0.294953,20,68509
7993,0.072433,4,68513
7994,0.150238,9,68522
7995,0.107883,7,68529
7996,0.019693,1,68530
7997,0.058625,4,68534
7998,-0.05766,22,68556
7999,0.27078,19,68575
8000,0.154736,10,68585
8001,0.257062,18,68603
8002,0.209625,15,68618
8003,0.177115,11,68629
8004,0.154831,10,68639
8005,0.160064,9,68648
8006,0.331748,20,68668
8007,0.09104,5,68673
8008,0.250074,15,68688
8009,0.141467,8,68696
8010,0.247785,16,68712
8011,0.122353,8,68720
8012,0.280189,18,68738
8013,0.138747,9,68747
8014,0.20332,13,68760
8015,0.381653,23,68783
8016,0.158647,9,68792
8017,0.110462,7,68799
8018,0.112989,8,68807
8019,0.173138,10,68817
8020,0.166869,10,68827
8021,0.035134,2,68829
8022,0.171341,10,68839
8023,0.098349,7,68846
8024,0.018695,1,68847
8025,0.219038,13,68860
8026,0.105785,6,68866
8027,0.27164,15,68881
8028,0.179767,10,68891
8029,0.412386,26,68917
8030,0.23675,14,68931
8031,0.183902,11,68942
8032,0.237857,14,68956
8033,0.335829,23,68979
8034,0.338578,21,69000
8035,0.149982,9,69009
8036,0.283001,21,69030
8037,0.144988,8,69038
8038,0.125767,8,69046
8039,0.397063,23,69069
8040,0.164298,9,69078
8041,0.305879,19,69097
8042,0.193171,12,69109
8043,0.229585,14,69123
8044,0.203418,16,69139
8045,0.132122,8,69147
8046,0.143689,8,69155
8047,0.104338,6,69161
8048,0.140451,8,69169
8049,0.218524,12,69181
8050,0.162698,11,69192
8051,0.162793,10,69202
8052,0.235277,16,69218
8053,0.485877,31,69249
8054,0.218259,14,69263
8055,0.213585,13,69276
8056,0.144624,9,69285
8057,0.157313,9,69294
8058,0.306667,18,69312
8059,0.126929,7,69319
8060,0.10456,6,69325
8061,0.154828,9,69334
8062,0.225437,14,69348
8063,0.071338,4,69352
8064,0.192372,11,69363
8065,0.246544,17,69380
8066,0.147737,8,69388
8067,0.124475,7,69395
8068,0.137482,9,69404
8069,0.265717,15,69419
8070,0.171367,14,69433
8071,0.196709,11,69444
8072,0.261116,16,69460
8073,0.249315,28,69488
8074,0.127984,9,69497
8075,0.054218,3,69500
8076,0.217425,14,69514
8077,0.357051,20,69534
8078,0.163857,9,69543
8079,0.10056,6,69549
8080,0.163659,10,69559
8081,0.159376,10,69569
8082,0.176825,11,69580
8083,0.188723,12,69592
8084,0.216306,12,69604
8085,0.277058,16,69620
8086,0.225701,14,69634
8087,0.162543,9,69643
8088,0.137182,10,69653
8089,0.18825,13,69666
8090,0.306494,18,69684
8091,0.323296,21,69705
8092,0.078286,5,69710
8093,0.114129,6,69716
8094,0.158691,9,69725
8095,0.444913,28,69753
8096,0.106676,8,69761
8097,0.23135,13,69774
8098,0.195929,12,69786
8099,0.273231,18,69804
8100,0.150887,10,69814
8101,0.174627,11,69825
8102,0.359714,20,69845
8103,0.019288,1,69846
8104,0.128459,9,69855
8105,0.017821,1,69856
8106,0.108134,7,69863
8107,0.130143,9,69872
8108,0.385914,23,69895
8109,0.174616,10,69905
8110,0.113631,7,69912
8111,0.017918,1,69913
8112,0.205502,14,69927
8113,0.256361,18,69945
8114,0.250659,14,69959
8115,0.172767,11,69970
8116,0.186567,12,69982
8117,0.127674,7,69989
8118,0.142117,10,69999
8119,0.189794,11,70010
8120,0.295449,26,70036
8121,0.180238,13,70049
8122,0.247382,16,70065
8123,0.478849,28,70093
8124,0.191785,11,70104
8125,0.133462,8,70112
8126,0.251896,15,70127
8127,0.177617,11,70138
8128,0.214507,13,70151
8129,0.160456,10,70161
8130,0.154515,13,70174
8131,0.189272,12,70186
8132,0.017953,1,70187
8133,0.202354,12,70199
8134,0.31307,20,70219
8135,0.174734,11,70230
8136,0.125633,7,70237
8137,0.407782,29,70266
8138,0.135881,8,70274
8139,0.216475,14,70288
8140,0.25606,15,70303
8141,0.171564,12,70315
8142,0.152578,10,70325
8143,0.200982,12,70337
8144,0.118843,7,70344
8145,0.019957,1,70345
8146,0.019387,1,70346
8147,0.183137,11,70357
8148,0.016925,1,70358
8149,0.311556,19,70377
8150,0.01357,1,70378
8151,0.207664,14,70392
8152,0.205176,12,70404
8153,0.18514,12,70416
8154,0.401704,24,70440
8155,0.317262,22,70462
8156,0.166731,11,70473
8157,0.143597,8,70481
8158,0.186993,16,70497
8159,0.161013,10,70507
8160,0.018327,1,70508
8161,0.168544,9,70517
8162,0.156435,10,70527
8163,0.272572,16,70543
8164,0.184462,13,70556
8165,0.195558,11,70567
8166,0.398,24,70591
8167,0.150624,9,70600
8168,0.176718,10,70610
8169,0.184677,10,70620
8170,0.392462,24,70644
8171,0.270043,16,70660
8172,0.176317,10,70670
8173,0.014891,1,70671
8174,0.139985,9,70680
8175,0.107376,6,70686
8176,0.149071,11,70697
8177,0.26092,15,70712
8178,0.01682,1,70713
8179,0.090081,5,70718
8180,0.228929,13,70731
8181,0.253436,15,70746
8182,0.246539,18,70764
8183,0.160749,10,70774
8184,0.341286,31,70805
8185,0.173421,14,70819
8186,0.1537,11,70830
8187,0.134052,10,70840
8188,0.386395,25,70865
8189,0.267072,15,70880
8190,0.146671,8,70888
8191,0.184738,11,70899
8192,0.131029,9,70908
8193,0.183224,10,70918
8194,0.178466,12,70930
8195,0.279075,16,70946
8196,0.181762,10,70956
8197,0.670058,39,70995
8198,0.376494,21,71016
8199,0.241388,15,71031
8200,0.279208,18,71049
8201,0.163977,9,71058
8202,0.176194,10,71068
8203,0.183162,10,71078
8204,0.04953,3,71081
8205,0.312854,17,71098
8206,0.18498,11,71109
8207,0.188096,10,71119
8208,0.211483,13,71132
8209,0.049351,3,71135
8210,0.223564,14,71149
8211,0.148754,10,71159
8212,0.339166,19,71178
8213,0.131985,8,71186
8214,0.177453,11,71197
8215,0.334323,20,71217
8216,0.203717,16,71233
8217,0.351788,20,71253
8218,0.198595,12,71265
8219,0.13973,8,71273
8220,0.160289,11,71284
8221,0.195192,13,71297
8222,0.066633,4,71301
8223,0.404644,27,71328
8224,0.299191,23,71351
8225,0.131451,8,71359
8226,0.173124,11,71370
8227,0.10491,6,71376
8228,0.016919,1,71377
8229,0.225193,16,71393
8230,0.133408,8,71401
8231,0.120206,7,71408
8232,0.130249,9,71417
8233,0.279088,16,71433
8234,0.182043,11,71444
8235,0.220735,14,71458
8236,0.389928,27,71485
8237,0.037592,2,71487
8238,0.203362,12,71499
8239,0.314518,19,71518
8240,0.179094,11,71529
8241,0.016443,1,71530
8242,0.077883,5,71535
8243,0.3139,24,71559
8244,0.283675,17,71576
8245,-0.096534,18,71594
8246,0.456419,30,71624
8247,0.183477,13,71637
8248,0.288425,17,71654
8249,0.197197,13,71667
8250,0.034863,2,71669
8251,0.086643,5,71674
8252,0.151832,10,71684
8253,0.287449,18,71702
8254,0.139992,8,71710
8255,0.202881,12,71722
8256,0.192962,12,71734
8257,0.140414,8,71742
8258,0.181799,10,71752
8259,-0.144599,15,71767
8260,0.196828,11,71778
8261,0.230595,14,71792
8262,0.146457,8,71800
8263,0.231768,17,71817
8264,0.017945,1,71818
8265,0.184578,12,71830
8266,0.185388,10,71840
8267,0.101341,7,71847
8268,0.160803,9,71856
8269,0.128167,7,71863
8270,0.227677,14,71877
8271,0.328208,23,71900
8272,0.253826,15,71915
8273,0.18746,12,71927
8274,0.253469,15,71942
8275,0.148336,11,71953
8276,0.140283,8,71961
8277,0.160635,9,71970
8278,0.320655,19,71989
8279,0.173681,11,72000
8280,0.321664,25,72025
8281,0.072943,4,72029
8282,0.146278,8,72037
8283,0.464115,28,72065
8284,0.126504,8,72073
8285,0.343415,23,72096
8286,0.345273,21,72117
8287,0.159619,10,72127
8288,0.151505,9,72136
8289,0.095693,5,72141
8290,0.087366,5,72146
8291,0.187559,11,72157
8292,0.017641,1,72158
8293,0.250435,15,72173
8294,0.298219,17,72190
8295,0.281116,16,72206
8296,0.192907,12,72218
8297,0.016366,1,72219
8298,0.179409,10,72229
8299,0.19898,12,72241
8300,0.072831,4,72245
8301,0.141489,8,72253
8302,-0.120038,22,72275
8303,0.038318,2,72277
8304,0.280058,16,72293
8305,0.113669,7,72300
8306,0.08222,5,72305
8307,0.400573,27,72332
8308,0.013704,1,72333
8309,0.158456,10,72343
8310,0.23152,13,72356
8311,0.252009,15,72371
8312,0.242078,16,72387
8313,0.264402,19,72406
8314,0.226103,15,72421
8315,0.13577,8,72429
8316,0.124888,33,72462
8317,0.183828,11,72473
8318,0.26809,16,72489
8319,0.088337,5,72494
8320,0.296037,18,72512
8321,0.012184,1,72513
8322,0.019815,1,72514
8323,0.199651,13,72527
8324,0.228194,13,72540
8325,0.292006,17,72557
8326,0.406327,26,72583
8327,0.156385,9,72592
8328,0.334342,19,72611
8329,0.296571,21,72632
8330,0.187347,12,72644
8331,0.145549,8,72652
8332,0.303521,21,72673
8333,0.190769,12,72685
8334,0.093881,5,72690
8335,0.205713,13,72703
8336,0.197118,11,72714
8337,0.15371,9,72723
8338,0.13245,8,72731
8339,0.260009,20,72751
8340,0.259501,16,72767
8341,0.286005,19,72786
8342,0.247851,15,72801
8343,0.169344,10,72811
8344,0.175931,10,72821
8345,0.265584,16,72837
8346,0.178702,12,72849
8347,0.21341,12,72861
8348,0.119005,7,72868
8349,0.198416,11,72879
8350,0.211798,12,72891
8351,0.121723,7,72898
8352,0.190161,12,72910
8353,0.14832,8,72918
8354,0.175459,10,72928
8355,0.14825,8,72936
8356,0.161121,12,72948
8357,0.284294,16,72964
8358,0.35554,22,72986
8359,0.127805,7,72993
8360,0.154361,13,73006
8361,0.304361,25,73031
8362,0.292554,17,73048
8363,0.268794,16,73064
8364,0.222738,14,73078
8365,0.119647,7,73085
8366,0.174316,10,73095
8367,0.186642,12,73107
8368,0.143726,8,73115
8369,0.340204,21,73136
8370,0.192239,12,73148
8371,0.108853,6,73154
8372,0.323788,20,73174
8373,0.169716,10,73184
8374,0.211244,13,73197
8375,0.018033,1,73198
8376,0.187097,12,73210
8377,0.201685,12,73222
8378,0.261202,18,73240
8379,0.260674,15,73255
8380,0.340216,23,73278
8381,0.196766,12,73290
8382,0.306798,19,73309
8383,0.250445,16,73325
8384,0.278847,17,73342
8385,0.155308,9,73351
8386,0.13287,8,73359
8387,0.142296,10,73369
8388,0.227824,14,73383
8389,0.175969,11,73394
8390,0.251822,15,73409
8391,0.268589,15,73424
8392,0.16239,9,73433
8393,0.110312,10,73443
8394,0.16988,10,73453
8395,0.267052,16,73469
8396,0.152668,10,73479
8397,0.201878,11,73490
8398,0.404945,23,73513
8399,0.139963,8,73521
8400,0.260223,19,73540
8401,0.138602,8,73548
8402,0.017039,1,73549
8403,0.222059,14,73563
8404,0.167668,10,73573
8405,0.203375,12,73585
8406,0.351991,28,73613
8407,0.154475,11,73624
8408,0.166464,9,73633
8409,0.17589,13,73646
8410,0.082595,6,73652
8411,0.193626,11,73663
8412,0.122022,7,73670
8413,0.254922,14,73684
8414,0.128854,7,73691
8415,0.199003,13,73704
8416,0.166424,9,73713
8417,0.123555,7,73720
8418,0.21169,14,73734
8419,0.206996,13,73747
8420,0.181873,12,73759
8421,0.153892,9,73768
8422,0.328529,19,73787
8423,0.369465,26,73813
8424,0.252053,16,73829
8425,0.257597,15,73844
8426,0.144052,11,73855
8427,0.301879,18,73873
8428,0.215695,12,73885
8429,0.160764,11,73896
8430,0.153095,9,73905
8431,0.167336,12,73917
8432,0.186813,11,73928
8433,0.012246,1,73929
8434,0.213021,12,73941
8435,0.181507,12,73953
8436,0.320687,19,73972
8437,0.058066,3,73975
8438,0.155268,10,73985
8439,0.125709,7,73992
8440,0.156803,9,74001
8441,0.186255,12,74013
8442,0.156537,9,74022
8443,0.183879,11,74033
8444,0.207198,19,74052
8445,0.27004,19,74071
8446,0.11769,7,74078
8447,0.14616,9,74087
8448,0.154672,9,74096
8449,0.175578,10,74106
8450,0.166965,10,74116
8451,0.091677,5,74121
8452,0.187702,11,74132
8453,0.196076,11,74143
8454,0.126543,7,74150
8455,0.250407,15,74165
8456,0.174974,13,74178
8457,0.191763,11,74189
8458,0.297838,21,74210
8459,0.234073,15,74225
8460,0.241989,15,74240
8461,0.388843,22,74262
8462,0.210581,18,74280
8463,0.019758,1,74281
8464,0.195857,13,74294
8465,0.539815,33,74327
8466,0.217335,13,74340
8467,0.210899,12,74352
8468,0.20458,13,74365
8469,0.202624,13,74378
8470,0.11613,8,74386
8471,0.130878,8,74394
8472,0.206143,13,74407
8473,0.45776,26,74433
8474,0.302316,27,74460
8475,0.159248,11,74471
8476,0.125226,7,74478
8477,0.219913,13,74491
8478,0.240984,14,74505
8479,0.234851,13,74518
8480,0.211121,12,74530
8481,0.014779,1,74531
8482,0.151481,9,74540
8483,0.42004,25,74565
8484,0.270555,17,74582
8485,0.190164,12,74594
8486,0.214042,15,74609
8487,0.421924,24,74633
8488,0.271581,16,74649
8489,0.270809,17,74666
8490,0.233798,13,74679
8491,0.166919,9,74688
8492,0.313092,20,74708
8493,0.019998,1,74709
8494,0.145158,8,74717
8495,0.366753,28,74745
8496,0.105473,6,74751
8497,0.107565,7,74758
8498,0.206949,13,74771
8499,0.111701,6,74777
8500,0.143707,9,74786
8501,0.150165,9,74795
8502,0.192397,17,74812
8503,0.176296,12,74824
8504,0.018869,1,74825
8505,0.262391,18,74843
8506,0.222315,13,74856
8507,0.196443,17,74873
8508,0.139263,10,74883
8509,0.153084,9,74892
8510,0.194149,12,74904
8511,0.239822,16,74920
8512,0.346152,20,74940
8513,0.173033,10,74950
8514,0.302128,18,74968
8515,0.317809,19,74987
8516,0.076443,5,74992
8517,0.173108,11,75003
8518,0.146929,9,75012
8519,0.200632,13,75025
8520,0.149779,9,75034
8521,0.184513,12,75046
8522,0.126327,7,75053
8523,0.167477,10,75063
8524,0.16619,11,75074
8525,0.152983,9,75083
8526,0.094982,7,75090
8527,0.12431,7,75097
8528,0.417167,27,75124
8529,0.11928,7,75131
8530,0.203345,11,75142
8531,0.055873,3,75145
8532,0.209695,12,75157
8533,0.26115,17,75174
8534,0.139339,9,75183
8535,0.05123,3,75186
8536,0.17027,10,75196
8537,0.261242,15,75211
8538,0.138687,8,75219
8539,0.247305,15,75234
8540,0.073273,4,75238
8541,0.230422,14,75252
8542,0.331943,24,75276
8543,0.222366,12,75288
8544,0.276838,17,75305
8545,0.272331,21,75326
8546,0.518517,31,75357
8547,0.25947,17,75374
8548,0.016901,1,75375
8549,0.137865,8,75383
8550,0.154663,9,75392
8551,0.325459,19,75411
8552,0.376526,21,75432
8553,0.106167,7,75439
8554,0.266504,16,75455
8555,0.155476,9,75464
8556,0.317275,18,75482
8557,0.057265,4,75486
8558,0.209116,12,75498
8559,0.253363,16,75514
8560,0.22735,13,75527
8561,0.111818,10,75537
8562,0.19631,11,75548
8563,0.258792,15,75563
8564,0.174037,10,75573
8565,0.227955,14,75587
8566,0.076159,4,75591
8567,0.11617,8,75599
8568,0.14201,8,75607
8569,0.167516,10,75617
8570,0.128698,9,75626
8571,0.270443,15,75641
8572,0.35532,21,75662
8573,0.17801,10,75672
8574,0.242327,14,75686
8575,0.234618,13,75699
8576,0.236461,15,75714
8577,0.144299,11,75725
8578,0.180747,11,75736
8579,0.202943,13,75749
8580,0.21245,12,75761
8581,0.019172,1,75762
8582,0.093036,5,75767
8583,0.148271,10,75777
8584,0.038575,2,75779
8585,0.427483,30,75809
8586,0.115797,8,75817
8587,0.221204,14,75831
8588,0.195685,12,75843
8589,0.19433,11,75854
8590,0.008045,1,75855
8591,0.200023,13,75868
8592,0.164196,11,75879
8593,0.176272,10,75889
8594,0.19347,12,75901
8595,0.373904,22,75923
8596,0.162753,10,75933
8597,0.132192,8,75941
8598,0.11,6,75947
8599,0.130336,9,75956
8600,0.163377,11,75967
8601,0.206663,14,75981
8602,0.511792,29,76010
8603,0.291491,20,76030
8604,0.210994,12,76042
8605,0.1636,13,76055
8606,0.279711,16,76071
8607,0.203134,12,76083
8608,0.192918,13,76096
8609,0.057707,3,76099
8610,0.231062,19,76118
8611,0.185068,11,76129
8612,0.172208,10,76139
8613,0.304961,17,76156
8614,0.293246,17,76173
8615,0.150476,9,76182
8616,0.162414,9,76191
8617,0.324399,18,76209
8618,0.073901,5,76214
8619,0.146513,11,76225
8620,0.197693,11,76236
8621,0.139226,8,76244
8622,0.018296,1,76245
8623,0.1207,7,76252
8624,0.232658,13,76265
8625,0.109442,6,76271
8626,0.466596,36,76307
8627,0.209806,13,76320
8628,0.205685,12,76332
8629,0.244774,15,76347
8630,0.068678,4,76351
8631,0.137662,10,76361
8632,0.141377,8,76369
8633,0.457169,27,76396
8634,0.144059,8,76404
8635,0.16619,10,76414
8636,0.1511,8,76422
8637,0.209839,13,76435
8638,0.199255,12,76447
8639,0.179555,11,76458
8640,0.199106,15,76473
8641,0.449383,29,76502
8642,0.136563,8,76510
8643,0.117893,8,76518
8644,0.209317,13,76531
8645,0.14414,9,76540
8646,0.150362,10,76550
8647,0.205408,13,76563
8648,0.18319,10,76573
8649,0.37849,29,76602
8650,0.235319,13,76615
8651,0.238716,14,76629
8652,0.152184,9,76638
8653,0.155015,9,76647
8654,0.195402,13,76660
8655,0.267268,22,76682
8656,0.147366,9,76691
8657,0.0203,1,76692
8658,0.268217,20,76712
8659,0.178871,10,76722
8660,0.196559,11,76733
8661,0.179967,11,76744
8662,0.16447,10,76754
8663,0.193071,15,76769
8664,0.195818,11,76780
8665,0.361151,23,76803
8666,0.389494,27,76830
8667,0.154518,10,76840
8668,0.155146,9,76849
8669,0.204305,12,76861
8670,0.271664,16,76877
8671,0.209305,12,76889
8672,0.395448,32,76921
8673,0.018675,1,76922
8674,0.230043,15,76937
8675,0.102976,7,76944
8676,0.1662,10,76954
8677,0.378762,23,76977
8678,0.258451,15,76992
8679,0.189134,13,77005
8680,0.07587,4,77009
8681,0.157398,9,77018
8682,0.204878,16,77034
8683,0.188751,11,77045
8684,0.212277,14,77059
8685,0.149732,10,77069
8686,0.24433,14,77083
8687,0.314211,18,77101
8688,0.133631,8,77109
8689,0.150848,10,77119
8690,0.365769,23,77142
8691,0.196955,11,77153
8692,0.316184,19,77172
8693,0.298239,20,77192
8694,0.111425,6,77198
8695,0.2486,14,77212
8696,0.34374,19,77231
8697,0.327497,19,77250
8698,0.018426,1,77251
8699,0.210903,12,77263
8700,0.231184,16,77279
8701,0.146784,9,77288
8702,0.095607,5,77293
8703,0.108098,6,77299
8704,0.262365,17,77316
8705,0.223436,13,77329
8706,0.362387,20,77349
8707,0.269798,15,77364
8708,0.142102,10,77374
8709,0.178504,10,77384
8710,0.130211,7,77391
8711,0.152245,9,77400
8712,0.165942,11,77411
8713,0.104939,7,77418
8714,0.117486,7,77425
8715,0.164615,11,77436
8716,0.372385,21,77457
8717,0.286426,16,77473
8718,0.152045,9,77482
8719,0.174663,11,77493
8720,0.182873,10,77503
8721,0.150312,9,77512
8722,0.210901,12,77524
8723,0.256693,16,77540
8724,0.111664,6,77546
8725,0.378245,22,77568
8726,0.03781,2,77570
8727,0.319474,20,77590
8728,0.252199,14,77604
8729,0.108245,8,77612
8730,0.158167,10,77622
8731,0.415379,26,77648
8732,0.192607,11,77659
8733,0.263163,19,77678
8734,0.169634,10,77688
8735,0.127767,7,77695
8736,0.149687,11,77706
8737,0.061012,4,77710
8738,0.239488,15,77725
8739,0.173644,10,77735
8740,0.162955,10,77745
8741,0.397339,22,77767
8742,0.235838,14,77781
8743,0.470027,27,77808
8744,0.202636,12,77820
8745,0.110574,6,77826
8746,0.233287,13,77839
8747,0.230974,16,77855
8748,0.298873,18,77873
8749,0.207466,14,77887
8750,0.150623,9,77896
8751,0.140821,8,77904
8752,0.143511,8,77912
8753,0.391214,25,77937
8754,0.234562,14,77951
8755,0.323771,21,77972
8756,0.204833,11,77983
8757,0.109091,7,77990
8758,0.160927,10,78000
8759,0.115513,7,78007
8760,0.19943,12,78019
8761,0.174272,10,78029
8762,0.159541,11,78040
8763,0.16642,13,78053
8764,0.279861,21,78074
8765,0.234833,15,78089
8766,0.157706,9,78098
8767,0.13479,8,78106
8768,0.176029,11,78117
8769,0.332413,25,78142
8770,0.120727,7,78149
8771,0.226692,14,78163
8772,0.221615,14,78177
8773,0.200396,12,78189
8774,0.158107,9,78198
8775,0.201963,12,78210
8776,0.163327,10,78220
8777,0.178159,11,78231
8778,0.156113,11,78242
8779,0.207433,12,78254
8780,0.40288,23,78277
8781,0.285854,16,78293
8782,0.433494,26,78319
8783,0.16169,10,78329
8784,0.12147,7,78336
8785,0.404118,23,78359
8786,0.191904,11,78370
8787,0.280645,16,78386
8788,0.142835,9,78395
8789,0.205761,14,78409
8790,0.175856,10,78419
8791,0.190165,11,78430
8792,0.16689,11,78441
8793,0.107523,7,78448
8794,0.193971,11,78459
8795,0.157496,9,78468
8796,0.14069,8,78476
8797,0.227338,15,78491
8798,0.157668,9,78500
8799,0.169743,10,78510
8800,0.1627,11,78521
8801,0.308881,19,78540
8802,0.2069,14,78554
8803,0.1741,11,78565
8804,0.143868,9,78574
8805,0.163679,9,78583
8806,0.11812,7,78590
8807,0.224008,13,78603
8808,0.268689,17,78620
8809,0.183577,11,78631
8810,0.203359,12,78643
8811,0.304725,19,78662
8812,0.230617,13,78675
8813,0.177355,11,78686
8814,0.343778,36,78722
8815,0.306384,18,78740
8816,0.179512,10,78750
8817,0.193323,11,78761
8818,0.225787,15,78776
8819,0.27894,16,78792
8820,0.1532,9,78801
8821,0.450014,28,78829
8822,0.122124,8,78837
8823,0.414907,25,78862
8824,0.357635,20,78882
8825,0.093927,6,78888
8826,0.22537,13,78901
8827,0.312611,18,78919
8828,0.186704,11,78930
8829,0.396027,28,78958
8830,0.122241,7,78965
8831,0.272734,16,78981
8832,0.109045,6,78987
8833,0.135582,8,78995
8834,0.236233,13,79008
8835,0.195153,13,79021
8836,0.156196,9,79030
8837,0.192775,12,79042
8838,0.179834,10,79052
8839,0.251315,15,79067
8840,0.020586,1,79068
8841,0.198036,11,79079
8842,0.154186,10,79089
8843,0.172147,14,79103
8844,0.17202,11,79114
8845,0.266976,15,79129
8846,0.179322,10,79139
8847,0.095501,5,79144
8848,0.107932,6,79150
8849,0.149462,9,79159
8850,0.199812,12,79171
8851,0.144138,10,79181
8852,0.341729,21,79202
8853,0.248681,14,79216
8854,0.20446,13,79229
8855,0.319013,19,79248
8856,0.224266,14,79262
8857,0.162175,10,79272
8858,0.112191,8,79280
8859,0.161955,10,79290
8860,0.186309,11,79301
8861,0.196686,11,79312
8862,0.018016,1,79313
8863,0.202135,12,79325
8864,0.300393,18,79343
8865,0.363451,21,79364
8866,0.135589,8,79372
8867,0.231281,14,79386
8868,0.180644,11,79397
8869,0.23059,13,79410
8870,0.127584,7,79417
8871,0.166839,10,79427
8872,0.257852,17,79444
8873,0.016708,1,79445
8874,0.204333,13,79458
8875,0.570722,33,79491
8876,0.415624,26,79517
8877,0.242774,15,79532
8878,0.310517,18,79550
8879,0.223852,14,79564
8880,0.01743,1,79565
8881,0.163964,11,79576
8882,0.220399,14,79590
8883,0.148669,8,79598
8884,0.172577,12,79610
8885,0.215325,12,79622
8886,0.14509,8,79630
8887,0.681719,41,79671
8888,0.418991,24,79695
8889,0.184398,10,79705
8890,0.189089,11,79716
8891,0.137719,8,79724
8892,0.132672,8,79732
8893,0.26125,17,79749
8894,0.331785,21,79770
8895,0.429578,24,79794
8896,0.192823,13,79807
8897,0.188399,13,79820
8898,0.190146,12,79832
8899,0.196447,11,79843
8900,0.215995,12,79855
8901,0.170338,13,79868
8902,0.294205,17,79885
8903,0.063797,4,79889
8904,0.279856,16,79905
8905,0.319322,22,79927
8906,0.164153,9,79936
8907,0.191533,11,79947
8908,0.214154,13,79960
8909,0.350138,22,79982
8910,0.273892,19,80001
8911,0.435533,28,80029
8912,0.30115,23,80052
8913,0.004346,1,80053
8914,0.262628,18,80071
8915,0.186368,10,80081
8916,0.1146,6,80087
8917,0.095075,5,80092
8918,0.359077,21,80113
8919,0.17326,10,80123
8920,0.39087,28,80151
8921,0.287345,18,80169
8922,0.317109,21,80190
8923,0.182256,13,80203
8924,0.16448,9,80212
8925,0.018567,1,80213
8926,0.195198,11,80224
8927,0.251881,14,80238
8928,0.176796,12,80250
8929,0.091957,5,80255
8930,0.124678,8,80263
8931,0.251723,15,80278
8932,0.32061,21,80299
8933,0.243077,16,80315
8934,0.170804,10,80325
8935,0.264779,17,80342
8936,0.185723,11,80353
8937,0.019422,1,80354
8938,0.018524,1,80355
8939,0.165103,9,80364
8940,0.322981,19,80383
8941,0.173266,10,80393
8942,0.127471,7,80400
8943,0.124214,7,80407
8944,0.247113,16,80423
8945,0.218192,13,80436
8946,0.103401,6,80442
8947,0.184998,11,80453
8948,0.397545,23,80476
8949,0.161016,10,80486
8950,0.319284,18,80504
8951,0.278762,19,80523
8952,0.171974,12,80535
8953,0.291846,18,80553
8954,0.149388,9,80562
8955,0.344483,20,80582
8956,0.171684,10,80592
8957,0.154442,9,80601
8958,0.113153,6,80607
8959,0.176818,11,80618
8960,0.11992,8,80626
8961,0.244371,14,80640
8962,0.175088,10,80650
8963,0.355933,22,80672
8964,0.259517,18,80690
8965,0.224432,14,80704
8966,0.176387,13,80717
8967,0.18451,11,80728
8968,0.165925,9,80737
8969,0.166733,10,80747
8970,0.220461,15,80762
8971,0.248561,19,80781
8972,0.241794,14,80795
8973,0.178101,12,80807
8974,0.18785,13,80820
8975,0.307579,20,80840
8976,0.275056,19,80859
8977,0.120852,7,80866
8978,0.262734,16,80882
8979,0.192149,11,80893
8980,0.229492,13,80906
8981,0.133268,8,80914
8982,0.177723,10,80924
8983,0.135138,10,80934
8984,0.147003,9,80943
8985,0.21025,13,80956
8986,0.131982,8,80964
8987,0.265352,15,80979
8988,0.186782,11,80990
8989,0.021236,1,80991
8990,0.186143,12,81003
8991,0.100125,6,81009
8992,0.205844,12,81021
8993,0.256938,16,81037
8994,0.27323,15,81052
8995,0.256446,18,81070
8996,0.224945,13,81083
8997,0.168865,11,81094
8998,0.20729,14,81108
8999,0.412001,25,81133
9000,0.246805,15,81148
9001,0.473186,27,81175
9002,0.019022,1,81176
9003,0.154411,9,81185
9004,0.151003,9,81194
9005,0.11121,8,81202
9006,0.236847,16,81218
9007,0.234818,13,81231
9008,0.17745,10,81241
9009,0.180802,10,81251
9010,0.076214,4,81255
9011,0.188005,11,81266
9012,0.218024,13,81279
9013,0.168435,10,81289
9014,0.216788,12,81301
9015,0.176007,10,81311
9016,0.388031,23,81334
9017,0.149989,9,81343
9018,0.178009,10,81353
9019,0.285356,16,81369
9020,0.232349,14,81383
9021,0.146258,11,81394
9022,0.247332,17,81411
9023,0.295497,27,81438
9024,0.269565,15,81453
9025,0.277481,18,81471
9026,0.095269,5,81476
9027,0.187702,12,81488
9028,0.118576,8,81496
9029,0.249478,14,81510
9030,0.239117,15,81525
9031,0.372914,21,81546
9032,0.210371,13,81559
9033,0.151482,9,81568
9034,0.123264,7,81575
9035,0.207236,12,81587
9036,0.155929,9,81596
9037,0.09776,8,81604
9038,0.276551,16,81620
9039,0.256783,16,81636
9040,0.163546,9,81645
9041,0.13608,9,81654
9042,0.290762,16,81670
9043,0.188542,12,81682
9044,0.213387,13,81695
9045,0.181238,11,81706
9046,0.156962,9,81715
9047,0.072187,4,81719
9048,0.330237,19,81738
9049,0.200936,14,81752
9050,0.170454,10,81762
9051,0.070961,4,81766
9052,0.211241,13,81779
9053,0.175697,10,81789
9054,0.297178,18,81807
9055,0.20912,12,81819
9056,0.208937,12,81831
9057,0.265094,16,81847
9058,0.275245,16,81863
9059,0.308542,19,81882
9060,0.198129,11,81893
9061,0.163343,11,81904
9062,0.132624,8,81912
9063,0.105241,7,81919
9064,0.309179,22,81941
9065,0.157659,11,81952
9066,0.519969,30,81982
9067,0.178534,10,81992
9068,0.137472,8,82000
9069,0.172511,10,82010
9070,0.200318,11,82021
9071,0.210987,13,82034
9072,0.201119,12,82046
9073,0.357137,27,82073
9074,0.145238,8,82081
9075,0.314541,18,82099
9076,0.597175,34,82133
9077,0.33272,27,82160
9078,0.206304,12,82172
9079,0.287851,16,82188
9080,0.266262,16,82204
9081,0.161009,9,82213
9082,0.493682,29,82242
9083,0.175106,10,82252
9084,0.176315,11,82263
9085,0.126856,7,82270
9086,0.446504,45,82315
9087,0.110925,7,82322
9088,0.128042,7,82329
9089,0.386691,26,82355
9090,0.182834,11,82366
9091,0.26569,19,82385
9092,0.299316,17,82402
9093,0.102079,6,82408
9094,0.241604,13,82421
9095,0.181985,10,82431
9096,0.018185,1,82432
9097,0.127578,7,82439
9098,0.27313,16,82455
9099,0.413127,25,82480
9100,0.180385,10,82490
9101,0.163443,10,82500
9102,0.275482,19,82519
9103,0.177128,10,82529
9104,0.214684,13,82542
9105,0.210281,12,82554
9106,0.148522,8,82562
9107,0.153628,9,82571
9108,0.269339,15,82586
9109,0.195814,11,82597
9110,0.365878,21,82618
9111,0.164203,10,82628
9112,0.234033,13,82641
9113,0.123448,7,82648
9114,0.130233,7,82655
9115,0.259456,15,82670
9116,0.250407,15,82685
9117,0.137724,10,82695
9118,0.148111,9,82704
9119,0.183053,11,82715
9120,0.241176,13,82728
9121,0.255284,19,82747
9122,0.145418,8,82755
9123,0.283918,16,82771
9124,0.375446,21,82792
9125,0.253015,15,82807
9126,0.185952,12,82819
9127,0.237549,14,82833
9128,0.199353,11,82844
9129,0.148146,12,82856
9130,0.272457,18,82874
9131,0.219564,12,82886
9132,0.126225,7,82893
9133,0.22657,13,82906
9134,0.202654,11,82917
9135,0.039212,2,82919
9136,0.125201,8,82927
9137,0.172364,10,82937
9138,0.238654,14,82951
9139,0.345827,20,82971
9140,0.314642,19,82990
9141,0.334443,20,83010
9142,0.202073,15,83025
9143,0.131435,7,83032
9144,0.280361,16,83048
9145,0.014655,1,83049
9146,0.112228,8,83057
9147,0.211588,14,83071
9148,0.286609,16,83087
9149,0.31191,20,83107
9150,0.223597,13,83120
9151,0.290451,17,83137
9152,0.198933,13,83150
9153,0.038379,2,83152
9154,0.611869,35,83187
9155,0.277606,17,83204
9156,0.293862,18,83222
9157,0.118529,7,83229
9158,0.226199,13,83242
9159,0.179061,10,83252
9160,0.194331,11,83263
9161,0.189712,11,83274
9162,0.214275,12,83286
9163,0.276829,17,83303
9164,0.331913,19,83322
9165,0.231565,13,83335
9166,0.254428,16,83351
9167,-0.132802,17,83368
9168,0.290414,18,83386
9169,0.199791,12,83398
9170,0.224164,12,83410
9171,0.461684,27,83437
9172,-0.108478,20,83457
9173,0.266158,21,83478
9174,0.143078,8,83486
9175,0.238982,14,83500
9176,0.140566,9,83509
9177,0.353553,25,83534
9178,0.331715,22,83556
9179,0.015847,1,83557
9180,0.313813,18,83575
9181,0.172799,10,83585
9182,0.163207,10,83595
9183,0.174706,13,83608
9184,0.013821,1,83609
9185,0.341246,19,83628
9186,0.176471,10,83638
9187,0.137299,8,83646
9188,0.126139,8,83654
9189,0.623314,36,83690
9190,0.186127,12,83702
9191,0.239214,14,83716
9192,0.295438,17,83733
9193,0.251318,15,83748
9194,0.309565,18,83766
9195,0.124643,7,83773
9196,0.304888,21,83794
9197,0.285173,19,83813
9198,0.107225,6,83819
9199,0.127869,7,83826
9200,0.225886,15,83841
9201,0.209861,13,83854
9202,0.164517,10,83864
9203,0.322305,21,83885
9204,0.020334,1,83886
9205,0.378416,33,83919
9206,0.197523,15,83934
9207,0.14983,9,83943
9208,0.357002,23,83966
9209,0.206508,12,83978
9210,0.132711,8,83986
9211,0.234085,13,83999
9212,0.017963,1,84000
9213,0.020179,1,84001
9214,0.381838,24,84025
9215,0.204585,11,84036
9216,0.199855,13,84049
9217,0.281904,17,84066
9218,0.139322,10,84076
9219,0.288172,16,84092
9220,0.09207,5,84097
9221,0.184571,10,84107
9222,0.635743,36,84143
9223,0.196836,11,84154
9224,0.303535,20,84174
9225,0.138514,9,84183
9226,0.232729,14,84197
9227,0.171057,12,84209
9228,0.230332,13,84222
9229,0.166608,11,84233
9230,0.186544,11,84244
9231,0.239984,13,84257
9232,0.302173,19,84276
9233,0.256688,16,84292
9234,0.236683,16,84308
9235,0.167271,9,84317
9236,0.231187,14,84331
9237,0.12833,9,84340
9238,0.393394,24,84364
9239,0.383349,22,84386
9240,0.330771,19,84405
9241,0.345502,19,84424
9242,0.325795,19,84443
9243,0.039221,2,84445
9244,0.146141,9,84454
9245,0.629108,41,84495
9246,0.126226,7,84502
9247,0.064325,4,84506
9248,0.174775,10,84516
9249,0.072149,4,84520
9250,0.06413,4,84524
9251,0.154209,10,84534
9252,0.223774,15,84549
9253,0.303836,19,84568
9254,0.295928,18,84586
9255,0.161539,9,84595
9256,0.203785,13,84608
9257,0.151056,8,84616
9258,0.46095,26,84642
9259,0.129726,7,84649
9260,0.210284,12,84661
9261,0.107722,6,84667
9262,0.201494,11,84678
9263,0.1484,9,84687
9264,0.205253,13,84700
9265,0.124766,7,84707
9266,0.273974,21,84728
9267,0.23679,13,84741
9268,0.560688,46,84787
9269,0.129318,8,84795
9270,0.257952,15,84810
9271,0.20049,11,84821
9272,0.28225,18,84839
9273,0.09278,5,84844
9274,0.17731,11,84855
9275,0.018409,1,84856
9276,0.568311,35,84891
9277,0.162801,11,84902
9278,0.164758,12,84914
9279,0.229384,14,84928
9280,0.24602,14,84942
9281,0.181729,10,84952
9282,0.157457,12,84964
9283,0.218267,12,84976
9284,0.019281,1,84977
9285,0.397678,23,85000
9286,0.301108,17,85017
9287,0.274866,16,85033
9288,0.216565,12,85045
9289,0.12268,7,85052
9290,0.106871,7,85059
9291,0.179913,13,85072
9292,0.166917,9,85081
9293,0.135677,8,85089
9294,0.247691,17,85106
9295,0.20155,11,85117
9296,0.226908,13,85130
9297,0.199332,11,85141
9298,0.222124,16,85157
9299,0.253927,16,85173
9300,0.332829,21,85194
9301,0.222074,13,85207
9302,0.162133,9,85216
9303,0.185937,11,85227
9304,0.249545,15,85242
9305,0.112006,7,85249
9306,0.16869,10,85259
9307,0.210792,12,85271
9308,0.358228,20,85291
9309,0.194049,12,85303
9310,0.183354,12,85315
9311,0.211065,16,85331
9312,0.213244,13,85344
9313,0.250531,17,85361
9314,0.298804,19,85380
9315,0.151627,9,85389
9316,0.372031,31,85420
9317,0.211901,12,85432
9318,0.193109,13,85445
9319,0.223562,13,85458
9320,0.016238,1,85459
9321,0.469657,27,85486
9322,0.149445,8,85494
9323,0.01741,1,85495
9324,0.299009,17,85512
9325,0.355143,20,85532
9326,0.260219,15,85547
9327,0.180818,12,85559
9328,0.133382,8,85567
9329,0.166942,11,85578
9330,0.018834,1,85579
9331,0.487057,33,85612
9332,0.231028,15,85627
9333,0.495968,29,85656
9334,0.268868,18,85674
9335,0.261262,15,85689
9336,0.25411,15,85704
9337,0.413429,24,85728
9338,0.217929,15,85743
9339,0.123415,7,85750
9340,0.200489,11,85761
9341,0.136423,8,85769
9342,0.164908,9,85778
9343,0.195421,11,85789
9344,0.242482,18,85807
9345,0.24977,14,85821
9346,0.157926,10,85831
9347,0.275754,16,85847
9348,0.266938,16,85863
9349,0.179904,11,85874
9350,0.248135,15,85889
9351,0.238438,18,85907
9352,0.23613,13,85920
9353,0.252834,16,85936
9354,0.015279,1,85937
9355,0.20631,13,85950
9356,0.302054,19,85969
9357,0.013932,1,85970
9358,0.230728,13,85983
9359,0.429831,31,86014
9360,0.273109,15,86029
9361,0.390039,22,86051
9362,0.187739,11,86062
9363,0.227756,13,86075
9364,0.196584,12,86087
9365,0.127999,8,86095
9366,0.248015,18,86113
9367,0.128123,8,86121
9368,0.107589,6,86127
9369,0.250593,14,86141
9370,0.269223,15,86156
9371,0.191986,12,86168
9372,0.130461,7,86175
9373,0.306669,19,86194
9374,-0.091805,23,86217
9375,0.32454,19,86236
9376,0.065223,4,86240
9377,0.175004,13,86253
9378,0.213917,12,86265
9379,0.389159,22,86287
9380,0.153061,9,86296
9381,0.00238,1,86297
9382,0.173178,10,86307
9383,0.233585,13,86320
9384,0.158909,9,86329
9385,0.447689,27,86356
9386,0.192709,11,86367
9387,0.255092,16,86383
9388,0.206991,12,86395
9389,0.283563,19,86414
9390,0.433737,31,86445
9391,0.018254,1,86446
9392,0.196298,11,86457
9393,0.253803,14,86471
9394,0.144701,9,86480
9395,0.178108,12,86492
9396,0.218013,12,86504
9397,0.316199,18,86522
9398,0.266224,15,86537
9399,0.223187,13,86550
9400,0.012464,1,86551
9401,0.167069,9,86560
9402,0.371169,23,86583
9403,0.259489,17,86600
9404,0.181547,11,86611
9405,0.160121,9,86620
9406,0.095685,6,86626
9407,0.142987,8,86634
9408,0.144081,8,86642
9409,0.138524,8,86650
9410,0.147984,9,86659
9411,0.153879,9,86668
9412,0.177337,12,86680
9413,0.310997,19,86699
9414,0.230533,14,86713
9415,0.20116,11,86724
9416,0.258252,16,86740
9417,0.32575,18,86758
9418,0.071938,4,86762
9419,0.353484,20,86782
9420,0.236488,16,86798
9421,0.139839,8,86806
9422,0.273134,20,86826
9423,0.235903,13,86839
9424,0.191535,11,86850
9425,0.205315,13,86863
9426,0.407804,23,86886
9427,0.41543,26,86912
9428,0.349943,25,86937
9429,0.113292,6,86943
9430,0.219558,12,86955
9431,0.143404,8,86963
9432,0.443854,25,86988
9433,0.272125,15,87003
9434,0.193701,11,87014
9435,0.018336,1,87015
9436,0.009631,1,87016
9437,0.195403,11,87027
9438,0.234504,13,87040
9439,0.114551,9,87049
9440,0.1819,10,87059
9441,0.296993,18,87077
9442,0.164751,9,87086
9443,0.139641,8,87094
9444,0.229605,13,87107
9445,0.204005,13,87120
9446,0.009727,1,87121
9447,0.238377,16,87137
9448,0.1451,8,87145
9449,0.169725,12,87157
9450,0.216391,13,87170
9451,0.252664,18,87188
9452,0.335662,30,87218
9453,0.200387,11,87229
9454,0.292059,17,87246
9455,0.234605,14,87260
9456,0.221477,13,87273
9457,0.144356,8,87281
9458,0.325851,18,87299
9459,0.119542,7,87306
9460,0.108764,6,87312
9461,0.144989,8,87320
9462,0.191035,11,87331
9463,0.140974,9,87340
9464,0.202749,12,87352
9465,0.226456,14,87366
9466,0.331916,19,87385
9467,0.018721,1,87386
9468,0.194415,11,87397
9469,0.278679,16,87413
9470,0.310457,17,87430
9471,0.16856,10,87440
9472,0.257233,15,87455
9473,-0.210493,11,87466
9474,0.139038,8,87474
9475,0.183302,11,87485
9476,0.168254,10,87495
9477,0.339166,19,87514
9478,0.269676,16,87530
9479,0.265407,16,87546
9480,0.228778,14,87560
9481,0.142289,8,87568
9482,0.347999,29,87597
9483,0.209584,12,87609
9484,0.24386,15,87624
9485,0.195016,12,87636
9486,0.17126,11,87647
9487,0.018956,1,87648
9488,0.140904,8,87656
9489,0.270057,17,87673
9490,0.218151,14,87687
9491,0.142473,9,87696
9492,0.299009,18,87714
9493,0.016737,1,87715
9494,0.117869,8,87723
9495,0.122669,7,87730
9496,0.357181,20,87750
9497,0.213512,12,87762
9498,0.258771,16,87778
9499,0.219959,12,87790
9500,0.176069,10,87800
9501,0.053234,3,87803
9502,0.20593,12,87815
9503,0.120429,8,87823
9504,0.213911,16,87839
9505,0.567814,38,87877
9506,0.181906,11,87888
9507,0.185352,11,87899
9508,0.165167,10,87909
9509,0.305206,18,87927
9510,0.221693,12,87939
9511,0.168602,10,87949
9512,0.161083,10,87959
9513,0.312694,20,87979
9514,0.230395,13,87992
9515,0.10879,6,87998
9516,0.207497,12,88010
9517,0.206498,12,88022
9518,0.092148,5,88027
9519,0.205164,12,88039
9520,0.301383,22,88061
9521,0.278333,17,88078
9522,0.169269,11,88089
9523,0.178884,11,88100
9524,0.367269,23,88123
9525,0.300874,19,88142
9526,0.286926,20,88162
9527,0.12964,10,88172
9528,0.400429,27,88199
9529,0.240042,14,88213
9530,0.149596,8,88221
9531,0.258174,16,88237
9532,0.207729,13,88250
9533,0.123389,7,88257
9534,0.244577,14,88271
9535,0.155131,10,88281
9536,0.288355,24,88305
9537,0.172169,11,88316
9538,0.307205,17,88333
9539,0.281262,16,88349
9540,0.109269,7,88356
9541,0.157532,10,88366
9542,0.21386,13,88379
9543,0.187896,10,88389
9544,0.298742,19,88408
9545,0.125161,7,88415
9546,0.00859,1,88416
9547,0.505964,33,88449
9548,0.131131,9,88458
9549,0.528073,30,88488
9550,0.177841,12,88500
9551,0.34219,19,88519
9552,0.258824,17,88536
9553,0.197638,11,88547
9554,0.180743,12,88559
9555,0.302451,19,88578
9556,0.303822,17,88595
9557,0.310304,19,88614
9558,0.394538,22,88636
9559,0.207665,12,88648
9560,0.281046,20,88668
9561,0.381655,25,88693
9562,0.193938,11,88704
9563,0.186832,13,88717
9564,0.010113,1,88718
9565,0.159403,9,88727
9566,0.140021,10,88737
9567,0.161856,12,88749
9568,0.090965,5,88754
9569,0.292699,18,88772
9570,0.288231,17,88789
9571,0.138221,9,88798
9572,0.170923,10,88808
9573,0.235995,14,88822
9574,0.279467,18,88840
9575,0.223003,12,88852
9576,0.194603,12,88864
9577,0.033962,2,88866
9578,0.170367,12,88878
9579,0.334761,21,88899
9580,0.128606,8,88907
9581,0.335177,21,88928
9582,0.368245,34,88962
9583,0.183025,14,88976
9584,0.229098,13,88989
9585,0.231711,15,89004
9586,0.298828,20,89024
9587,0.225491,13,89037
9588,0.203462,11,89048
9589,0.331719,21,89069
9590,0.254249,14,89083
9591,0.222794,12,89095
9592,0.154096,9,89104
9593,0.11263,8,89112
9594,0.175625,10,89122
9595,0.343679,21,89143
9596,0.198129,12,89155
9597,0.25289,16,89171
9598,0.227733,13,89184
9599,0.191929,12,89196
9600,0.120622,7,89203
9601,0.371379,24,89227
9602,0.249988,14,89241
9603,0.227166,14,89255
9604,0.305487,17,89272
9605,0.225776,13,89285
9606,0.273778,20,89305
9607,0.207642,12,89317
9608,0.010739,1,89318
9609,0.263615,15,89333
9610,0.201759,12,89345
9611,0.32364,22,89367
9612,0.460303,26,89393
9613,0.235809,15,89408
9614,0.247943,16,89424
9615,0.160649,9,89433
9616,0.173927,11,89444
9617,0.320591,25,89469
9618,0.189128,15,89484
9619,0.104746,6,89490
9620,0.018259,1,89491
9621,0.373051,21,89512
9622,0.179324,12,89524
9623,0.174406,11,89535
9624,0.377641,24,89559
9625,0.215755,13,89572
9626,0.229049,14,89586
9627,0.247594,18,89604
9628,0.329332,20,89624
9629,0.329686,19,89643
9630,0.140533,10,89653
9631,0.231959,13,89666
9632,0.324233,19,89685
9633,0.280799,16,89701
9634,0.24563,15,89716
9635,0.111183,9,89725
9636,0.292983,17,89742
9637,0.016298,1,89743
9638,0.173048,10,89753
9639,0.17805,10,89763
9640,0.017711,1,89764
9641,0.29487,19,89783
9642,0.230908,13,89796
9643,0.018508,1,89797
9644,0.191803,11,89808
9645,0.15326,9,89817
9646,0.249307,16,89833
9647,0.226589,13,89846
9648,0.267142,16,89862
9649,0.204128,12,89874
9650,0.225943,13,89887
9651,0.295556,24,89911
9652,0.155527,9,89920
9653,0.210831,13,89933
9654,0.294357,17,89950
9655,0.155362,10,89960
9656,0.149406,8,89968
9657,0.182759,11,89979
9658,0.318108,20,89999
9659,0.18139,10,90009
9660,0.252716,14,90023
9661,0.191074,11,90034
9662,0.174359,12,90046
9663,0.163309,9,90055
9664,0.162417,9,90064
9665,0.215561,13,90077
9666,0.342659,21,90098
9667,0.27643,16,90114
9668,0.135231,8,90122
9669,0.285452,20,90142
9670,0.156237,10,90152
9671,0.2332,14,90166
9672,0.200419,11,90177
9673,0.199644,11,90188
9674,0.288049,16,90204
9675,0.196482,11,90215
9676,0.3399,26,90241
9677,0.218059,14,90255
9678,0.273039,17,90272
9679,0.143877,10,90282
9680,0.173087,13,90295
9681,0.293075,16,90311
9682,0.178168,10,90321
9683,0.253943,16,90337
9684,0.189274,12,90349
9685,0.272097,16,90365
9686,0.239256,14,90379
9687,0.298906,17,90396
9688,0.301648,23,90419
9689,0.175452,10,90429
9690,0.135822,9,90438
9691,0.288569,16,90454
9692,0.268397,21,90475
9693,0.213831,15,90490
9694,0.263196,15,90505
9695,0.178183,12,90517
9696,0.161179,9,90526
9697,0.177031,15,90541
9698,0.208892,12,90553
9699,0.343639,19,90572
9700,0.147339,9,90581
9701,0.182926,11,90592
9702,0.194177,11,90603
9703,0.208256,13,90616
9704,0.154588,10,90626
9705,0.01832,1,90627
9706,0.254271,15,90642
9707,0.129903,8,90650
9708,0.228865,15,90665
9709,0.264474,15,90680
9710,0.214881,15,90695
9711,0.18741,11,90706
9712,0.210124,12,90718
9713,0.183171,11,90729
9714,0.125034,7,90736
9715,0.225086,13,90749
9716,0.200959,11,90760
9717,0.175706,11,90771
9718,0.152993,9,90780
9719,0.398007,24,90804
9720,0.15309,9,90813
9721,0.336105,20,90833
9722,0.285909,16,90849
9723,0.264067,15,90864
9724,0.137662,9,90873
9725,0.163188,9,90882
9726,0.400994,23,90905
9727,0.232056,14,90919
9728,0.242259,14,90933
9729,0.198477,14,90947
9730,0.202923,12,90959
9731,0.143224,8,90967
9732,0.265172,15,90982
9733,0.109731,7,90989
9734,0.266909,15,91004
9735,0.195105,12,91016
9736,0.200407,12,91028
9737,0.018571,1,91029
9738,0.278402,19,91048
9739,0.128905,7,91055
9740,0.214849,13,91068
9741,0.160714,9,91077
9742,0.22644,15,91092
9743,0.181561,11,91103
9744,0.200597,12,91115
9745,0.358014,20,91135
9746,0.177825,10,91145
9747,0.252406,14,91159
9748,0.158121,9,91168
9749,0.391884,22,91190
9750,0.129576,7,91197
9751,0.154058,10,91207
9752,0.314427,18,91225
9753,0.255056,15,91240
9754,0.190068,12,91252
9755,0.108289,7,91259
9756,0.175388,10,91269
9757,0.186004,10,91279
9758,0.213922,12,91291
9759,0.345549,23,91314
9760,0.019789,1,91315
9761,0.384385,30,91345
9762,0.197576,12,91357
9763,0.205812,17,91374
9764,0.292131,16,91390
9765,0.51571,30,91420
9766,0.191357,11,91431
9767,0.116729,7,91438
9768,0.1467,10,91448
9769,0.16948,10,91458
9770,0.266304,15,91473
9771,0.180575,11,91484
9772,0.425191,26,91510
9773,0.228965,15,91525
9774,0.356331,20,91545
9775,0.159468,12,91557
9776,0.19231,11,91568
9777,0.204145,12,91580
9778,0.152085,9,91589
9779,0.344045,19,91608
9780,0.216796,12,91620
9781,0.189963,13,91633
9782,0.471804,26,91659
9783,0.172664,10,91669
9784,0.183385,10,91679
9785,0.211332,16,91695
9786,0.126316,9,91704
9787,0.165391,10,91714
9788,0.196767,11,91725
9789,0.241233,14,91739
9790,0.009283,1,91740
9791,0.177052,12,91752
9792,0.171778,11,91763
9793,0.188786,11,91774
9794,0.178278,12,91786
9795,0.125706,8,91794
9796,0.216792,12,91806
9797,0.141388,10,91816
9798,0.182529,11,91827
9799,0.247774,16,91843
9800,0.334756,19,91862
9801,0.215227,13,91875
9802,0.300082,19,91894
9803,0.016272,1,91895
9804,0.162131,10,91905
9805,0.243328,15,91920
9806,0.218081,12,91932
9807,0.372165,23,91955
9808,0.298099,18,91973
9809,0.348927,21,91994
9810,0.170495,10,92004
9811,0.149293,9,92013
9812,0.195642,11,92024
9813,0.234819,14,92038
9814,0.233571,13,92051
9815,0.197994,12,92063
9816,0.262065,17,92080
9817,0.165848,9,92089
9818,0.277925,20,92109
9819,0.255475,15,92124
9820,0.20495,13,92137
9821,0.230403,15,92152
9822,0.238341,15,92167
9823,0.303884,21,92188
9824,0.225112,14,92202
9825,0.351092,20,92222
9826,0.155961,9,92231
9827,0.14889,9,92240
9828,0.339171,21,92261
9829,0.288436,16,92277
9830,0.188413,12,92289
9831,0.237983,18,92307
9832,0.017294,1,92308
9833,0.296508,17,92325
9834,0.190629,12,92337
9835,0.165692,9,92346
9836,0.373754,21,92367
9837,0.198874,12,92379
9838,0.01523,1,92380
9839,0.283208,17,92397
9840,0.171328,12,92409
9841,0.366446,22,92431
9842,0.275736,16,92447
9843,0.127178,7,92454
9844,0.542946,32,92486
9845,0.232568,14,92500
9846,0.145656,9,92509
9847,0.551319,32,92541
9848,0.202578,11,92552
9849,0.198841,11,92563
9850,0.26127,18,92581
9851,0.266462,15,92596
9852,0.150501,11,92607
9853,0.221633,12,92619
9854,0.261044,18,92637
9855,0.143956,8,92645
9856,0.24846,17,92662
9857,0.160006,11,92673
9858,0.24093,15,92688
9859,0.309456,18,92706
9860,0.212924,14,92720
9861,0.260421,17,92737
9862,0.191484,13,92750
9863,0.322766,20,92770
9864,0.292354,17,92787
9865,0.016767,1,92788
9866,0.13589,8,92796
9867,0.14293,8,92804
9868,0.296776,18,92822
9869,0.206943,14,92836
9870,0.217895,12,92848
9871,0.333863,19,92867
9872,0.195144,11,92878
9873,0.163381,11,92889
9874,0.018208,1,92890
9875,0.269416,17,92907
9876,0.180067,12,92919
9877,0.296567,17,92936
9878,0.256868,14,92950
9879,0.358627,20,92970
9880,0.197427,11,92981
9881,0.293025,16,92997
9882,0.210254,12,93009
9883,0.171364,10,93019
9884,0.367564,21,93040
9885,0.232829,13,93053
9886,0.164713,9,93062
9887,0.14128,8,93070
9888,0.337312,20,93090
9889,0.201016,11,93101
9890,0.189978,11,93112
9891,0.207192,12,93124
9892,0.209614,14,93138
9893,0.106005,7,93145
9894,0.277401,16,93161
9895,0.112536,6,93167
9896,0.256819,14,93181
9897,0.188344,10,93191
9898,0.220943,13,93204
9899,0.143315,10,93214
9900,0.254272,14,93228
9901,0.175555,11,93239
9902,0.108745,6,93245
9903,0.159665,9,93254
9904,0.357464,24,93278
9905,0.241619,14,93292
9906,0.191306,11,93303
9907,0.19482,13,93316
9908,0.342511,22,93338
9909,0.211722,12,93350
9910,0.152923,9,93359
9911,0.157422,10,93369
9912,0.105149,6,93375
9913,0.183061,10,93385
9914,0.245909,16,93401
9915,0.292602,19,93420
9916,0.201314,13,93433
9917,0.236202,14,93447
9918,0.209796,12,93459
9919,0.223364,14,93473
9920,0.254364,18,93491
9921,0.18267,11,93502
9922,0.148009,8,93510
9923,0.296918,18,93528
9924,0.019693,1,93529
9925,0.190732,11,93540
9926,0.14731,10,93550
9927,0.255935,14,93564
9928,0.228006,13,93577
9929,0.112329,6,93583
9930,0.169943,10,93593
9931,0.132801,9,93602
9932,0.271782,20,93622
9933,0.161161,9,93631
9934,0.161743,10,93641
9935,0.257619,17,93658
9936,0.08264,6,93664
9937,0.161051,10,93674
9938,0.220778,13,93687
9939,0.181865,10,93697
9940,0.130227,7,93704
9941,0.210823,12,93716
9942,0.162713,11,93727
9943,0.160361,10,93737
9944,0.111634,6,93743
9945,0.013135,1,93744
9946,0.241962,14,93758
9947,0.184263,11,93769
9948,0.179718,10,93779
9949,0.25559,16,93795
9950,0.25809,15,93810
9951,0.306278,17,93827
9952,0.188124,11,93838
9953,0.197397,11,93849
9954,0.160794,10,93859
9955,0.218324,13,93872
9956,0.20869,14,93886
9957,0.257115,18,93904
9958,0.222551,15,93919
9959,0.293791,17,93936
9960,0.193507,11,93947
9961,0.560966,33,93980
9962,0.279823,18,93998
9963,0.1173,9,94007
9964,0.144519,10,94017
9965,0.05809,4,94021
9966,0.250349,14,94035
9967,0.307257,18,94053
9968,0.227284,13,94066
9969,0.095038,5,94071
9970,0.237737,14,94085
9971,0.161493,9,94094
9972,0.019425,1,94095
9973,0.254353,17,94112
9974,0.272043,15,94127
9975,0.267863,15,94142
9976,0.432184,26,94168
9977,0.164115,9,94177
9978,0.330017,18,94195
9979,0.224285,12,94207
9980,0.014489,1,94208
9981,0.268367,16,94224
9982,0.354186,20,94244
9983,0.262052,15,94259
9984,0.13639,8,94267
9985,0.173611,10,94277
9986,0.317405,18,94295
9987,0.149811,8,94303
9988,0.233293,15,94318
9989,0.196265,11,94329
9990,0.398153,24,94353
9991,0.210143,12,94365
9992,0.072317,4,94369
9993,0.436827,27,94396
9994,0.208586,13,94409
9995,0.261141,15,94424
9996,0.360654,21,94445
9997,0.354376,34,94479
9998,0.234127,15,94494
9999,0.199454,11,94505
10000,0.224246,16,94521
10001,0.217842,13,94534
10002,0.225536,13,94547
10003,0.235437,21,94568
10004,0.255989,15,94583
10005,0.152897,10,94593
10006,0.259679,16,94609
10007,0.252924,14,94623
10008,0.221177,12,94635
10009,0.196964,11,94646
10010,0.304123,17,94663
10011,0.389727,25,94688
10012,0.327458,21,94709
10013,0.282504,16,94725
10014,0.125291,7,94732
10015,0.221605,12,94744
10016,0.140489,9,94753
10017,0.123677,11,94764
10018,0.33276,19,94783
10019,0.091965,5,94788
10020,0.109665,6,94794
10021,0.214645,16,94810
10022,0.1256,7,94817
10023,0.159792,9,94826
10024,0.306488,17,94843
10025,0.184322,10,94853
10026,0.2538,14,94867
10027,0.219191,14,94881
10028,0.372983,31,94912
10029,0.116979,7,94919
10030,0.013637,1,94920
10031,0.143093,8,94928
10032,0.386134,23,94951
10033,0.345628,19,94970
10034,0.128873,8,94978
10035,0.127274,8,94986
10036,0.211801,14,95000
10037,0.215294,13,95013
10038,0.271863,21,95034
10039,0.358492,21,95055
10040,0.194236,11,95066
10041,0.013106,1,95067
10042,0.151097,10,95077
10043,0.334517,19,95096
10044,0.202797,11,95107
10045,0.279673,17,95124
10046,0.162133,9,95133
10047,0.260174,15,95148
10048,0.236033,15,95163
10049,0.183906,10,95173
10050,0.199404,11,95184
10051,0.183156,11,95195
10052,0.224503,12,95207
10053,0.285084,18,95225
10054,0.140087,8,95233
10055,0.187275,11,95244
10056,0.346717,24,95268
10057,0.182564,10,95278
10058,0.015805,1,95279
10059,0.216965,13,95292
10060,0.234111,14,95306
10061,0.217321,12,95318
10062,0.146173,8,95326
10063,0.208505,12,95338
10064,0.220261,12,95350
10065,0.246561,16,95366
10066,0.261916,15,95381
10067,0.330334,19,95400
10068,0.293251,17,95417
10069,0.234131,13,95430
10070,0.400667,22,95452
10071,0.265029,18,95470
10072,0.27622,15,95485
10073,0.207524,12,95497
10074,0.246194,14,95511
10075,0.200906,12,95523
10076,0.209025,13,95536
10077,0.302808,17,95553
10078,0.197985,11,95564
10079,0.181145,12,95576
10080,0.155338,9,95585
10081,0.178132,10,95595
10082,0.142532,8,95603
10083,0.199032,12,95615
10084,0.018837,1,95616
10085,0.224781,14,95630
10086,0.269224,15,95645
10087,0.180787,12,95657
10088,0.265106,16,95673
10089,0.201594,12,95685
10090,0.161776,10,95695
10091,0.01594,1,95696
10092,0.339262,19,95715
10093,0.105349,7,95722
10094,0.198504,11,95733
10095,0.253648,15,95748
10096,0.280524,16,95764
10097,0.291166,17,95781
10098,0.213863,14,95795
10099,0.272125,15,95810
10100,0.323966,18,95828
10101,0.272262,15,95843
10102,0.278366,16,95859
10103,0.225897,13,95872
10104,0.234943,13,95885
10105,0.307869,19,95904
10106,0.237693,13,95917
10107,0.481366,27,95944
10108,0.016507,1,95945
10109,0.159557,10,95955
10110,0.15595,9,95964
10111,0.10372,6,95970
10112,0.244112,14,95984
10113,0.241557,15,95999
10114,0.207783,14,96013
10115,0.191285,13,96026
10116,0.29671,20,96046
10117,0.113318,6,96052
10118,0.151615,9,96061
10119,0.20219,11,96072
10120,0.236085,14,96086
10121,0.302147,17,96103
10122,0.189162,12,96115
10123,0.352035,21,96136
10124,0.26044,15,96151
10125,0.152193,9,96160
10126,0.317574,18,96178
10127,0.234919,14,96192
10128,0.206475,13,96205
10129,0.186537,12,96217
10130,0.187094,11,96228
10131,0.202384,11,96239
10132,0.408656,23,96262
10133,0.129121,7,96269
10134,0.139015,8,96277
10135,0.184691,11,96288
10136,0.238244,13,96301
10137,0.178675,10,96311
10138,0.231891,14,96325
10139,0.277942,22,96347
10140,0.25393,15,96362
10141,0.26273,15,96377
10142,0.177597,10,96387
10143,0.076377,4,96391
10144,0.241052,16,96407
10145,0.242682,13,96420
10146,0.150985,9,96429
10147,0.176151,15,96444
10148,0.265471,17,96461
10149,0.259129,16,96477
10150,0.012194,1,96478
10151,0.224172,14,96492
10152,0.152906,9,96501
10153,0.116266,8,96509
10154,0.375225,23,96532
10155,0.1806,11,96543
10156,0.229471,15,96558
10157,0.258768,18,96576
10158,0.301059,17,96593
10159,0.257493,18,96611
10160,0.342324,21,96632
10161,0.018575,1,96633
10162,0.242475,16,96649
10163,0.069253,4,96653
10164,0.235529,19,96672
10165,0.246078,15,96687
10166,0.278486,16,96703
10167,0.275133,15,96718
10168,0.22691,14,96732
10169,0.112419,8,96740
10170,0.161544,9,96749
10171,0.223956,14,96763
10172,0.161826,9,96772
10173,0.164421,9,96781
10174,0.225821,13,96794
10175,0.177418,11,96805
10176,0.053125,3,96808
10177,0.25494,14,96822
10178,0.183812,10,96832
10179,0.181875,11,96843
10180,0.382198,21,96864
10181,0.305713,18,96882
10182,0.311786,18,96900
10183,0.239139,15,96915
10184,0.207464,12,96927
10185,0.018125,1,96928
10186,0.236718,13,96941
10187,0.193831,11,96952
10188,0.187648,12,96964
10189,0.23807,14,96978
10190,0.298547,21,96999
10191,0.229172,13,97012
10192,0.303091,17,97029
10193,0.274077,15,97044
10194,0.563873,34,97078
10195,0.16216,10,97088
10196,0.241927,17,97105
10197,0.175712,10,97115
10198,0.265688,15,97130
10199,0.263097,18,97148
10200,0.233771,13,97161
10201,0.185586,10,97171
10202,0.337004,25,97196
10203,0.141077,8,97204
10204,0.145682,10,97214
10205,0.164937,10,97224
10206,0.310964,17,97241
10207,0.07615,33,97274
10208,0.148957,8,97282
10209,0.387305,23,97305
10210,0.264877,16,97321
10211,0.339039,24,97345
10212,0.225206,13,97358
10213,0.134605,9,97367
10214,0.123517,7,97374
10215,0.123033,7,97381
10216,0.181248,10,97391
10217,0.259286,18,97409
10218,0.017509,1,97410
10219,0.336423,19,97429
10220,0.203131,13,97442
10221,0.222406,12,97454
10222,0.166112,9,97463
10223,0.200552,13,97476
10224,0.247806,14,97490
10225,0.229614,13,97503
10226,0.218677,13,97516
10227,0.018242,1,97517
10228,0.242142,14,97531
10229,0.206657,13,97544
10230,0.228199,15,97559
10231,0.299823,17,97576
10232,0.208925,13,97589
10233,0.254483,16,97605
10234,0.081969,5,97610
10235,0.191735,11,97621
10236,0.175464,12,97633
10237,0.109295,6,97639
10238,0.374448,24,97663
10239,0.185267,10,97673
10240,0.18363,10,97683
10241,0.413891,24,97707
10242,0.181426,12,97719
10243,0.198171,11,97730
10244,0.203561,13,97743
10245,0.128302,7,97750
10246,0.181992,12,97762
10247,0.180806,11,97773
10248,0.196026,12,97785
10249,0.223452,16,97801
10250,0.145707,8,97809
10251,0.323812,19,97828
10252,0.205987,13,97841
10253,0.336505,21,97862
10254,0.16035,9,97871
10255,0.183558,10,97881
10256,0.112266,6,97887
10257,0.128069,7,97894
10258,0.239602,14,97908
10259,0.198237,14,97922
10260,0.091294,5,97927
10261,0.362096,31,97958
10262,0.164025,9,97967
10263,0.371545,21,97988
10264,0.182125,11,97999
10265,0.15263,10,98009
10266,0.20415,12,98021
10267,0.270077,17,98038
10268,0.276874,16,98054
10269,0.220005,14,98068
10270,0.190981,11,98079
10271,0.15513,10,98089
10272,0.32383,23,98112
10273,0.207376,12,98124
10274,0.244229,14,98138
10275,0.190959,11,98149
10276,0.327532,18,98167
10277,0.160132,9,98176
10278,0.282763,17,98193
10279,0.274613,19,98212
10280,0.279788,16,98228
10281,0.191437,11,98239
10282,0.016361,1,98240
10283,0.486051,30,98270
10284,0.221325,13,98283
10285,0.201823,12,98295
10286,0.163513,11,98306
10287,0.171987,10,98316
10288,0.267767,16,98332
10289,0.015951,1,98333
10290,0.254858,15,98348
10291,0.235814,16,98364
10292,0.215149,13,98377
10293,0.246121,14,98391
10294,0.25252,23,98414
10295,0.232565,14,98428
10296,0.151821,9,98437
10297,0.01618,1,98438
10298,0.113899,6,98444
10299,0.257237,14,98458
10300,0.01956,1,98459
10301,0.450799,25,98484
10302,0.275223,15,98499
10303,0.127259,10,98509
10304,0.25695,15,98524
10305,0.378501,26,98550
10306,0.259329,14,98564
10307,0.375615,23,98587
10308,0.202079,11,98598
10309,0.01716,1,98599
10310,0.237814,16,98615
10311,0.477385,28,98643
10312,0.177041,10,98653
10313,0.499012,30,98683
10314,0.229961,16,98699
10315,0.162663,9,98708
10316,0.202633,14,98722
10317,0.250538,15,98737
10318,0.221817,15,98752
10319,0.07277,4,98756
10320,0.304737,17,98773
10321,0.122904,7,98780
10322,0.303631,19,98799
10323,0.019972,1,98800
10324,0.108113,6,98806
10325,0.248091,17,98823
10326,0.200517,11,98834
10327,0.128443,7,98841
10328,0.216148,12,98853
10329,0.167244,9,98862
10330,0.314031,17,98879
10331,0.292056,16,98895
10332,0.14987,9,98904
10333,0.179687,10,98914
10334,0.168857,10,98924
10335,0.410178,27,98951
10336,0.148349,8,98959
10337,0.270213,16,98975
10338,0.226143,13,98988
10339,0.360348,22,99010
10340,0.299142,17,99027
10341,0.182894,11,99038
10342,0.666072,39,99077
10343,0.179817,11,99088
10344,0.211401,13,99101
10345,0.321039,18,99119
10346,0.164283,9,99128
10347,0.482713,28,99156
10348,0.256168,18,99174
10349,0.019472,1,99175
10350,0.260484,15,99190
10351,0.156605,9,99199
10352,0.109264,7,99206
10353,0.456118,30,99236
10354,0.488198,27,99263
10355,0.217426,15,99278
10356,0.166406,10,99288
10357,0.016227,1,99289
10358,0.233249,13,99302
10359,0.230557,14,99316
10360,0.163999,9,99325
10361,0.15468,11,99336
10362,0.218331,12,99348
10363,0.193325,13,99361
10364,0.355629,27,99388
10365,0.144928,8,99396
10366,0.412395,32,99428
10367,0.351984,20,99448
10368,0.169836,10,99458
10369,0.288924,16,99474
10370,0.187104,12,99486
10371,0.207093,12,99498
10372,0.310945,20,99518
10373,0.218142,12,99530
10374,0.181683,10,99540
10375,0.194015,11,99551
10376,0.017906,1,99552
10377,0.094238,5,99557
10378,0.178743,10,99567
10379,0.272641,15,99582
10380,0.238506,13,99595
10381,0.21503,12,99607
10382,0.373837,22,99629
10383,0.201116,12,99641
10384,0.180088,10,99651
10385,0.238997,14,99665
10386,0.307988,20,99685
10387,0.219298,13,99698
10388,0.167205,11,99709
10389,0.182684,11,99720
10390,0.347518,20,99740
10391,0.235463,17,99757
10392,0.301559,17,99774
10393,0.017701,1,99775
10394,0.141289,9,99784
10395,0.171361,10,99794
10396,0.238937,14,99808
10397,0.262041,16,99824
10398,0.299129,17,99841
10399,0.576206,32,99873
10400,0.154949,11,99884
10401,0.074631,4,99888
10402,0.317858,18,99906
10403,0.130857,7,99913
10404,0.1714,11,99924
10405,0.128273,7,99931
10406,0.21624,13,99944
10407,0.111297,6,99950
10408,0.088665,5,99955
10409,0.218711,14,99969
10410,0.15516,9,99978
10411,0.173486,11,99989
10412,0.212489,13,100002
10413,0.196682,12,100014
10414,0.195129,12,100026
10415,0.235575,18,100044
10416,0.157601,9,100053
10417,0.018588,1,100054
10418,0.194877,13,100067
10419,0.187696,12,100079
10420,0.252501,14,100093
10421,0.184768,10,100103
10422,0.263498,16,100119
10423,0.184106,11,100130
10424,0.225699,13,100143
10425,0.211734,12,100155
10426,0.086521,6,100161
10427,0.177805,10,100171
10428,0.245987,14,100185
10429,0.383354,22,100207
10430,0.172772,12,100219
10431,0.200781,13,100232
10432,0.196639,14,100246
10433,0.015263,1,100247
10434,0.114226,8,100255
10435,0.217099,12,100267
10436,0.243807,14,100281
10437,0.283571,16,100297
10438,0.18521,11,100308
10439,0.21455,13,100321
10440,0.179147,10,100331
10441,0.208295,12,100343
10442,0.199668,12,100355
10443,0.370956,23,100378
10444,0.305365,17,100395
10445,0.016303,1,100396
10446,0.222995,14,100410
10447,0.161545,9,100419
10448,0.26553,15,100434
10449,0.122211,7,100441
10450,0.198608,12,100453
10451,0.506246,28,100481
10452,0.246858,14,100495
10453,0.361446,20,100515
10454,0.168483,9,100524
10455,0.276306,16,100540
10456,0.204597,12,100552
10457,0.311485,18,100570
10458,0.311557,19,100589
10459,0.28169,17,100606
10460,0.451379,26,100632
10461,0.163323,9,100641
10462,0.257519,14,100655
10463,0.187815,11,100666
10464,0.399172,23,100689
10465,0.582442,39,100728
10466,0.182376,11,100739
10467,-0.059415,22,100761
10468,0.138935,9,100770
10469,0.20883,12,100782
10470,0.163635,11,100793
10471,0.193717,11,100804
10472,0.296244,18,100822
10473,0.018196,1,100823
10474,0.284462,19,100842
10475,0.17771,11,100853
10476,0.355701,20,100873
10477,0.334321,19,100892
10478,0.228513,13,100905
10479,0.318537,18,100923
10480,0.245789,14,100937
10481,0.234072,13,100950
10482,0.315208,19,100969
10483,0.219325,12,100981
10484,0.490384,30,101011
10485,0.165762,9,101020
10486,0.184192,10,101030
10487,0.177325,10,101040
10488,0.224031,15,101055
10489,0.339701,20,101075
10490,0.252452,15,101090
10491,0.20934,12,101102
10492,0.232364,17,101119
10493,0.428599,25,101144
10494,0.149787,8,101152
10495,0.203489,13,101165
10496,0.24865,18,101183
10497,0.112515,6,101189
10498,0.162029,11,101200
10499,0.19263,16,101216
10500,0.117996,7,101223
10501,0.187819,11,101234
10502,0.211171,13,101247
10503,0.228924,14,101261
10504,0.189765,11,101272
10505,0.393104,26,101298
10506,0.222927,13,101311
10507,0.398102,26,101337
10508,0.320038,19,101356
10509,0.191758,12,101368
10510,0.274809,16,101384
10511,0.475795,27,101411
10512,0.338643,24,101435
10513,0.345462,30,101465
10514,0.184705,11,101476
10515,0.192074,11,101487
10516,0.169209,10,101497
10517,0.148883,11,101508
10518,0.218739,12,101520
10519,0.213414,12,101532
10520,0.293186,22,101554
10521,0.093568,5,101559
10522,0.17496,11,101570
10523,0.279708,15,101585
10524,0.123164,7,101592
10525,0.189357,11,101603
10526,0.345786,20,101623
10527,0.220097,15,101638
10528,0.400506,28,101666
10529,0.232919,13,101679
10530,0.216048,14,101693
10531,0.157759,10,101703
10532,0.403937,24,101727
10533,0.242131,14,101741
10534,0.22225,13,101754
10535,0.177747,11,101765
10536,0.23697,18,101783
10537,0.200674,13,101796
10538,0.2908,17,101813
10539,0.481465,28,101841
10540,0.325776,19,101860
10541,0.380547,21,101881
10542,0.110649,6,101887
10543,0.241442,14,101901
10544,0.160644,9,101910
10545,0.275514,18,101928
10546,0.272623,15,101943
10547,0.177665,10,101953
10548,0.118427,7,101960
10549,0.273328,16,101976
10550,0.25877,15,101991
10551,0.405156,23,102014
10552,0.172786,12,102026
10553,0.388151,22,102048
10554,0.185244,11,102059
10555,0.016938,1,102060
10556,0.290646,16,102076
10557,0.019932,1,102077
10558,0.298993,18,102095
10559,0.27562,15,102110
10560,0.470022,27,102137
10561,0.186811,11,102148
10562,0.171094,11,102159
10563,0.016494,1,102160
10564,0.262747,15,102175
10565,0.363454,22,102197
10566,0.209992,15,102212
10567,0.214584,12,102224
10568,0.171717,10,102234
10569,0.368409,26,102260
10570,0.257474,15,102275
10571,0.307028,19,102294
10572,0.225078,13,102307
10573,0.199138,12,102319
10574,0.256616,15,102334
10575,0.200585,15,102349
10576,0.018298,1,102350
10577,0.198088,18,102368
10578,0.377566,21,102389
10579,0.187152,11,102400
10580,0.670493,41,102441
10581,0.182253,12,102453
10582,0.114307,7,102460
10583,0.246595,16,102476
10584,0.156325,10,102486
10585,0.18025,11,102497
10586,0.147659,8,102505
10587,0.249434,15,102520
10588,0.129222,8,102528
10589,0.013847,1,102529
10590,0.181814,12,102541
10591,0.27037,15,102556
10592,0.169893,10,102566
10593,0.017085,1,102567
10594,0.340286,28,102595
10595,0.307979,17,102612
10596,0.167403,9,102621
10597,0.287476,17,102638
10598,0.180993,10,102648
10599,0.42336,24,102672
10600,0.20981,13,102685
10601,0.173018,10,102695
10602,0.171019,13,102708
10603,0.421909,23,102731
10604,0.293696,16,102747
10605,0.22928,13,102760
10606,0.302774,17,102777
10607,0.146236,8,102785
10608,0.208961,13,102798
10609,0.051107,3,102801
10610,0.195418,11,102812
10611,0.205702,14,102826
10612,0.429124,27,102853
10613,0.140941,9,102862
10614,0.197647,12,102874
10615,0.220917,12,102886
10616,0.285454,16,102902
10617,0.156208,10,102912
10618,0.355026,20,102932
10619,0.184053,10,102942
10620,0.187556,10,102952
10621,0.184467,10,102962
10622,0.42837,27,102989
10623,0.287927,21,103010
10624,0.169776,11,103021
10625,0.190826,12,103033
10626,0.149704,9,103042
10627,0.269612,20,103062
10628,0.194626,13,103075
10629,0.202602,15,103090
10630,0.182435,11,103101
10631,0.147627,9,103110
10632,0.152353,9,103119
10633,0.301369,19,103138
10634,0.210159,14,103152
10635,0.211507,13,103165
10636,0.139518,9,103174
10637,0.357426,20,103194
10638,0.237357,13,103207
10639,0.266502,16,103223
10640,0.242495,14,103237
10641,0.197911,12,103249
10642,0.299707,18,103267
10643,0.033616,2,103269
10644,0.127387,7,103276
10645,0.283586,29,103305
10646,0.257961,17,103322
10647,0.23735,14,103336
10648,0.422473,25,103361
10649,0.238643,15,103376
10650,0.07892,6,103382
10651,0.150531,10,103392
10652,0.300439,19,103411
10653,0.210939,12,103423
10654,0.019577,1,103424
10655,0.399877,23,103447
10656,0.155246,11,103458
10657,0.417747,24,103482
10658,0.319564,23,103505
10659,0.303215,20,103525
10660,0.111973,6,103531
10661,0.32054,21,103552
10662,0.147754,8,103560
10663,0.203851,12,103572
10664,0.282972,16,103588
10665,0.084823,5,103593
10666,0.312397,17,103610
10667,0.331062,19,103629
10668,0.215584,16,103645
10669,0.246686,14,103659
10670,0.380019,21,103680
10671,0.183593,12,103692
10672,0.199903,12,103704
10673,0.273557,16,103720
10674,0.212094,17,103737
10675,0.259757,15,103752
10676,0.441021,28,103780
10677,0.200435,13,103793
10678,0.301041,18,103811
10679,0.151001,9,103820
10680,0.41644,23,103843
10681,0.322509,22,103865
10682,0.070412,4,103869
10683,0.031509,2,103871
10684,0.164408,11,103882
10685,0.287047,16,103898
10686,0.274205,15,103913
10687,0.470278,27,103940
10688,0.268729,15,103955
10689,0.274362,18,103973
10690,0.310158,17,103990
10691,0.302264,18,104008
10692,0.305914,17,104025
10693,0.274727,16,104041
10694,0.234354,15,104056
10695,0.332751,28,104084
10696,0.140923,10,104094
10697,0.143096,8,104102
10698,0.226542,15,104117
10699,0.355967,22,104139
10700,0.309225,17,104156
10701,0.131121,8,104164
10702,0.154173,10,104174
10703,0.016424,1,104175
10704,0.299942,17,104192
10705,0.133478,9,104201
10706,0.03591,2,104203
10707,0.34627,19,104222
10708,0.270208,18,104240
10709,0.183737,10,104250
10710,0.211773,12,104262
10711,0.237327,14,104276
10712,0.312821,21,104297
10713,0.228054,14,104311
10714,0.2304,14,104325
10715,0.182752,12,104337
10716,0.183457,10,104347
10717,0.649107,49,104396
10718,0.143015,9,104405
10719,0.22113,14,104419
10720,0.235575,14,104433
10721,0.107766,6,104439
10722,0.237655,14,104453
10723,0.191469,11,104464
10724,0.283974,16,104480
10725,0.270968,15,104495
10726,0.382422,22,104517
10727,0.226963,14,104531
10728,0.284147,17,104548
10729,0.221968,12,104560
10730,0.195332,14,104574
10731,0.018466,1,104575
10732,0.174748,11,104586
10733,0.384126,21,104607
10734,0.157624,9,104616
10735,0.173148,10,104626
10736,0.332139,20,104646
10737,0.434361,27,104673
10738,0.25408,14,104687
10739,0.214046,13,104700
10740,0.170011,15,104715
10741,0.211584,14,104729
10742,0.222001,13,104742
10743,0.312274,17,104759
10744,0.417787,23,104782
10745,0.211623,12,104794
10746,0.175448,11,104805
10747,0.242619,15,104820
10748,0.180536,11,104831
10749,0.201416,13,104844
10750,0.191846,11,104855
10751,0.235862,13,104868
10752,0.20317,11,104879
10753,0.152854,9,104888
10754,0.159414,9,104897
10755,0.165193,9,104906
10756,0.24433,16,104922
10757,0.212183,13,104935
10758,0.323613,24,104959
10759,0.218085,12,104971
10760,0.247808,14,104985
10761,0.171258,10,104995
10762,0.275324,15,105010
10763,0.193249,13,105023
10764,0.140976,8,105031
10765,0.038818,2,105033
10766,0.340848,20,105053
10767,0.254398,15,105068
10768,0.296402,18,105086
10769,0.330619,20,105106
10770,0.293028,16,105122
10771,0.34452,31,105153
10772,0.015473,1,105154
10773,0.164642,9,105163
10774,0.230932,17,105180
10775,0.284228,18,105198
10776,0.18583,12,105210
10777,0.274446,16,105226
10778,0.221011,13,105239
10779,0.283344,19,105258
10780,0.451345,25,105283
10781,0.188565,11,105294
10782,0.189756,13,105307
10783,0.136925,10,105317
10784,0.145269,8,105325
10785,0.178634,11,105336
10786,0.014338,1,105337
10787,0.114783,7,105344
10788,0.524341,30,105374
10789,0.284813,18,105392
10790,0.230695,13,105405
10791,0.250328,15,105420
10792,0.054581,3,105423
10793,0.212131,14,105437
10794,0.425244,24,105461
10795,0.246565,15,105476
10796,0.126018,7,105483
10797,0.283653,16,105499
10798,0.397126,23,105522
10799,0.215746,12,105534
10800,0.200068,12,105546
10801,0.219253,13,105559
10802,0.195483,12,105571
10803,0.093162,5,105576
10804,0.273539,16,105592
10805,0.267419,15,105607
10806,0.256373,15,105622
10807,0.140297,8,105630
10808,0.362857,20,105650
10809,0.239624,13,105663
10810,0.215781,15,105678
10811,0.147263,9,105687
10812,0.258599,15,105702
10813,0.464165,28,105730
10814,0.519945,29,105759
10815,0.140486,8,105767
10816,0.224971,14,105781
10817,0.166935,9,105790
10818,0.268969,16,105806
10819,0.543323,35,105841
10820,0.245937,14,105855
10821,0.218464,13,105868
10822,0.436604,24,105892
10823,0.248579,14,105906
10824,0.314529,19,105925
10825,0.325043,19,105944
10826,0.249223,14,105958
10827,0.099155,6,105964
10828,0.1165,7,105971
10829,0.44776,25,105996
10830,0.232713,13,106009
10831,0.223675,13,106022
10832,0.137369,8,106030
10833,0.114655,33,106063
10834,0.310302,17,106080
10835,0.190954,11,106091
10836,0.32849,20,106111
10837,0.367303,21,106132
10838,0.235465,14,106146
10839,0.34196,21,106167
10840,0.190948,11,106178
10841,0.312008,18,106196
10842,0.37685,21,106217
10843,0.217302,12,106229
10844,0.189141,15,106244
10845,0.616685,34,106278
10846,0.210569,12,106290
10847,0.182991,10,106300
10848,0.012934,1,106301
10849,0.242994,14,106315
10850,0.194195,11,106326
10851,0.055699,3,106329
10852,0.159614,9,106338
10853,0.240293,15,106353
10854,0.018225,1,106354
10855,0.219144,12,106366
10856,0.381767,25,106391
10857,0.288526,17,106408
10858,0.01877,1,106409
10859,0.489827,32,106441
10860,0.198272,11,106452
10861,0.172063,10,106462
10862,0.175542,10,106472
10863,0.285711,16,106488
10864,0.184038,14,106502
10865,0.396648,22,106524
10866,0.183676,12,106536
10867,0.282795,17,106553
10868,0.127944,8,106561
10869,0.440506,28,106589
10870,0.163541,10,106599
10871,0.294182,17,106616
10872,0.330274,18,106634
10873,0.208946,12,106646
10874,0.18337,11,106657
10875,0.304214,19,106676
10876,0.172029,11,106687
10877,0.26205,18,106705
10878,0.241008,15,106720
10879,0.270608,17,106737
10880,0.305626,17,106754
10881,0.182266,10,106764
10882,0.293565,16,106780
10883,0.234034,13,106793
10884,0.410164,34,106827
10885,0.340558,19,106846
10886,0.135609,9,106855
10887,0.386637,24,106879
10888,0.270642,16,106895
10889,0.156416,9,106904
10890,0.016028,1,106905
10891,0.282774,19,106924
10892,0.35516,25,106949
10893,0.547367,32,106981
10894,0.177979,11,106992
10895,0.275044,20,107012
10896,0.254368,17,107029
10897,0.224155,16,107045
10898,0.167483,11,107056
10899,0.16121,11,107067
10900,0.171725,10,107077
10901,0.221085,14,107091
10902,0.222826,14,107105
10903,0.318643,22,107127
10904,0.443908,26,107153
10905,0.302183,17,107170
10906,0.260321,15,107185
10907,0.193254,13,107198
10908,0.347887,20,107218
10909,0.280431,16,107234
10910,0.189423,12,107246
10911,0.489447,27,107273
10912,0.299595,18,107291
10913,0.233681,13,107304
10914,0.26069,15,107319
10915,0.360047,20,107339
10916,0.330208,18,107357
10917,0.22046,15,107372
10918,0.249571,16,107388
10919,0.195097,11,107399
10920,0.341944,19,107418
10921,0.235114,16,107434
10922,0.318719,21,107455
10923,0.36847,21,107476
10924,0.243628,19,107495
10925,0.22922,13,107508
10926,0.228707,13,107521
10927,0.20004,12,107533
10928,0.219368,13,107546
10929,0.259587,15,107561
10930,0.051472,3,107564
10931,0.337244,22,107586
10932,0.174304,14,107600
10933,0.213562,12,107612
10934,0.502841,29,107641
10935,0.190632,12,107653
10936,0.203651,13,107666
10937,0.203843,12,107678
10938,0.288983,17,107695
10939,0.213854,14,107709
10940,0.25508,14,107723
10941,0.178957,10,107733
10942,0.192213,12,107745
10943,0.190795,11,107756
10944,0.203749,12,107768
10945,0.232203,14,107782
10946,0.014627,1,107783
10947,0.357888,20,107803
10948,0.344554,20,107823
10949,0.217249,12,107835
10950,0.249992,14,107849
10951,0.173154,11,107860
10952,0.275986,19,107879
10953,0.328097,19,107898
10954,0.322205,19,107917
10955,0.15521,10,107927
10956,0.353273,20,107947
10957,0.095581,7,107954
10958,0.167734,10,107964
10959,0.106729,7,107971
10960,0.145436,8,107979
10961,0.177427,10,107989
10962,0.201189,12,108001
10963,0.174056,10,108011
10964,0.180676,12,108023
10965,0.582444,33,108056
10966,0.165593,10,108066
10967,0.297277,20,108086
10968,0.241585,14,108100
10969,0.106192,7,108107
10970,0.187102,12,108119
10971,0.252776,15,108134
10972,0.329478,19,108153
10973,0.277896,16,108169
10974,0.201559,12,108181
10975,0.222593,13,108194
10976,0.360091,20,108214
10977,0.264192,18,108232
10978,0.18701,12,108244
10979,0.476051,30,108274
10980,0.361978,21,108295
10981,0.249692,15,108310
10982,0.285538,18,108328
10983,0.259776,17,108345
10984,0.254309,14,108359
10985,0.325596,18,108377
10986,0.212949,12,108389
10987,0.60652,36,108425
10988,0.159816,12,108437
10989,0.167891,9,108446
10990,0.229149,14,108460
10991,0.214463,14,108474
10992,0.019438,1,108475
10993,0.236139,16,108491
10994,0.150775,9,108500
10995,0.176871,10,108510
10996,0.31432,18,108528
10997,0.344377,19,108547
10998,0.132678,7,108554
10999,0.254862,18,108572
11000,0.238324,14,108586
11001,0.169063,13,108599
11002,0.157159,9,108608
11003,0.327785,23,108631
11004,0.246277,14,108645
11005,0.190954,14,108659
11006,0.259048,15,108674
11007,0.201925,11,108685
11008,0.234068,13,108698
11009,0.444087,25,108723
11010,0.203863,13,108736
11011,0.230028,14,108750
11012,0.334445,19,108769
11013,0.242733,17,108786
11014,0.383494,25,108811
11015,0.01418,1,108812
11016,0.11114,6,108818
11017,0.185022,11,108829
11018,0.256919,14,108843
11019,0.240008,13,108856
11020,0.164381,9,108865
11021,0.20052,11,108876
11022,0.164848,9,108885
11023,0.26219,15,108900
11024,0.360438,23,108923
11025,0.234467,14,108937
11026,0.168765,9,108946
11027,0.382845,21,108967
11028,0.264754,15,108982
11029,0.178079,12,108994
11030,0.22272,14,109008
11031,0.200409,11,109019
11032,0.2136,14,109033
11033,0.310635,17,109050
11034,0.206504,12,109062
11035,0.184703,10,109072
11036,0.216052,14,109086
11037,0.35369,22,109108
11038,0.229372,14,109122
11039,0.201924,11,109133
11040,0.169182,10,109143
11041,0.355252,24,109167
11042,0.23313,15,109182
11043,0.219684,13,109195
11044,0.232015,13,109208
11045,0.261763,15,109223
11046,0.18926,11,109234
11047,0.243946,17,109251
11048,0.226143,13,109264
11049,0.236146,13,109277
11050,0.277951,16,109293
11051,0.20895,12,109305
11052,0.252609,15,109320
11053,0.30458,18,109338
11054,0.144909,8,109346
11055,0.344084,24,109370
11056,0.199508,13,109383
11057,0.207173,13,109396
11058,0.271159,18,109414
11059,0.285179,17,109431
11060,0.149121,9,109440
11061,0.143434,8,109448
11062,0.125648,7,109455
11063,0.316923,19,109474
11064,0.256036,16,109490
11065,0.01773,1,109491
11066,0.186935,11,109502
11067,0.282871,16,109518
11068,0.253713,14,109532
11069,0.256102,16,109548
11070,0.186606,11,109559
11071,0.233024,14,109573
11072,0.169751,10,109583
11073,0.26377,16,109599
11074,0.328672,36,109635
11075,0.222,14,109649
11076,0.269738,17,109666
11077,0.178269,10,109676
11078,0.182459,11,109687
11079,0.17512,11,109698
11080,0.331959,19,109717
11081,0.29033,22,109739
11082,0.207886,14,109753
11083,0.347831,20,109773
11084,0.32963,20,109793
11085,0.070388,4,109797
11086,0.18047,11,109808
11087,0.480256,38,109846
11088,0.155106,11,109857
11089,0.146081,8,109865
11090,0.185753,10,109875
11091,0.209866,13,109888
11092,0.308451,17,109905
11093,0.031201,2,109907
11094,0.367841,20,109927
11095,0.128639,8,109935
11096,0.200474,12,109947
11097,0.178856,11,109958
11098,0.221124,15,109973
11099,0.287527,16,109989
11100,0.132487,7,109996
11101,0.327078,20,110016
11102,0.112775,6,110022
11103,0.496907,30,110052
11104,0.019115,1,110053
11105,0.175255,11,110064
11106,0.210568,13,110077
11107,0.396342,23,110100
11108,0.18242,10,110110
11109,0.408818,24,110134
11110,0.361279,20,110154
11111,0.151337,8,110162
11112,0.454637,25,110187
11113,0.227927,14,110201
11114,0.019988,1,110202
11115,0.091763,5,110207
11116,0.19989,12,110219
11117,0.170993,11,110230
11118,0.011757,1,110231
11119,0.206579,13,110244
11120,0.211077,12,110256
11121,0.204854,12,110268
11122,0.169738,12,110280
11123,0.1897,11,110291
11124,0.261982,15,110306
11125,0.377178,21,110327
11126,0.243616,21,110348
11127,0.296244,17,110365
11128,0.212772,13,110378
11129,0.254081,14,110392
11130,0.339984,21,110413
11131,0.230468,14,110427
11132,0.257969,15,110442
11133,0.22039,12,110454
11134,0.261705,15,110469
11135,0.453287,27,110496
11136,0.272294,15,110511
11137,0.22989,13,110524
11138,0.34378,20,110544
11139,0.263137,15,110559
11140,0.299893,25,110584
11141,0.235552,14,110598
11142,0.206954,14,110612
11143,0.204004,11,110623
11144,0.221866,13,110636
11145,0.31589,21,110657
11146,0.221271,13,110670
11147,0.163571,10,110680
11148,0.265244,18,110698
11149,0.265905,15,110713
11150,0.665736,43,110756
11151,0.485724,31,110787
11152,0.165038,10,110797
11153,0.266234,16,110813
11154,0.311641,17,110830
11155,0.204157,12,110842
11156,0.221697,18,110860
11157,0.160026,9,110869
11158,0.494681,40,110909
11159,0.038842,2,110911
11160,0.286443,17,110928
11161,0.47773,30,110958
11162,0.423759,24,110982
11163,0.133177,8,110990
11164,0.134053,8,110998
11165,0.183884,10,111008
11166,0.250912,15,111023
11167,0.368598,21,111044
11168,0.269391,16,111060
11169,0.221237,13,111073
11170,0.193477,11,111084
11171,0.26367,16,111100
11172,0.157289,11,111111
11173,0.291726,16,111127
11174,0.196833,12,111139
11175,0.221578,19,111158
11176,0.43314,31,111189
11177,0.230853,17,111206
11178,0.253739,14,111220
11179,0.21598,12,111232
11180,0.402094,22,111254
11181,0.191574,17,111271
11182,0.280038,18,111289
11183,0.172071,10,111299
11184,0.187043,14,111313
11185,0.212702,16,111329
11186,0.375258,24,111353
11187,0.018475,1,111354
11188,0.454658,26,111380
11189,0.316449,24,111404
11190,0.264342,17,111421
11191,0.20554,15,111436
11192,0.182468,10,111446
11193,0.227418,13,111459
11194,0.418364,23,111482
11195,0.395336,32,111514
11196,0.405553,27,111541
11197,0.286599,16,111557
11198,0.248672,16,111573
11199,0.246681,14,111587
11200,0.276841,15,111602
11201,0.179799,11,111613
11202,0.141748,9,111622
11203,0.136488,8,111630
11204,0.21762,12,111642
11205,0.268485,15,111657
11206,0.282325,20,111677
11207,0.355119,21,111698
11208,0.291571,16,111714
11209,0.166893,10,111724
11210,0.173526,10,111734
11211,0.126513,7,111741
11212,0.018946,1,111742
11213,0.110742,6,111748
11214,0.210319,14,111762
11215,0.271281,15,111777
11216,0.220281,13,111790
11217,0.283443,16,111806
11218,0.278661,15,111821
11219,0.149569,9,111830
11220,0.234972,15,111845
11221,0.141891,10,111855
11222,0.304423,17,111872
11223,0.149681,9,111881
11224,0.230564,13,111894
11225,0.388117,27,111921
11226,0.28502,16,111937
11227,0.214446,13,111950
11228,0.187184,11,111961
11229,0.180206,12,111973
11230,0.273695,15,111988
11231,0.273266,17,112005
11232,0.196363,12,112017
11233,0.408919,24,112041
11234,0.222453,12,112053
11235,0.27021,16,112069
11236,0.372478,34,112103
11237,0.17907,11,112114
11238,0.176652,12,112126
11239,0.2076,12,112138
11240,0.20453,13,112151
11241,0.135573,9,112160
11242,0.179983,11,112171
11243,0.190761,11,112182
11244,0.235794,13,112195
11245,0.36528,21,112216
11246,0.198699,12,112228
11247,0.382823,25,112253
11248,0.13336,8,112261
11249,0.266584,15,112276
11250,0.252266,14,112290
11251,0.274635,20,112310
11252,0.018219,1,112311
11253,0.20918,14,112325
11254,0.274519,15,112340
11255,0.189527,13,112353
11256,0.305164,24,112377
11257,0.265356,15,112392
11258,0.176312,11,112403
11259,0.179321,11,112414
11260,0.267988,15,112429
11261,0.34984,21,112450
11262,0.165754,9,112459
11263,0.165935,9,112468
11264,0.286835,20,112488
11265,0.164543,13,112501
11266,0.253322,15,112516
11267,0.155785,9,112525
11268,0.264976,16,112541
11269,0.21573,12,112553
11270,0.15121,8,112561
11271,0.283669,20,112581
11272,0.274947,15,112596
11273,0.352912,20,112616
11274,0.192463,11,112627
11275,0.352528,22,112649
11276,0.334311,21,112670
11277,0.229542,14,112684
11278,0.194431,12,112696
11279,0.189212,11,112707
11280,0.181966,14,112721
11281,0.30157,22,112743
11282,0.307413,19,112762
11283,0.268095,15,112777
11284,0.149209,8,112785
11285,0.231425,17,112802
11286,0.170596,12,112814
11287,0.202608,12,112826
11288,0.226729,13,112839
11289,0.185843,13,112852
11290,0.304084,17,112869
11291,0.166639,9,112878
11292,0.39465,30,112908
11293,0.056218,3,112911
11294,0.147875,8,112919
11295,0.165081,9,112928
11296,0.303165,19,112947
11297,0.237432,16,112963
11298,0.577539,35,112998
11299,0.208351,13,113011
11300,0.211884,14,113025
11301,0.329113,18,113043
11302,0.265269,16,113059
11303,0.319969,23,113082
11304,0.121426,7,113089
11305,0.231947,14,113103
11306,0.163793,9,113112
11307,0.228675,13,113125
11308,0.36425,27,113152
11309,0.500671,33,113185
11310,0.255443,16,113201
11311,0.153146,10,113211
11312,-0.333123,29,113240
11313,0.171969,10,113250
11314,0.223632,14,113264
11315,0.251251,14,113278
11316,0.286431,16,113294
11317,0.162495,9,113303
11318,0.223049,14,113317
11319,0.210192,12,113329
11320,0.019254,1,113330
11321,0.166417,12,113342
11322,0.615089,35,113377
11323,0.245806,16,113393
11324,0.244895,14,113407
11325,0.257628,19,113426
11326,0.268199,15,113441
11327,0.169204,9,113450
11328,0.239291,14,113464
11329,0.199165,12,113476
11330,0.233692,14,113490
11331,0.167745,11,113501
11332,0.205361,11,113512
11333,0.312645,19,113531
11334,0.463691,30,113561
11335,0.099293,6,113567
11336,0.160633,11,113578
11337,0.242946,14,113592
11338,0.255298,16,113608
11339,0.255521,14,113622
11340,0.248028,14,113636
11341,0.228769,14,113650
11342,0.244017,16,113666
11343,0.26552,15,113681
11344,0.2089,13,113694
11345,0.017137,1,113695
11346,0.179765,10,113705
11347,0.27041,16,113721
11348,0.162176,9,113730
11349,0.381222,23,113753
11350,0.23364,14,113767
11351,0.22701,14,113781
11352,0.326401,19,113800
11353,0.331779,20,113820
11354,0.183491,11,113831
11355,0.262209,15,113846
11356,0.246313,15,113861
11357,0.178758,11,113872
11358,0.129236,7,113879
11359,0.225118,14,113893
11360,0.24357,14,113907
11361,0.376854,24,113931
11362,0.34279,23,113954
11363,0.422371,28,113982
11364,0.250986,15,113997
11365,0.28932,23,114020
11366,0.238095,13,114033
11367,0.280485,17,114050
11368,0.21443,13,114063
11369,0.250336,15,114078
11370,0.227048,13,114091
11371,0.144366,8,114099
11372,0.164829,10,114109
11373,0.201696,13,114122
11374,0.237808,13,114135
11375,0.272408,16,114151
11376,0.144873,8,114159
11377,0.251576,14,114173
11378,0.246809,14,114187
11379,0.243136,17,114204
11380,0.405264,24,114228
11381,0.487058,27,114255
11382,0.277802,16,114271
11383,0.237673,14,114285
11384,0.102972,6,114291
11385,0.417245,24,114315
11386,0.179349,11,114326
11387,0.16645,9,114335
11388,0.399103,22,114357
11389,0.400406,22,114379
11390,0.233028,14,114393
11391,0.348169,20,114413
11392,0.252978,15,114428
11393,0.204547,12,114440
11394,0.318403,26,114466
11395,0.328391,20,114486
11396,0.279213,17,114503
11397,0.266549,16,114519
11398,0.218417,12,114531
11399,0.425127,25,114556
11400,0.334275,19,114575
11401,0.02013,1,114576
11402,0.195882,11,114587
11403,0.371312,23,114610
11404,0.210855,12,114622
11405,0.267672,18,114640
11406,0.194658,12,114652
11407,0.325114,18,114670
11408,0.161061,9,114679
11409,0.296885,17,114696
11410,0.172465,11,114707
11411,0.173138,10,114717
11412,0.398199,26,114743
11413,0.250382,16,114759
11414,0.177538,10,114769
11415,0.198569,11,114780
11416,0.396134,23,114803
11417,0.337369,21,114824
11418,0.316342,19,114843
11419,0.351166,20,114863
11420,0.382022,21,114884
11421,0.258038,16,114900
11422,0.017776,1,114901
11423,0.320876,22,114923
11424,0.233084,13,114936
11425,0.160881,10,114946
11426,0.177003,10,114956
11427,0.218499,14,114970
11428,0.23795,15,114985
11429,0.216477,18,115003
11430,0.264392,15,115018
11431,0.237133,14,115032
11432,0.245758,15,115047
11433,0.252376,15,115062
11434,0.1833,11,115073
11435,0.071492,5,115078
11436,0.192829,11,115089
11437,0.013696,1,115090
11438,0.210575,12,115102
11439,0.375454,21,115123
11440,0.321513,19,115142
11441,0.559635,34,115176
11442,0.277818,16,115192
11443,0.279159,17,115209
11444,0.179436,11,115220
11445,0.179197,11,115231
11446,0.081138,5,115236
11447,0.292064,23,115259
11448,0.176476,10,115269
11449,0.213625,13,115282
11450,0.014411,1,115283
11451,0.216343,14,115297
11452,0.297509,17,115314
11453,0.170492,10,115324
11454,0.403392,25,115349
11455,0.50155,36,115385
11456,0.208973,13,115398
11457,0.438129,26,115424
11458,0.203209,12,115436
11459,0.018805,1,115437
11460,0.296466,21,115458
11461,0.017722,1,115459
11462,0.011886,1,115460
11463,0.169362,10,115470
11464,0.27985,17,115487
11465,0.018567,1,115488
11466,0.018417,1,115489
11467,0.20961,13,115502
11468,0.300252,17,115519
11469,0.410524,23,115542
11470,0.168584,9,115551
11471,0.20254,13,115564
11472,0.165587,10,115574
11473,0.188898,13,115587
11474,0.08902,5,115592
11475,0.463081,28,115620
11476,0.446541,31,115651
11477,0.077159,4,115655
11478,0.266568,16,115671
11479,0.245806,14,115685
11480,0.384642,22,115707
11481,0.152207,10,115717
11482,0.210907,12,115729
11483,0.169309,10,115739
11484,0.340836,22,115761
11485,0.419346,23,115784
11486,0.016,1,115785
11487,0.017442,1,115786
11488,0.01237,1,115787
11489,-0.065191,20,115807
11490,0.176341,10,115817
11491,0.333413,24,115841
11492,0.237456,14,115855
11493,0.263845,15,115870
11494,0.60476,35,115905
11495,0.18751,10,115915
11496,0.184294,11,115926
11497,0.130634,7,115933
11498,0.323814,18,115951
11499,0.772726,43,115994
11500,0.389195,24,116018
11501,0.016344,1,116019
11502,0.258105,16,116035
11503,0.301124,18,116053
11504,0.234903,13,116066
11505,0.24318,15,116081
11506,0.427387,28,116109
11507,0.252407,15,116124
11508,0.165941,9,116133
11509,0.155052,9,116142
11510,0.186642,11,116153
11511,0.24192,13,116166
11512,0.141312,9,116175
11513,0.244535,14,116189
11514,0.170404,10,116199
11515,0.326629,18,116217
11516,0.269242,16,116233
11517,0.110946,6,116239
11518,0.130274,7,116246
11519,0.216486,12,116258
11520,0.268248,15,116273
11521,0.215907,14,116287
11522,0.012181,1,116288
11523,0.301439,17,116305
11524,0.214532,12,116317
11525,0.231332,14,116331
11526,0.208161,12,116343
11527,0.13923,8,116351
11528,0.247342,14,116365
11529,0.340755,20,116385
11530,0.269201,15,116400
11531,0.248139,14,116414
11532,0.374958,24,116438
11533,0.221955,13,116451
11534,0.222935,14,116465
11535,0.38212,21,116486
11536,0.192852,11,116497
11537,0.222823,13,116510
11538,0.254605,14,116524
11539,0.208101,13,116537
11540,0.224375,14,116551
11541,0.31771,18,116569
11542,0.341905,20,116589
11543,0.198521,12,116601
11544,0.246571,18,116619
11545,0.183619,12,116631
11546,0.251238,17,116648
11547,0.34153,21,116669
11548,0.177471,10,116679
11549,0.215387,16,116695
11550,0.219356,12,116707
11551,0.251903,14,116721
11552,0.185938,10,116731
11553,0.013994,1,116732
11554,0.277645,17,116749
11555,0.236164,13,116762
11556,0.232216,13,116775
11557,0.187042,10,116785
11558,0.203034,12,116797
11559,0.36039,20,116817
11560,0.266375,15,116832
11561,0.260697,19,116851
11562,0.200627,14,116865
11563,0.215068,12,116877
11564,0.284189,17,116894
11565,0.144203,8,116902
11566,0.361013,21,116923
11567,0.279997,18,116941
11568,0.271472,16,116957
11569,0.281623,15,116972
11570,0.108125,6,116978
11571,0.185212,10,116988
11572,0.239693,13,117001
11573,0.274156,16,117017
11574,0.29101,16,117033
11575,0.111755,6,117039
11576,0.204429,13,117052
11577,0.412842,23,117075
11578,0.142387,8,117083
11579,0.185078,10,117093
11580,0.245793,16,117109
11581,0.229893,13,117122
11582,0.360823,20,117142
11583,0.53441,30,117172
11584,0.135103,8,117180
11585,0.365475,26,117206
11586,0.258803,15,117221
11587,0.262494,15,117236
11588,0.220755,12,117248
11589,0.258376,14,117262
11590,0.178591,10,117272
11591,0.228068,13,117285
11592,0.01549,1,117286
11593,0.214134,12,117298
11594,0.363106,20,117318
11595,0.245892,16,117334
11596,0.217848,12,117346
11597,0.20161,12,117358
11598,0.196781,11,117369
11599,0.196927,11,117380
11600,0.193324,13,117393
11601,0.322558,19,117412
11602,0.22134,13,117425
11603,0.375805,28,117453
11604,0.151337,8,117461
11605,0.35192,20,117481
11606,0.19138,12,117493
11607,0.147559,8,117501
11608,0.293821,21,117522
11609,0.019736,1,117523
11610,0.235837,15,117538
11611,0.091779,5,117543
11612,0.238979,13,117556
11613,0.228655,13,117569
11614,0.37752,23,117592
11615,0.14389,8,117600
11616,0.247431,15,117615
11617,0.197005,12,117627
11618,0.186314,10,117637
11619,0.343564,19,117656
11620,0.266794,16,117672
11621,0.221071,15,117687
11622,0.127892,8,117695
11623,0.274727,16,117711
11624,0.378757,21,117732
11625,0.269705,24,117756
11626,0.274997,18,117774
11627,0.19861,11,117785
11628,0.188283,13,117798
11629,0.189606,10,117808
11630,0.248909,14,117822
11631,0.015153,1,117823
11632,0.214047,12,117835
11633,0.754348,50,117885
11634,0.070319,4,117889
11635,0.284244,16,117905
11636,0.184015,10,117915
11637,0.018908,1,117916
11638,0.167635,9,117925
11639,0.121563,7,117932
11640,0.20477,13,117945
11641,0.104145,6,117951
11642,0.266036,16,117967
11643,0.156303,9,117976
11644,0.226783,16,117992
11645,0.428856,26,118018
11646,0.016499,1,118019
11647,0.21461,13,118032
11648,0.238713,14,118046
11649,0.31717,19,118065
11650,0.037955,2,118067
11651,0.35494,20,118087
11652,0.237353,14,118101
11653,0.250184,16,118117
11654,0.267178,16,118133
11655,0.366974,23,118156
11656,0.238779,13,118169
11657,0.223317,12,118181
11658,0.26534,16,118197
11659,0.335302,19,118216
11660,0.109916,6,118222
11661,0.261866,15,118237
11662,0.174146,10,118247
11663,0.417704,24,118271
11664,0.199355,13,118284
11665,0.191762,11,118295
11666,0.187983,12,118307
11667,0.018705,1,118308
11668,-0.069936,21,118329
11669,0.235886,13,118342
11670,0.21738,12,118354
11671,0.295528,17,118371
11672,0.291899,16,118387
11673,0.0962,5,118392
11674,0.30295,21,118413
11675,0.196317,11,118424
11676,0.332513,20,118444
11677,0.017462,1,118445
11678,0.22556,17,118462
11679,0.491434,29,118491
11680,0.28209,16,118507
11681,0.221082,14,118521
11682,0.132233,7,118528
11683,0.019903,1,118529
11684,0.238566,14,118543
11685,0.431446,30,118573
11686,0.155137,10,118583
11687,0.168542,9,118592
11688,0.275518,16,118608
11689,0.412854,23,118631
11690,0.263634,16,118647
11691,0.318275,20,118667
11692,0.314158,19,118686
11693,0.264725,15,118701
11694,0.096173,5,118706
11695,0.288232,17,118723
11696,0.2682,18,118741
11697,0.386019,23,118764
11698,0.193189,12,118776
11699,0.221003,13,118789
11700,0.016013,1,118790
11701,0.198814,11,118801
11702,0.179719,10,118811
11703,0.230866,14,118825
11704,0.22525,15,118840
11705,0.461458,30,118870
11706,0.398173,27,118897
11707,0.344602,19,118916
11708,0.225244,14,118930
11709,0.280975,18,118948
11710,0.468308,37,118985
11711,0.21129,13,118998
11712,0.17308,10,119008
11713,0.277576,16,119024
11714,0.303609,18,119042
11715,0.18538,12,119054
11716,0.383427,22,119076
11717,0.262582,20,119096
11718,0.172579,10,119106
11719,0.179213,12,119118
11720,0.14408,8,119126
11721,0.280873,16,119142
11722,0.094616,5,119147
11723,0.493557,30,119177
11724,0.300369,20,119197
11725,0.308423,18,119215
11726,0.239066,17,119232
11727,0.017662,1,119233
11728,0.191126,12,119245
11729,0.149234,11,119256
11730,0.210357,14,119270
11731,0.236733,14,119284
11732,0.324411,22,119306
11733,0.175836,10,119316
11734,0.230049,13,119329
11735,0.245834,14,119343
11736,0.179685,16,119359
11737,0.32743,20,119379
11738,0.218666,12,119391
11739,0.304811,19,119410
11740,0.17613,10,119420
11741,0.229545,13,119433
11742,0.25256,15,119448
11743,0.280497,17,119465
11744,0.221999,14,119479
11745,0.21602,13,119492
11746,0.343494,19,119511
11747,0.277094,16,119527
11748,0.295476,19,119546
11749,0.093468,5,119551
11750,0.188228,12,119563
11751,0.224652,15,119578
11752,0.360629,20,119598
11753,0.173328,10,119608
11754,0.358835,20,119628
11755,0.184256,12,119640
11756,0.113751,6,119646
11757,0.346327,23,119669
11758,0.015383,1,119670
11759,0.511236,29,119699
11760,0.221295,13,119712
11761,0.418805,23,119735
11762,0.272202,16,119751
11763,0.388226,33,119784
11764,0.018592,1,119785
11765,0.188007,10,119795
11766,0.328448,18,119813
11767,0.379182,22,119835
11768,0.319949,22,119857
11769,0.237406,19,119876
11770,0.127697,9,119885
11771,0.327399,18,119903
11772,0.27264,16,119919
11773,0.243856,15,119934
11774,0.265948,15,119949
11775,0.484326,34,119983
11776,0.235534,13,119996
11777,0.219267,12,120008
11778,0.161887,9,120017
11779,0.253436,16,120033
11780,0.239752,15,120048
11781,0.153718,9,120057
11782,0.181607,10,120067
11783,0.313592,18,120085
11784,0.350032,21,120106
11785,0.213392,12,120118
11786,0.27132,16,120134
11787,0.159156,9,120143
11788,0.1784,12,120155
11789,0.336329,19,120174
11790,0.32323,20,120194
11791,0.337442,20,120214
11792,0.266751,17,120231
11793,0.3104,17,120248
11794,0.25873,14,120262
11795,0.209252,13,120275
11796,0.339643,19,120294
11797,0.264502,15,120309
11798,0.112534,6,120315
11799,0.308574,18,120333
11800,0.120572,7,120340
11801,0.264608,16,120356
11802,0.404454,24,120380
11803,0.13055,7,120387
11804,0.24763,15,120402
11805,0.250819,14,120416
11806,0.290306,17,120433
11807,0.215885,13,120446
11808,0.315125,18,120464
11809,0.265925,15,120479
11810,0.129177,8,120487
11811,0.29443,17,120504
11812,0.216827,14,120518
11813,0.224014,13,120531
11814,0.20796,12,120543
11815,0.287244,17,120560
11816,0.016208,1,120561
11817,0.224021,15,120576
11818,0.236077,13,120589
11819,0.235318,14,120603
11820,0.315692,22,120625
11821,0.283097,17,120642
11822,0.396779,22,120664
11823,0.074516,4,120668
11824,0.26745,19,120687
11825,0.169377,10,120697
11826,0.328653,19,120716
11827,0.199925,12,120728
11828,0.181816,12,120740
11829,0.264449,15,120755
11830,0.183899,12,120767
11831,0.278677,16,120783
11832,0.201376,12,120795
11833,0.238957,14,120809
11834,0.222225,13,120822
11835,0.24753,14,120836
11836,0.419331,24,120860
11837,0.306853,17,120877
11838,0.310342,17,120894
11839,0.255293,18,120912
11840,0.233079,13,120925
11841,0.366861,26,120951
11842,0.277845,18,120969
11843,0.037512,2,120971
11844,0.230821,14,120985
11845,0.197856,11,120996
11846,0.202657,12,121008
11847,0.313965,19,121027
11848,0.185525,10,121037
11849,0.246704,15,121052
11850,0.243725,13,121065
11851,0.260098,15,121080
11852,0.239512,13,121093
11853,0.301065,17,121110
11854,0.177437,10,121120
11855,0.163459,10,121130
11856,0.193934,11,121141
11857,0.196476,12,121153
11858,0.093642,5,121158
11859,0.145885,8,121166
11860,0.32059,20,121186
11861,0.016078,1,121187
11862,0.333436,20,121207
11863,0.27576,18,121225
11864,0.281499,17,121242
11865,0.302342,21,121263
11866,0.235903,17,121280
11867,0.120592,7,121287
11868,0.356806,20,121307
11869,0.189199,11,121318
11870,0.237185,13,121331
11871,0.123716,7,121338
11872,0.341379,19,121357
11873,0.226617,13,121370
11874,0.201685,13,121383
11875,0.204372,12,121395
11876,0.178011,12,121407
11877,0.258155,14,121421
11878,0.312905,19,121440
11879,0.01902,1,121441
11880,0.25871,18,121459
11881,0.366526,20,121479
11882,0.229212,13,121492
11883,0.321258,18,121510
11884,0.239989,16,121526
11885,0.209587,14,121540
11886,0.153598,11,121551
11887,0.227348,14,121565
11888,0.199433,13,121578
11889,0.391911,23,121601
11890,0.148242,8,121609
11891,0.407623,23,121632
11892,0.019567,1,121633
11893,0.259142,14,121647
11894,0.233235,13,121660
11895,0.162623,9,121669
11896,0.186896,15,121684
11897,0.223522,12,121696
11898,0.234362,13,121709
11899,0.176862,11,121720
11900,0.187357,12,121732
11901,0.22591,14,121746
11902,0.374525,25,121771
11903,0.31021,20,121791
11904,0.181745,11,121802
11905,0.293934,20,121822
11906,0.221194,13,121835
11907,0.249383,15,121850
11908,0.3816,22,121872
11909,0.223072,14,121886
11910,0.257946,16,121902
11911,0.442468,26,121928
11912,0.228812,13,121941
11913,0.233286,14,121955
11914,0.321753,18,121973
11915,0.281885,17,121990
11916,0.160434,10,122000
11917,0.239615,13,122013
11918,0.431113,24,122037
11919,0.016153,1,122038
11920,0.210971,13,122051
11921,0.168827,10,122061
11922,0.20235,13,122074
11923,0.294997,17,122091
11924,0.279834,17,122108
11925,0.242885,20,122128
11926,0.204194,14,122142
11927,0.178199,12,122154
11928,0.393367,22,122176
11929,0.289836,17,122193
11930,0.489289,27,122220
11931,0.362274,20,122240
11932,0.253858,15,122255
11933,0.293759,19,122274
11934,0.230394,14,122288
11935,0.195936,15,122303
11936,0.218976,12,122315
11937,0.182158,10,122325
11938,0.188813,11,122336
11939,0.208794,12,122348
11940,0.29586,17,122365
11941,0.244321,15,122380
11942,0.176975,10,122390
11943,0.215123,15,122405
11944,0.159224,10,122415
11945,0.078035,29,122444
11946,0.200701,13,122457
11947,0.21539,12,122469
11948,0.291643,18,122487
11949,0.381401,25,122512
11950,0.270746,15,122527
11951,0.355096,21,122548
11952,0.020637,1,122549
11953,0.342898,21,122570
11954,0.347052,19,122589
11955,0.242836,15,122604
11956,0.319027,18,122622
11957,0.292616,17,122639
11958,0.265293,15,122654
11959,0.180664,11,122665
11960,0.218468,14,122679
11961,0.239318,16,122695
11962,0.128569,9,122704
11963,0.188574,12,122716
11964,0.316912,19,122735
11965,0.207075,12,122747
11966,0.188214,10,122757
11967,0.250951,14,122771
11968,0.276848,17,122788
11969,0.445053,29,122817
11970,0.406881,25,122842
11971,0.229401,14,122856
11972,0.229205,13,122869
11973,0.315543,19,122888
11974,0.175739,10,122898
11975,0.157226,11,122909
11976,0.243318,16,122925
11977,0.198273,16,122941
11978,0.244208,22,122963
11979,0.13132,9,122972
11980,0.151315,13,122985
11981,0.325604,26,123011
11982,0.154295,10,123021
11983,0.207798,12,123033
11984,0.384912,21,123054
11985,0.215786,12,123066
11986,0.287507,16,123082
11987,0.019668,1,123083
11988,0.378428,21,123104
11989,0.2376,16,123120
11990,0.176408,11,123131
11991,0.176464,10,123141
11992,0.180956,11,123152
11993,0.130175,7,123159
11994,0.234211,15,123174
11995,0.244868,14,123188
11996,0.210813,12,123200
11997,0.331387,19,123219
11998,0.239571,13,123232
11999,0.297931,21,123253
12000,0.221234,12,123265
12001,0.240953,14,123279
12002,0.320676,20,123299
12003,0.189803,12,123311
12004,0.363644,20,123331
12005,0.018833,1,123332
12006,0.252859,15,123347
12007,0.231093,13,123360
12008,0.352815,21,123381
12009,0.248084,16,123397
12010,0.189538,11,123408
12011,0.209452,12,123420
12012,0.164141,10,123430
12013,0.014381,1,123431
12014,0.235084,14,123445
12015,0.336171,19,123464
12016,0.113617,6,123470
12017,0.210237,12,123482
12018,0.42781,25,123507
12019,0.226238,14,123521
12020,0.18442,11,123532
12021,0.16792,10,123542
12022,0.190909,11,123553
12023,0.20142,12,123565
12024,0.291786,17,123582
12025,0.145931,8,123590
12026,0.343117,19,123609
12027,0.017423,1,123610
12028,0.234161,13,123623
12029,0.438194,24,123647
12030,0.224045,14,123661
12031,0.377167,21,123682
12032,0.464973,28,123710
12033,0.23386,13,123723
12034,0.385746,30,123753
12035,0.017391,1,123754
12036,0.187411,10,123764
12037,0.308022,17,123781
12038,0.309085,22,123803
12039,0.343236,19,123822
12040,0.245894,15,123837
12041,0.345724,20,123857
12042,0.271979,15,123872
12043,0.348048,19,123891
12044,0.137434,8,123899
12045,0.19307,12,123911
12046,0.245912,14,123925
12047,0.337636,19,123944
12048,0.221996,13,123957
12049,0.253557,14,123971
12050,0.406626,27,123998
12051,0.489308,27,124025
12052,0.194789,13,124038
12053,0.262459,17,124055
12054,0.446048,29,124084
12055,0.334083,19,124103
12056,0.312411,17,124120
12057,0.137664,8,124128
12058,0.22877,13,124141
12059,0.208289,12,124153
12060,0.284188,18,124171
12061,0.1285,7,124178
12062,0.340446,19,124197
12063,0.267634,27,124224
12064,0.3104,28,124252
12065,0.280423,17,124269
12066,0.095676,5,124274
12067,0.18422,12,124286
12068,0.220773,12,124298
12069,0.179763,12,124310
12070,0.305958,18,124328
12071,0.179673,11,124339
12072,0.259811,18,124357
12073,0.335936,19,124376
12074,0.206025,11,124387
12075,0.298748,17,124404
12076,0.254212,18,124422
12077,0.233989,15,124437
12078,0.269353,15,124452
12079,0.309574,19,124471
12080,0.222306,15,124486
12081,0.157757,13,124499
12082,0.278547,16,124515
12083,0.472787,26,124541
12084,0.057952,3,124544
12085,0.254739,15,124559
12086,0.300964,27,124586
12087,0.289157,17,124603
12088,0.403057,24,124627
12089,0.241363,15,124642
12090,0.200301,13,124655
12091,0.2488,18,124673
12092,0.351607,25,124698
12093,0.214619,14,124712
12094,0.277526,15,124727
12095,0.017945,1,124728
12096,0.221939,12,124740
12097,0.132772,7,124747
12098,0.252111,15,124762
12099,0.208276,13,124775
12100,0.205542,14,124789
12101,0.263343,18,124807
12102,0.247194,14,124821
12103,0.089444,5,124826
12104,0.202369,12,124838
12105,0.338991,19,124857
12106,0.209331,12,124869
12107,0.186003,12,124881
12108,0.259802,14,124895
12109,0.338525,25,124920
12110,0.226333,13,124933
12111,0.207674,13,124946
12112,0.438558,29,124975
12113,0.398621,23,124998
12114,0.154012,12,125010
12115,0.286418,17,125027
12116,0.230316,13,125040
12117,0.249559,14,125054
12118,0.223724,16,125070
12119,0.228951,14,125084
12120,0.291356,17,125101
12121,0.253855,16,125117
12122,0.238094,14,125131
12123,0.240074,13,125144
12124,0.364848,21,125165
12125,0.125889,8,125173
12126,0.187555,12,125185
12127,0.271132,15,125200
12128,0.038666,2,125202
12129,0.215258,14,125216
12130,0.139082,9,125225
12131,0.231791,14,125239
12132,0.417317,23,125262
12133,0.210121,13,125275
12134,0.168136,9,125284
12135,0.30727,29,125313
12136,0.146536,9,125322
12137,0.122824,7,125329
12138,0.160979,10,125339
12139,0.204748,14,125353
12140,0.038631,2,125355
12141,0.152203,9,125364
12142,0.211188,12,125376
12143,0.176798,10,125386
12144,0.230007,13,125399
12145,0.109153,7,125406
12146,0.018861,1,125407
12147,0.293638,18,125425
12148,0.153736,9,125434
12149,0.408259,25,125459
12150,0.285228,17,125476
12151,0.197205,11,125487
12152,0.250104,14,125501
12153,0.285908,16,125517
12154,0.277616,16,125533
12155,0.293474,17,125550
12156,0.194193,11,125561
12157,0.291624,19,125580
12158,0.294278,22,125602
12159,0.17653,10,125612
12160,0.217275,13,125625
12161,0.158461,10,125635
12162,0.101788,6,125641
12163,0.660221,37,125678
12164,0.166998,9,125687
12165,0.190083,12,125699
12166,0.270364,17,125716
12167,0.427946,28,125744
12168,0.267706,15,125759
12169,0.325999,18,125777
12170,0.185012,10,125787
12171,0.172976,10,125797
12172,0.508704,30,125827
12173,0.273922,17,125844
12174,0.354092,21,125865
12175,0.239405,15,125880
12176,0.272031,17,125897
12177,0.355392,20,125917
12178,0.01598,1,125918
12179,0.194596,12,125930
12180,0.287059,20,125950
12181,0.105563,6,125956
12182,0.110742,6,125962
12183,0.242727,14,125976
12184,0.01211,1,125977
12185,0.294198,16,125993
12186,0.208327,13,126006
12187,0.21546,14,126020
12188,0.417505,34,126054
12189,0.197945,14,126068
12190,0.218998,12,126080
12191,0.407967,26,126106
12192,0.195649,12,126118
12193,0.208746,12,126130
12194,0.248087,14,126144
12195,0.178327,11,126155
12196,0.21807,16,126171
12197,0.202924,12,126183
12198,0.228021,15,126198
12199,0.244417,16,126214
12200,0.294907,18,126232
12201,0.169858,10,126242
12202,0.156007,9,126251
12203,0.252846,14,126265
12204,0.486409,39,126304
12205,0.576868,47,126351
12206,0.222272,14,126365
12207,0.185708,10,126375
12208,0.335168,21,126396
12209,0.156627,9,126405
12210,0.247924,17,126422
12211,0.190335,11,126433
12212,0.199485,11,126444
12213,0.243742,13,126457
12214,0.259944,16,126473
12215,0.156517,9,126482
12216,0.261095,18,126500
12217,0.191438,12,126512
12218,0.203828,13,126525
12219,0.277463,17,126542
12220,0.191069,11,126553
12221,0.158193,9,126562
12222,0.472608,26,126588
12223,0.183652,11,126599
12224,0.239803,16,126615
12225,0.18195,11,126626
12226,0.120569,8,126634
12227,0.296843,18,126652
12228,0.056205,3,126655
12229,0.358836,23,126678
12230,0.347148,19,126697
12231,0.209247,13,126710
12232,0.220864,13,126723
12233,0.316049,18,126741
12234,0.290709,16,126757
12235,0.347364,22,126779
12236,0.324941,19,126798
12237,0.391551,24,126822
12238,0.252377,14,126836
12239,0.170102,9,126845
12240,0.242472,15,126860
12241,0.313947,17,126877
12242,0.210369,12,126889
12243,0.257812,14,126903
12244,0.285221,17,126920
12245,0.325381,28,126948
12246,0.130739,7,126955
12247,0.015419,1,126956
12248,0.214061,12,126968
12249,0.219165,14,126982
12250,0.214371,12,126994
12251,0.360239,21,127015
12252,0.239534,13,127028
12253,0.377416,21,127049
12254,0.159408,10,127059
12255,0.217815,12,127071
12256,0.181615,10,127081
12257,0.263855,15,127096
12258,0.189604,14,127110
12259,-0.160881,18,127128
12260,0.297501,17,127145
12261,0.231031,14,127159
12262,0.347291,19,127178
12263,0.254087,14,127192
12264,0.462601,32,127224
12265,0.452893,26,127250
12266,0.314863,17,127267
12267,0.202902,13,127280
12268,0.180164,11,127291
12269,0.244734,14,127305
12270,0.19025,11,127316
12271,0.302144,17,127333
12272,0.234723,14,127347
12273,0.276942,17,127364
12274,0.385148,24,127388
12275,0.05162,3,127391
12276,0.14718,10,127401
12277,0.390717,25,127426
12278,0.177304,11,127437
12279,0.200807,13,127450
12280,0.275328,18,127468
12281,0.22517,14,127482
12282,0.256321,15,127497
12283,0.225945,13,127510
12284,0.257139,14,127524
12285,0.19347,12,127536
12286,0.298406,17,127553
12287,0.206544,11,127564
12288,0.01633,1,127565
12289,0.329691,20,127585
12290,0.17322,10,127595
12291,0.295261,16,127611
12292,0.208533,12,127623
12293,0.311268,18,127641
12294,0.366247,23,127664
12295,0.224934,15,127679
12296,0.234355,13,127692
12297,0.288366,16,127708
12298,0.3751,22,127730
12299,0.202441,11,127741
12300,0.019001,1,127742
12301,0.196046,12,127754
12302,0.170626,10,127764
12303,0.181185,10,127774
12304,0.170858,11,127785
12305,0.33453,19,127804
12306,0.19659,12,127816
12307,0.215324,15,127831
12308,0.25071,15,127846
12309,0.260946,14,127860
12310,0.198581,15,127875
12311,0.296812,16,127891
12312,0.279929,16,127907
12313,0.016048,1,127908
12314,0.504061,28,127936
12315,0.252071,17,127953
12316,0.237322,15,127968
12317,0.203441,14,127982
12318,0.27543,21,128003
12319,0.190248,11,128014
12320,0.218498,13,128027
12321,0.165256,9,128036
12322,0.017085,1,128037
12323,0.01774,1,128038
12324,0.329076,19,128057
12325,0.185071,10,128067
12326,0.208646,12,128079
12327,0.137679,9,128088
12328,0.438138,24,128112
12329,0.209569,12,128124
12330,0.238626,13,128137
12331,0.328803,19,128156
12332,0.235655,14,128170
12333,0.172593,11,128181
12334,0.375688,23,128204
12335,0.257281,14,128218
12336,0.27982,16,128234
12337,0.490793,30,128264
12338,0.285273,18,128282
12339,0.323313,18,128300
12340,0.017649,1,128301
12341,0.336235,20,128321
12342,0.173852,10,128331
12343,0.302895,21,128352
12344,0.218184,13,128365
12345,0.453981,25,128390
12346,0.26257,15,128405
12347,0.213231,15,128420
12348,0.299656,20,128440
12349,0.186531,10,128450
12350,0.334075,21,128471
12351,0.1979,12,128483
12352,0.016357,1,128484
12353,0.141377,9,128493
12354,0.195518,12,128505
12355,0.433795,36,128541
12356,0.438296,24,128565
12357,0.320001,21,128586
12358,0.220083,15,128601
12359,0.243427,13,128614
12360,0.215127,12,128626
12361,0.237356,13,128639
12362,0.389043,22,128661
12363,0.182065,11,128672
12364,0.401555,23,128695
12365,0.014841,1,128696
12366,0.254194,14,128710
12367,0.217245,14,128724
12368,0.483293,27,128751
12369,0.171978,13,128764
12370,0.295627,17,128781
12371,0.201583,12,128793
12372,0.200853,11,128804
12373,0.165486,11,128815
12374,0.1531,11,128826
12375,0.558898,31,128857
12376,0.200461,13,128870
12377,0.239068,13,128883
12378,0.26964,17,128900
12379,0.303037,17,128917
12380,0.260246,15,128932
12381,0.154297,10,128942
12382,0.212524,12,128954
12383,0.200786,12,128966
12384,0.36525,21,128987
12385,0.13353,7,128994
12386,0.284938,16,129010
12387,0.244572,15,129025
12388,0.364395,20,129045
12389,0.218787,12,129057
12390,0.203976,12,129069
12391,0.362118,21,129090
12392,0.17741,10,129100
12393,0.160913,9,129109
12394,0.217695,12,129121
12395,0.312238,18,129139
12396,0.678539,47,129186
12397,0.417238,23,129209
12398,0.654736,42,129251
12399,0.192841,11,129262
12400,0.529247,29,129291
12401,0.250918,14,129305
12402,0.232772,14,129319
12403,0.22321,12,129331
12404,0.222423,14,129345
12405,0.233702,14,129359
12406,0.239661,17,129376
12407,0.272733,15,129391
12408,0.182603,10,129401
12409,0.371273,23,129424
12410,0.185876,11,129435
12411,0.371016,21,129456
12412,0.282878,16,129472
12413,0.204827,11,129483
12414,0.309862,18,129501
12415,0.290275,16,129517
12416,0.166114,9,129526
12417,0.208936,16,129542
12418,0.281242,15,129557
12419,0.144851,8,129565
12420,0.150588,9,129574
12421,0.15925,9,129583
12422,0.2093,14,129597
12423,0.309495,19,129616
12424,0.284391,20,129636
12425,0.412539,25,129661
12426,0.105451,8,129669
12427,0.207225,14,129683
12428,0.415401,23,129706
12429,0.294821,17,129723
12430,0.171727,11,129734
12431,0.450997,26,129760
12432,0.290121,16,129776
12433,0.375753,23,129799
12434,0.276812,15,129814
12435,0.348962,21,129835
12436,0.419097,29,129864
12437,0.251913,14,129878
12438,0.226668,14,129892
12439,0.322357,22,129914
12440,0.25742,15,129929
12441,0.217567,15,129944
12442,0.242861,14,129958
12443,0.294185,21,129979
12444,0.149466,8,129987
12445,0.340199,19,130006
12446,0.364735,27,130033
12447,0.222408,13,130046
12448,0.469359,26,130072
12449,0.016432,1,130073
12450,0.257371,14,130087
12451,0.377936,21,130108
12452,0.325531,18,130126
12453,0.181899,11,130137
12454,0.57793,42,130179
12455,0.228248,13,130192
12456,0.286978,16,130208
12457,0.307663,20,130228
12458,0.235956,15,130243
12459,0.422845,28,130271
12460,0.150117,8,130279
12461,0.286584,16,130295
12462,0.362552,20,130315
12463,0.351364,20,130335
12464,0.240792,14,130349
12465,0.194901,12,130361
12466,0.186838,10,130371
12467,0.260794,15,130386
12468,0.243146,14,130400
12469,0.018201,1,130401
12470,0.2139,13,130414
12471,0.220958,14,130428
12472,0.187445,11,130439
12473,0.320343,18,130457
12474,0.333761,19,130476
12475,0.406526,24,130500
12476,0.349648,22,130522
12477,0.328821,20,130542
12478,0.302456,22,130564
12479,0.497358,29,130593
12480,0.743441,42,130635
12481,0.188762,11,130646
12482,0.322938,18,130664
12483,0.193512,11,130675
12484,0.214096,12,130687
12485,0.252306,14,130701
12486,0.243709,15,130716
12487,0.267257,19,130735
12488,0.3071,17,130752
12489,0.019729,1,130753
12490,0.251456,14,130767
12491,0.244019,15,130782
12492,0.313561,17,130799
12493,0.26883,21,130820
12494,0.248012,15,130835
12495,0.211424,13,130848
12496,0.019518,1,130849
12497,0.016455,1,130850
12498,0.349731,21,130871
12499,0.1737,10,130881
12500,0.154611,9,130890
12501,0.198451,12,130902
12502,0.293544,17,130919
12503,0.299293,21,130940
12504,0.317177,21,130961
12505,0.140596,10,130971
12506,0.263414,16,130987
12507,0.324336,20,131007
12508,0.217861,12,131019
12509,0.075012,4,131023
12510,0.150707,8,131031
12511,0.357189,30,131061
12512,0.178351,10,131071
12513,0.432598,28,131099
12514,0.222349,12,131111
12515,0.235022,15,131126
12516,0.188604,12,131138
12517,0.379083,23,131161
12518,0.12797,7,131168
12519,0.015649,1,131169
12520,0.144619,8,131177
12521,0.262883,19,131196
12522,0.232701,16,131212
12523,0.353209,24,131236
12524,0.146658,8,131244
12525,0.220535,12,131256
12526,0.236091,14,131270
12527,0.150932,8,131278
12528,0.253622,14,131292
12529,0.167935,12,131304
12530,0.219664,13,131317
12531,0.306864,19,131336
12532,0.31863,18,131354
12533,0.134737,8,131362
12534,0.253786,14,131376
12535,0.173643,12,131388
12536,0.255219,14,131402
12537,0.36608,22,131424
12538,0.243404,14,131438
12539,0.248075,14,131452
12540,0.215905,15,131467
12541,0.289132,16,131483
12542,0.218358,12,131495
12543,0.254548,14,131509
12544,0.361899,22,131531
12545,0.255517,15,131546
12546,0.339577,22,131568
12547,0.223436,12,131580
12548,0.225874,13,131593
12549,0.259807,23,131616
12550,0.33294,19,131635
12551,0.262653,15,131650
12552,0.400575,29,131679
12553,0.088794,5,131684
12554,0.290611,18,131702
12555,0.254772,16,131718
12556,0.264665,16,131734
12557,0.31566,19,131753
12558,0.17047,12,131765
12559,0.345698,19,131784
12560,0.247665,14,131798
12561,0.155706,9,131807
12562,0.455919,26,131833
12563,0.138542,8,131841
12564,0.236631,13,131854
12565,0.242138,13,131867
12566,0.262105,16,131883
12567,0.312097,17,131900
12568,0.435391,25,131925
12569,0.161292,9,131934
12570,0.153995,9,131943
12571,0.165705,9,131952
12572,0.17595,10,131962
12573,0.407268,23,131985
12574,0.198979,11,131996
12575,0.316076,19,132015
12576,0.186122,10,132025
12577,0.219143,13,132038
12578,0.270066,15,132053
12579,0.406558,25,132078
12580,0.232977,13,132091
12581,0.237987,13,132104
12582,0.212066,12,132116
12583,0.293688,16,132132
12584,0.259842,16,132148
12585,0.195538,13,132161
12586,0.276488,15,132176
12587,0.312144,19,132195
12588,0.351409,22,132217
12589,0.014614,1,132218
12590,0.426372,26,132244
12591,0.235819,13,132257
12592,0.314089,18,132275
12593,0.193199,11,132286
12594,0.019554,1,132287
12595,0.112206,6,132293
12596,0.24008,17,132310
12597,0.343043,19,132329
12598,0.344131,19,132348
12599,0.154781,11,132359
12600,0.200076,13,132372
12601,0.348851,19,132391
12602,0.260369,19,132410
12603,0.270094,16,132426
12604,0.035709,2,132428
12605,0.294432,19,132447
12606,0.210753,12,132459
12607,0.218485,13,132472
12608,0.203993,14,132486
12609,0.24546,16,132502
12610,0.246053,14,132516
12611,0.300272,17,132533
12612,0.415667,24,132557
12613,0.409681,24,132581
12614,0.149429,35,132616
12615,0.254649,15,132631
12616,0.309682,17,132648
12617,0.221576,12,132660
12618,0.2786,16,132676
12619,0.162783,9,132685
12620,0.057464,3,132688
12621,0.273015,15,132703
12622,0.440315,24,132727
12623,0.220868,14,132741
12624,0.187608,10,132751
12625,0.163212,11,132762
12626,0.347335,19,132781
12627,0.184797,11,132792
12628,0.017809,1,132793
12629,0.279123,18,132811
12630,0.212692,14,132825
12631,0.276599,15,132840
12632,0.239433,13,132853
12633,0.256623,15,132868
12634,0.313877,18,132886
12635,0.15562,9,132895
12636,0.012526,1,132896
12637,0.256366,16,132912
12638,0.396199,25,132937
12639,0.177736,11,132948
12640,0.212315,12,132960
12641,0.265158,15,132975
12642,0.258596,21,132996
12643,0.315209,20,133016
12644,0.263504,15,133031
12645,0.111035,6,133037
12646,0.26708,15,133052
12647,0.289963,16,133068
12648,0.287125,16,133084
12649,0.017908,1,133085
12650,0.3654,21,133106
12651,0.265713,18,133124
12652,0.266474,16,133140
12653,0.39775,23,133163
12654,0.218849,12,133175
12655,0.251213,16,133191
12656,0.362666,21,133212
12657,0.296091,16,133228
12658,0.227926,14,133242
12659,0.356351,23,133265
12660,0.31477,17,133282
12661,0.170124,9,133291
12662,0.254799,15,133306
12663,0.130368,7,133313
12664,0.064698,4,133317
12665,0.347726,19,133336
12666,0.376424,21,133357
12667,0.234456,14,133371
12668,0.018374,1,133372
12669,0.137014,8,133380
12670,0.272494,17,133397
12671,0.170087,10,133407
12672,0.300619,17,133424
12673,0.302426,19,133443
12674,0.069753,4,133447
12675,0.01926,1,133448
12676,0.160801,9,133457
12677,0.239548,16,133473
12678,0.231802,14,133487
12679,0.194292,14,133501
12680,0.187329,10,133511
12681,0.247783,14,133525
12682,0.312355,17,133542
12683,0.341419,19,133561
12684,0.181672,10,133571
12685,0.265066,16,133587
12686,0.18801,10,133597
12687,0.325593,18,133615
12688,0.247019,14,133629
12689,0.564097,32,133661
12690,0.233387,13,133674
12691,0.149816,8,133682
12692,0.459024,33,133715
12693,0.347351,19,133734
12694,0.259735,15,133749
12695,0.295371,16,133765
12696,0.292422,18,133783
12697,0.263027,16,133799
12698,0.388093,25,133824
12699,0.018227,1,133825
12700,0.296742,19,133844
12701,0.212682,12,133856
12702,0.56339,37,133893
12703,0.29354,17,133910
12704,0.175238,10,133920
12705,0.228109,14,133934
12706,0.41294,23,133957
12707,0.297425,19,133976
12708,0.167037,10,133986
12709,0.173673,10,133996
12710,0.232809,14,134010
12711,0.225392,14,134024
12712,0.299862,17,134041
12713,0.355937,20,134061
12714,0.497242,31,134092
12715,0.363286,20,134112
12716,0.154561,11,134123
12717,0.178853,10,134133
12718,0.229598,14,134147
12719,0.243049,13,134160
12720,0.223565,12,134172
12721,0.218117,13,134185
12722,0.258461,18,134203
12723,0.018052,1,134204
12724,0.327071,18,134222
12725,0.256843,15,134237
12726,0.20296,12,134249
12727,0.41778,24,134273
12728,0.239216,14,134287
12729,0.254991,14,134301
12730,0.254336,17,134318
12731,0.384225,21,134339
12732,0.249498,15,134354
12733,0.384843,22,134376
12734,0.197536,15,134391
12735,0.263873,16,134407
12736,0.184189,10,134417
12737,0.016756,1,134418
12738,0.019873,1,134419
12739,0.280321,16,134435
12740,0.229748,14,134449
12741,0.158948,9,134458
12742,0.200211,14,134472
12743,0.242828,14,134486
12744,0.147945,8,134494
12745,0.233861,17,134511
12746,0.172182,10,134521
12747,0.259787,14,134535
12748,0.339845,19,134554
12749,0.314152,17,134571
12750,0.02002,1,134572
12751,0.347663,19,134591
12752,0.275688,15,134606
12753,0.145856,8,134614
12754,0.019431,1,134615
12755,0.361647,20,134635
12756,0.206179,15,134650
12757,0.206695,13,134663
12758,0.200781,11,134674
12759,0.152561,8,134682
12760,0.016233,1,134683
12761,0.226788,15,134698
12762,0.483483,28,134726
12763,0.246713,14,134740
12764,0.242805,14,134754
12765,0.411283,25,134779
12766,0.264198,15,134794
12767,0.292062,25,134819
12768,0.380205,21,134840
12769,0.427947,25,134865
12770,0.197354,11,134876
12771,0.015141,1,134877
12772,0.249029,15,134892
12773,0.402703,22,134914
12774,0.235581,14,134928
12775,0.292259,17,134945
12776,0.362673,30,134975
12777,0.164966,10,134985
12778,0.228148,14,134999
12779,0.217084,12,135011
12780,0.260174,16,135027
12781,0.017822,1,135028
12782,0.366409,21,135049
12783,0.150544,9,135058
12784,0.237533,13,135071
12785,0.089606,5,135076
12786,0.348483,21,135097
12787,0.212577,14,135111
12788,0.019177,1,135112
12789,0.243959,14,135126
12790,0.018873,1,135127
12791,0.168275,11,135138
12792,0.220088,12,135150
12793,0.211099,14,135164
12794,0.390999,22,135186
12795,0.325192,18,135204
12796,0.37467,21,135225
12797,0.358159,21,135246
12798,0.218866,14,135260
12799,0.266828,17,135277
12800,0.259241,15,135292
12801,0.238255,13,135305
12802,0.257697,14,135319
12803,0.40279,23,135342
12804,0.241995,14,135356
12805,0.276026,15,135371
12806,0.057971,3,135374
12807,0.313579,18,135392
12808,0.219969,13,135405
12809,0.251707,14,135419
12810,0.256542,14,135433
12811,0.288992,19,135452
12812,0.480019,27,135479
12813,0.019324,1,135480
12814,0.277497,18,135498
12815,0.333075,18,135516
12816,0.271302,15,135531
12817,0.220215,14,135545
12818,0.237769,13,135558
12819,0.190971,12,135570
12820,0.215575,12,135582
12821,0.145684,8,135590
12822,0.206023,11,135601
12823,0.200002,11,135612
12824,0.31127,17,135629
12825,0.109723,6,135635
12826,0.166529,11,135646
12827,0.178626,10,135656
12828,0.4019,23,135679
12829,0.433553,25,135704
12830,0.208287,14,135718
12831,0.424726,26,135744
12832,0.366417,23,135767
12833,0.450301,38,135805
12834,0.018481,1,135806
12835,0.347369,19,135825
12836,0.225517,14,135839
12837,0.100374,6,135845
12838,0.383543,21,135866
12839,0.290647,16,135882
12840,0.229715,13,135895
12841,0.276961,16,135911
12842,0.205943,11,135922
12843,0.234209,13,135935
12844,0.055719,3,135938
12845,0.346227,19,135957
12846,0.437197,25,135982
12847,0.402323,23,136005
12848,0.283118,25,136030
12849,0.280858,17,136047
12850,0.210117,12,136059
12851,0.156873,9,136068
12852,0.258895,15,136083
12853,0.016709,1,136084
12854,0.162308,10,136094
12855,0.160784,10,136104
12856,-0.139379,17,136121
12857,0.0205,1,136122
12858,0.134145,8,136130
12859,0.155627,11,136141
12860,0.329701,19,136160
12861,0.196453,14,136174
12862,0.216515,12,136186
12863,0.234689,17,136203
12864,0.157406,9,136212
12865,0.259512,15,136227
12866,0.370493,21,136248
12867,0.223506,14,136262
12868,0.279754,16,136278
12869,0.167056,10,136288
12870,0.177745,11,136299
12871,0.019276,1,136300
12872,0.209154,12,136312
12873,0.332837,19,136331
12874,0.420304,23,136354
12875,0.553987,31,136385
12876,0.58427,48,136433
12877,0.184622,10,136443
12878,0.294229,17,136460
12879,0.202408,11,136471
12880,0.420019,24,136495
12881,0.193038,11,136506
12882,0.196617,13,136519
12883,0.185058,11,136530
12884,0.214441,14,136544
12885,0.242388,16,136560
12886,0.150939,9,136569
12887,0.22526,13,136582
12888,0.190757,11,136593
12889,0.381623,21,136614
12890,0.403917,24,136638
12891,0.289022,16,136654
12892,0.348885,19,136673
12893,0.323543,18,136691
12894,0.232904,14,136705
12895,0.335808,19,136724
12896,0.148795,8,136732
12897,0.219838,14,136746
12898,0.218818,14,136760
12899,0.27915,16,136776
12900,0.260311,16,136792
12901,0.451722,26,136818
12902,0.181981,11,136829
12903,0.167746,11,136840
12904,0.215591,13,136853
12905,0.205898,12,136865
12906,0.269749,15,136880
12907,0.355744,20,136900
12908,0.173438,10,136910
12909,0.623562,36,136946
12910,0.228876,13,136959
12911,0.291712,19,136978
12912,0.779968,45,137023
12913,0.433502,30,137053
12914,0.199426,15,137068
12915,0.309604,21,137089
12916,0.208622,13,137102
12917,0.204471,14,137116
12918,0.334055,21,137137
12919,0.212589,14,137151
12920,0.250908,16,137167
12921,0.259129,16,137183
12922,0.15802,9,137192
12923,0.127001,7,137199
12924,0.131244,7,137206
12925,0.207337,13,137219
12926,0.166443,9,137228
12927,0.132297,7,137235
12928,0.460651,26,137261
12929,0.185251,10,137271
12930,0.223753,12,137283
12931,0.233487,13,137296
12932,0.20138,12,137308
12933,0.209689,12,137320
12934,0.292461,16,137336
12935,0.448477,35,137371
12936,0.42074,24,137395
12937,0.239624,13,137408
12938,0.430673,36,137444
12939,0.214852,12,137456
12940,0.235747,14,137470
12941,0.263741,16,137486
12942,0.304398,22,137508
12943,0.366292,21,137529
12944,0.291126,19,137548
12945,0.156112,10,137558
12946,0.195021,11,137569
12947,0.265893,17,137586
12948,0.034201,2,137588
12949,0.013724,1,137589
12950,0.020261,1,137590
12951,0.553335,32,137622
12952,0.417987,26,137648
12953,0.399232,23,137671
12954,0.182011,10,137681
12955,0.312168,18,137699
12956,0.226703,13,137712
12957,0.238699,13,137725
12958,0.429238,28,137753
12959,0.273828,16,137769
12960,0.227088,13,137782
12961,0.286033,16,137798
12962,0.188927,11,137809
12963,0.245176,14,137823
12964,0.224747,13,137836
12965,0.52897,29,137865
12966,0.017703,1,137866
12967,0.018463,1,137867
12968,0.315735,18,137885
12969,0.248524,15,137900
12970,0.018748,1,137901
12971,0.248843,16,137917
12972,0.238381,14,137931
12973,0.242342,14,137945
12974,0.28738,17,137962
12975,0.263456,15,137977
12976,0.017111,1,137978
12977,0.219327,13,137991
12978,0.247905,16,138007
12979,0.228093,13,138020
12980,0.23344,15,138035
12981,0.310254,17,138052
12982,0.306838,17,138069
12983,0.253241,16,138085
12984,0.359509,23,138108
12985,0.247953,16,138124
12986,0.429155,25,138149
12987,0.315655,17,138166
12988,0.232382,14,138180
12989,0.246963,19,138199
12990,0.01417,1,138200
12991,0.200683,14,138214
12992,0.380419,24,138238
12993,0.015095,1,138239
12994,0.165115,9,138248
12995,0.296561,18,138266
12996,0.181681,10,138276
12997,0.18628,15,138291
12998,0.216482,15,138306
12999,0.160132,12,138318
13000,0.423586,23,138341
13001,0.019273,1,138342
13002,0.196982,11,138353
13003,0.281,17,138370
13004,0.225614,18,138388
13005,0.330798,22,138410
13006,0.301905,18,138428
13007,0.161471,10,138438
13008,0.018193,1,138439
13009,0.168985,9,138448
13010,0.336317,19,138467
13011,0.365292,20,138487
13012,0.22289,17,138504
13013,0.281352,19,138523
13014,0.289083,16,138539
13015,0.288656,19,138558
13016,0.527001,29,138587
13017,0.266969,16,138603
13018,0.202195,11,138614
13019,0.182189,14,138628
13020,0.206091,12,138640
13021,0.488193,32,138672
13022,0.292682,17,138689
13023,0.361224,22,138711
13024,0.207537,12,138723
13025,0.367485,22,138745
13026,0.018539,1,138746
13027,0.377165,23,138769
13028,0.280103,17,138786
13029,0.282645,16,138802
13030,0.271434,15,138817
13031,0.349328,20,138837
13032,0.218779,12,138849
13033,0.015518,1,138850
13034,0.334815,29,138879
13035,0.278024,17,138896
13036,0.266294,16,138912
13037,0.265504,15,138927
13038,0.33719,19,138946
13039,0.426713,25,138971
13040,0.298989,19,138990
13041,0.199752,12,139002
13042,0.353357,23,139025
13043,0.44971,28,139053
13044,0.209533,13,139066
13045,0.301517,17,139083
13046,0.162192,10,139093
13047,0.340772,19,139112
13048,0.243803,15,139127
13049,0.210235,14,139141
13050,0.374783,21,139162
13051,0.202756,12,139174
13052,0.225455,13,139187
13053,0.253977,17,139204
13054,0.016471,1,139205
13055,0.148685,9,139214
13056,0.152942,11,139225
13057,0.254775,14,139239
13058,0.360952,21,139260
13059,0.174414,11,139271
13060,0.342055,19,139290
13061,0.24029,15,139305
13062,0.30914,17,139322
13063,0.321251,18,139340
13064,0.434318,24,139364
13065,0.375126,21,139385
13066,0.148683,9,139394
13067,0.018009,1,139395
13068,0.258627,18,139413
13069,0.281574,19,139432
13070,0.278048,15,139447
13071,0.188997,11,139458
13072,0.314246,19,139477
13073,0.309209,17,139494
13074,0.441604,27,139521
13075,0.383682,26,139547
13076,0.26352,17,139564
13077,0.215422,12,139576
13078,0.215833,12,139588
13079,0.432717,24,139612
13080,0.124558,7,139619
13081,0.328466,18,139637
13082,0.253285,14,139651
13083,0.4194,27,139678
13084,0.415177,24,139702
13085,0.298317,17,139719
13086,0.265487,17,139736
13087,0.34392,20,139756
13088,0.299616,17,139773
13089,0.212941,13,139786
13090,0.269777,16,139802
13091,0.383,21,139823
13092,0.241739,15,139838
13093,0.252824,14,139852
13094,0.274051,17,139869
13095,0.239652,15,139884
13096,0.087889,6,139890
13097,0.304757,17,139907
13098,0.016232,1,139908
13099,0.017758,1,139909
13100,0.470369,27,139936
13101,0.237351,13,139949
13102,0.223642,15,139964
13103,0.018782,1,139965
13104,0.441279,28,139993
13105,0.181698,10,140003
13106,0.228655,14,140017
13107,0.312885,17,140034
13108,0.270908,16,140050
13109,0.212088,12,140062
13110,0.268394,15,140077
13111,0.286465,18,140095
13112,0.244497,20,140115
13113,0.301018,18,140133
13114,0.198406,11,140144
13115,0.252879,14,140158
13116,0.19459,11,140169
13117,0.268573,19,140188
13118,0.154422,11,140199
13119,0.158185,12,140211
13120,0.016745,1,140212
13121,0.271183,17,140229
13122,0.301886,18,140247
13123,0.341558,23,140270
13124,0.242258,14,140284
13125,0.266491,15,140299
13126,0.365158,20,140319
13127,0.328631,19,140338
13128,0.258457,15,140353
13129,0.41477,23,140376
13130,0.337967,20,140396
13131,0.335355,20,140416
13132,0.263655,17,140433
13133,0.252352,14,140447
13134,0.213744,12,140459
13135,0.447916,25,140484
13136,0.060852,5,140489
13137,0.267321,15,140504
13138,0.180172,13,140517
13139,0.019026,1,140518
13140,0.15061,8,140526
13141,0.20883,15,140541
13142,0.016737,1,140542
13143,0.290118,16,140558
13144,0.095142,5,140563
13145,0.209603,12,140575
13146,0.327543,19,140594
13147,0.212701,12,140606
13148,0.296802,22,140628
13149,0.365573,24,140652
13150,0.382398,23,140675
13151,0.113571,6,140681
13152,0.379877,21,140702
13153,0.254846,18,140720
13154,0.204554,13,140733
13155,0.185069,10,140743
13156,0.16051,11,140754
13157,0.193692,12,140766
13158,0.39546,23,140789
13159,0.333635,18,140807
13160,0.275261,15,140822
13161,0.162364,9,140831
13162,0.223592,13,140844
13163,0.235992,18,140862
13164,0.33541,20,140882
13165,0.101517,6,140888
13166,0.293013,20,140908
13167,0.21146,12,140920
13168,0.15556,10,140930
13169,0.345717,19,140949
13170,0.276017,15,140964
13171,0.303104,18,140982
13172,0.294707,17,140999
13173,0.252579,20,141019
13174,0.241088,13,141032
13175,0.346655,19,141051
13176,0.373136,21,141072
13177,0.019352,1,141073
13178,0.200226,11,141084
13179,0.018306,1,141085
13180,0.199117,13,141098
13181,0.131992,9,141107
13182,0.275957,15,141122
13183,0.202876,12,141134
13184,0.352309,19,141153
13185,0.265299,17,141170
13186,0.340569,23,141193
13187,0.318384,18,141211
13188,0.229337,13,141224
13189,0.266329,15,141239
13190,0.309895,17,141256
13191,0.385525,30,141286
13192,0.201803,12,141298
13193,0.291106,16,141314
13194,0.280542,16,141330
13195,0.323083,18,141348
13196,0.299894,21,141369
13197,0.307358,19,141388
13198,0.254133,14,141402
13199,0.304807,19,141421
13200,0.402448,22,141443
13201,0.307129,20,141463
13202,0.260102,17,141480
13203,0.161683,11,141491
13204,0.217946,12,141503
13205,0.357323,20,141523
13206,0.307782,21,141544
13207,0.327069,18,141562
13208,0.255901,15,141577
13209,0.352839,22,141599
13210,0.221091,12,141611
13211,0.473042,29,141640
13212,0.132108,7,141647
13213,0.250391,17,141664
13214,0.327285,20,141684
13215,0.356818,22,141706
13216,0.207467,12,141718
13217,0.201315,12,141730
13218,0.237464,13,141743
13219,0.200354,11,141754
13220,0.249956,15,141769
13221,0.212031,14,141783
13222,0.302209,20,141803
13223,0.34529,23,141826
13224,0.251882,15,141841
13225,0.169824,10,141851
13226,0.292963,26,141877
13227,0.258838,15,141892
13228,0.357406,24,141916
13229,0.389811,22,141938
13230,0.138833,9,141947
13231,0.368171,22,141969
13232,0.297138,17,141986
13233,0.1956,11,141997
13234,0.307331,18,142015
13235,0.302469,18,142033
13236,0.253862,15,142048
13237,0.315182,19,142067
13238,0.349339,20,142087
13239,0.212452,12,142099
13240,0.229679,14,142113
13241,0.519985,29,142142
13242,0.167861,11,142153
13243,0.249183,17,142170
13244,0.226214,16,142186
13245,0.450516,35,142221
13246,0.016363,1,142222
13247,0.284842,16,142238
13248,0.22461,14,142252
13249,0.194889,12,142264
13250,0.422294,25,142289
13251,0.436918,26,142315
13252,0.016391,1,142316
13253,0.329435,24,142340
13254,0.240953,13,142353
13255,0.267583,17,142370
13256,0.289553,16,142386
13257,0.217367,12,142398
13258,0.177467,15,142413
13259,0.284798,18,142431
13260,0.255063,14,142445
13261,0.223142,14,142459
13262,0.259146,14,142473
13263,0.478694,28,142501
13264,0.290576,17,142518
13265,0.268762,19,142537
13266,0.297166,18,142555
13267,0.232206,14,142569
13268,0.240137,13,142582
13269,0.25068,17,142599
13270,0.37586,32,142631
13271,0.017512,1,142632
13272,0.16651,11,142643
13273,0.300843,20,142663
13274,0.259949,15,142678
13275,0.253268,14,142692
13276,0.215601,12,142704
13277,0.406616,22,142726
13278,0.210565,15,142741
13279,0.320585,20,142761
13280,0.27284,18,142779
13281,0.36655,21,142800
13282,0.253492,15,142815
13283,0.206282,14,142829
13284,0.164693,9,142838
13285,0.269106,15,142853
13286,0.181266,11,142864
13287,0.252754,15,142879
13288,0.189126,11,142890
13289,0.217997,14,142904
13290,0.277296,15,142919
13291,0.236801,14,142933
13292,0.28928,16,142949
13293,0.362554,20,142969
13294,0.018222,1,142970
13295,0.229551,14,142984
13296,0.270593,15,142999
13297,0.275963,16,143015
13298,0.215362,12,143027
13299,0.342888,22,143049
13300,0.204046,12,143061
13301,0.27389,16,143077
13302,0.248181,16,143093
13303,0.286008,16,143109
13304,0.342358,22,143131
13305,0.075621,4,143135
13306,0.211257,12,143147
13307,0.216819,16,143163
13308,0.293027,16,143179
13309,-0.139722,18,143197
13310,0.017935,1,143198
13311,0.377761,22,143220
13312,0.223604,14,143234
13313,0.258294,15,143249
13314,0.292897,17,143266
13315,0.328437,21,143287
13316,0.581153,32,143319
13317,0.2874,16,143335
13318,0.290816,17,143352
13319,0.256795,14,143366
13320,0.29452,16,143382
13321,0.226481,14,143396
13322,0.392015,22,143418
13323,0.246188,14,143432
13324,0.186849,10,143442
13325,0.357817,22,143464
13326,0.296447,18,143482
13327,0.411091,26,143508
13328,0.217308,12,143520
13329,0.18718,12,143532
13330,0.197436,14,143546
13331,0.187801,12,143558
13332,0.228425,14,143572
13333,0.273527,15,143587
13334,0.236822,13,143600
13335,0.372322,22,143622
13336,0.226578,21,143643
13337,0.180516,10,143653
13338,0.306918,17,143670
13339,0.018787,1,143671
13340,0.30655,17,143688
13341,0.167191,9,143697
13342,0.255402,15,143712
13343,0.327607,18,143730
13344,0.26474,15,143745
13345,0.235462,13,143758
13346,0.188931,14,143772
13347,0.202826,12,143784
13348,0.244862,15,143799
13349,0.25066,16,143815
13350,0.19903,11,143826
13351,0.094595,5,143831
13352,0.24009,14,143845
13353,0.291195,16,143861
13354,0.386082,21,143882
13355,0.23803,15,143897
13356,0.278394,19,143916
13357,0.418854,33,143949
13358,0.1531,10,143959
13359,0.417521,25,143984
13360,0.368449,20,144004
13361,0.280784,19,144023
13362,0.271612,17,144040
13363,0.324674,19,144059
13364,0.287548,16,144075
13365,0.412429,32,144107
13366,0.235698,16,144123
13367,0.294618,16,144139
13368,0.287611,16,144155
13369,0.297883,19,144174
13370,0.234441,13,144187
13371,0.22296,12,144199
13372,0.341135,21,144220
13373,0.292287,17,144237
13374,0.375975,24,144261
13375,0.2016,14,144275
13376,0.244568,18,144293
13377,0.224874,14,144307
13378,0.255075,14,144321
13379,0.324455,22,144343
13380,0.130398,10,144353
13381,0.376455,26,144379
13382,0.162204,9,144388
13383,0.376769,27,144415
13384,0.203403,11,144426
13385,0.397961,24,144450
13386,0.31312,21,144471
13387,0.227619,19,144490
13388,0.197849,12,144502
13389,0.238814,13,144515
13390,0.24154,13,144528
13391,0.162991,9,144537
13392,0.363131,20,144557
13393,0.207196,13,144570
13394,0.016389,1,144571
13395,0.260963,15,144586
13396,0.255098,16,144602
13397,0.017084,1,144603
13398,0.018379,1,144604
13399,0.323171,18,144622
13400,0.228599,14,144636
13401,0.276334,16,144652
13402,0.314339,18,144670
13403,0.340894,19,144689
13404,0.257789,16,144705
13405,0.297081,18,144723
13406,0.269355,21,144744
13407,0.326962,22,144766
13408,0.291655,16,144782
13409,0.363092,22,144804
13410,0.265731,19,144823
13411,0.316076,18,144841
13412,0.195033,13,144854
13413,0.176726,11,144865
13414,0.223829,14,144879
13415,0.208886,13,144892
13416,0.286673,19,144911
13417,0.298709,17,144928
13418,0.398149,26,144954
13419,0.351737,21,144975
13420,0.244437,14,144989
13421,0.234711,13,145002
13422,0.274041,16,145018
13423,0.370912,21,145039
13424,0.180028,12,145051
13425,0.400963,25,145076
13426,0.220233,12,145088
13427,0.349966,34,145122
13428,0.299712,17,145139
13429,0.263376,16,145155
13430,0.225575,13,145168
13431,0.267056,15,145183
13432,0.018384,1,145184
13433,0.270426,15,145199
13434,0.239998,14,145213
13435,0.294494,18,145231
13436,0.017164,1,145232
13437,0.183921,11,145243
13438,0.01952,1,145244
13439,0.277871,18,145262
13440,0.208259,12,145274
13441,0.188922,11,145285
13442,0.206193,13,145298
13443,0.260356,19,145317
13444,0.201759,12,145329
13445,0.221322,16,145345
13446,0.314979,18,145363
13447,0.251148,14,145377
13448,0.288533,16,145393
13449,0.133122,7,145400
13450,0.177269,10,145410
13451,0.180619,11,145421
13452,0.204928,12,145433
13453,0.215494,13,145446
13454,0.264012,15,145461
13455,0.186397,11,145472
13456,0.234096,15,145487
13457,0.172882,11,145498
13458,0.201982,13,145511
13459,0.206638,13,145524
13460,0.231485,16,145540
13461,0.259787,14,145554
13462,0.194009,12,145566
13463,0.249171,14,145580
13464,0.275791,16,145596
13465,0.211137,12,145608
13466,0.338376,19,145627
13467,0.307993,21,145648
13468,0.31526,19,145667
13469,0.235233,16,145683
13470,0.272976,15,145698
13471,0.283423,16,145714
13472,0.217111,14,145728
13473,0.333228,21,145749
13474,0.512604,28,145777
13475,0.207657,13,145790
13476,0.241361,15,145805
13477,0.17523,10,145815
13478,0.174439,13,145828
13479,0.208924,20,145848
13480,0.304829,17,145865
13481,0.195399,12,145877
13482,0.387983,27,145904
13483,0.262772,15,145919
13484,0.198923,14,145933
13485,0.200526,13,145946
13486,0.270802,15,145961
13487,0.168443,14,145975
13488,0.256551,18,145993
13489,0.232937,13,146006
13490,0.414336,37,146043
13491,0.367058,23,146066
13492,0.244583,14,146080
13493,0.095392,5,146085
13494,0.235334,13,146098
13495,0.17959,11,146109
13496,0.275717,17,146126
13497,0.3119,23,146149
13498,0.205812,15,146164
13499,0.16721,11,146175
13500,0.220248,14,146189
13501,0.235011,13,146202
13502,0.184968,11,146213
13503,0.407192,24,146237
13504,0.334222,22,146259
13505,0.541771,35,146294
13506,0.203033,12,146306
13507,0.324622,19,146325
13508,0.238633,14,146339
13509,0.330806,18,146357
13510,0.218464,12,146369
13511,0.307126,18,146387
13512,0.19358,13,146400
13513,0.186809,10,146410
13514,0.154158,11,146421
13515,0.44799,26,146447
13516,0.339536,20,146467
13517,0.215812,13,146480
13518,0.374107,21,146501
13519,0.231575,13,146514
13520,0.268395,25,146539
13521,0.261332,16,146555
13522,0.133907,7,146562
13523,0.220422,16,146578
13524,0.234201,13,146591
13525,0.179058,12,146603
13526,0.180682,10,146613
13527,0.463876,28,146641
13528,0.276837,15,146656
13529,0.275145,16,146672
13530,0.214396,12,146684
13531,0.348351,19,146703
13532,0.202048,12,146715
13533,0.174845,10,146725
13534,0.267231,15,146740
13535,0.294367,18,146758
13536,0.402943,26,146784
13537,0.372861,21,146805
13538,0.314138,20,146825
13539,0.369139,23,146848
13540,0.092066,5,146853
13541,0.247524,17,146870
13542,0.234681,13,146883
13543,0.214999,14,146897
13544,0.307701,20,146917
13545,0.23796,13,146930
13546,0.401273,33,146963
13547,0.279004,16,146979
13548,0.303012,18,146997
13549,0.216955,12,147009
13550,0.268326,15,147024
13551,0.371182,20,147044
13552,0.183301,14,147058
13553,0.435785,24,147082
13554,0.216358,13,147095
13555,0.232238,13,147108
13556,0.30291,17,147125
13557,0.204301,12,147137
13558,0.368401,21,147158
13559,0.188365,10,147168
13560,0.192976,11,147179
13561,0.124258,8,147187
13562,0.220052,13,147200
13563,0.286587,16,147216
13564,0.230859,16,147232
13565,0.312631,19,147251
13566,0.264898,21,147272
13567,0.160364,9,147281
13568,0.320384,20,147301
13569,0.261376,16,147317
13570,0.22563,13,147330
13571,0.310951,19,147349
13572,0.290547,19,147368
13573,0.286416,16,147384
13574,0.295517,16,147400
13575,0.018218,1,147401
13576,0.242466,17,147418
13577,0.512382,29,147447
13578,0.239657,16,147463
13579,0.295576,16,147479
13580,0.297059,17,147496
13581,0.356155,20,147516
13582,0.267527,17,147533
13583,0.199944,13,147546
13584,0.234547,13,147559
13585,0.286315,19,147578
13586,0.016305,1,147579
13587,0.334596,19,147598
13588,0.217095,13,147611
13589,0.412106,25,147636
13590,0.26877,21,147657
13591,0.019143,1,147658
13592,0.200272,12,147670
13593,0.1827,11,147681
13594,0.16561,9,147690
13595,0.19515,11,147701
13596,0.252437,16,147717
13597,0.332982,18,147735
13598,0.277285,15,147750
13599,0.258388,16,147766
13600,0.436036,26,147792
13601,0.300364,20,147812
13602,0.265528,16,147828
13603,0.189461,13,147841
13604,0.30531,20,147861
13605,0.253423,14,147875
13606,0.260799,14,147889
13607,0.37924,21,147910
13608,0.213942,13,147923
13609,0.239502,13,147936
13610,0.355944,21,147957
13611,0.233928,13,147970
13612,0.272335,15,147985
13613,0.266152,16,148001
13614,0.263402,15,148016
13615,0.274939,15,148031
13616,0.349772,21,148052
13617,0.019645,1,148053
13618,0.299156,18,148071
13619,0.394543,23,148094
13620,0.288452,16,148110
13621,0.322246,19,148129
13622,0.296868,18,148147
13623,0.338397,20,148167
13624,0.417299,23,148190
13625,0.285686,18,148208
13626,0.337395,20,148228
13627,0.054705,3,148231
13628,0.016486,1,148232
13629,0.206949,12,148244
13630,0.378479,21,148265
13631,0.346767,21,148286
13632,0.313685,21,148307
13633,0.332074,18,148325
13634,0.347194,20,148345
13635,0.223014,14,148359
13636,0.204269,12,148371
13637,0.35929,21,148392
13638,0.180159,10,148402
13639,0.17661,10,148412
13640,0.014681,1,148413
13641,0.193035,11,148424
13642,0.269998,15,148439
13643,0.409721,23,148462
13644,0.277922,16,148478
13645,0.321582,19,148497
13646,0.017988,1,148498
13647,0.245444,14,148512
13648,0.130499,7,148519
13649,0.288392,16,148535
13650,0.404399,22,148557
13651,0.214718,12,148569
13652,0.218685,12,148581
13653,0.223954,12,148593
13654,0.354694,21,148614
13655,0.341754,19,148633
13656,0.113899,6,148639
13657,0.310369,17,148656
13658,0.236736,15,148671
13659,0.262605,17,148688
13660,0.297029,18,148706
13661,0.249901,14,148720
13662,0.204709,13,148733
13663,0.19575,11,148744
13664,0.363181,25,148769
13665,0.147191,10,148779
13666,0.388455,23,148802
13667,0.236786,13,148815
13668,0.198749,11,148826
13669,0.20788,15,148841
13670,0.207961,13,148854
13671,0.289117,16,148870
13672,0.202242,11,148881
13673,0.333872,21,148902
13674,0.549896,33,148935
13675,0.27992,16,148951
13676,0.235989,13,148964
13677,0.440043,25,148989
13678,0.048134,3,148992
13679,0.193605,14,149006
13680,0.216908,13,149019
13681,0.278106,17,149036
13682,0.249159,15,149051
13683,0.209493,14,149065
13684,0.282077,16,149081
13685,0.207389,12,149093
13686,0.359364,21,149114
13687,0.381981,29,149143
13688,0.205845,14,149157
13689,0.239219,14,149171
13690,0.228076,15,149186
13691,0.373463,21,149207
13692,0.357908,21,149228
13693,0.205632,13,149241
13694,0.291873,18,149259
13695,0.200232,11,149270
13696,0.161786,11,149281
13697,0.386911,22,149303
13698,0.162071,9,149312
13699,0.250941,14,149326
13700,0.204635,12,149338
13701,0.231252,15,149353
13702,0.405336,27,149380
13703,0.175881,10,149390
13704,0.420853,23,149413
13705,0.306036,19,149432
13706,0.236957,14,149446
13707,0.241332,15,149461
13708,0.294744,20,149481
13709,0.268495,17,149498
13710,0.164455,10,149508
13711,0.315509,18,149526
13712,0.235393,13,149539
13713,0.193262,12,149551
13714,0.33802,21,149572
13715,0.309273,17,149589
13716,0.308406,18,149607
13717,0.26089,15,149622
13718,0.262519,15,149637
13719,0.248542,14,149651
13720,0.176526,10,149661
13721,0.416654,25,149686
13722,0.332293,19,149705
13723,0.289882,17,149722
13724,0.130696,7,149729
13725,0.372883,21,149750
13726,0.30984,19,149769
13727,0.165139,13,149782
13728,0.42943,24,149806
13729,0.277769,19,149825
13730,0.218005,12,149837
13731,0.242774,15,149852
13732,0.243467,17,149869
13733,0.202334,11,149880
13734,0.018899,1,149881
13735,0.321704,19,149900
13736,0.275569,15,149915
13737,0.223194,13,149928
13738,0.256702,16,149944
13739,0.232904,17,149961
13740,0.106273,7,149968
13741,0.202063,13,149981
13742,0.352897,30,150011
13743,0.222657,15,150026
13744,0.173111,10,150036
13745,0.18068,13,150049
13746,0.231512,16,150065
13747,0.317389,18,150083
13748,0.303419,18,150101
13749,0.186099,11,150112
13750,0.019529,1,150113
13751,0.240374,14,150127
13752,0.22201,13,150140
13753,0.149024,8,150148
13754,0.254954,15,150163
13755,0.323891,19,150182
13756,0.176013,10,150192
13757,0.216274,13,150205
13758,0.563136,33,150238
13759,0.191092,11,150249
13760,0.23429,13,150262
13761,0.214773,12,150274
13762,0.235642,14,150288
13763,0.23267,14,150302
13764,0.016647,1,150303
13765,0.207465,13,150316
13766,0.264361,16,150332
13767,0.23287,17,150349
13768,0.255772,16,150365
13769,0.182288,10,150375
13770,0.272188,16,150391
13771,0.24659,15,150406
13772,0.248958,16,150422
13773,0.329687,19,150441
13774,0.225756,12,150453
13775,0.269593,15,150468
13776,0.274167,15,150483
13777,0.186234,11,150494
13778,0.199614,11,150505
13779,0.217608,12,150517
13780,0.202189,11,150528
13781,0.018611,1,150529
13782,0.298882,17,150546
13783,0.232782,13,150559
13784,0.324266,19,150578
13785,0.200221,11,150589
13786,0.340712,19,150608
13787,0.252357,16,150624
13788,0.22036,12,150636
13789,0.52255,29,150665
13790,0.259077,15,150680
13791,0.015727,1,150681
13792,0.190665,14,150695
13793,0.367265,23,150718
13794,0.155577,9,150727
13795,0.362356,20,150747
13796,0.336997,21,150768
13797,0.27947,15,150783
13798,0.406757,27,150810
13799,0.236064,16,150826
13800,0.187204,10,150836
13801,0.170928,9,150845
13802,0.239527,13,150858
13803,0.255861,14,150872
13804,0.158364,9,150881
13805,0.277206,17,150898
13806,0.325232,18,150916
13807,0.223497,13,150929
13808,0.312389,20,150949
13809,0.395989,24,150973
13810,0.092028,5,150978
13811,0.434397,25,151003
13812,0.265972,17,151020
13813,0.349609,20,151040
13814,0.439657,24,151064
13815,0.360828,20,151084
13816,0.443184,24,151108
13817,0.191823,12,151120
13818,0.333292,18,151138
13819,0.224824,13,151151
13820,0.279691,16,151167
13821,0.338348,19,151186
13822,0.463191,26,151212
13823,0.276624,15,151227
13824,0.18721,10,151237
13825,0.25316,14,151251
13826,0.241845,14,151265
13827,0.199419,15,151280
13828,0.381421,26,151306
13829,0.153489,8,151314
13830,0.259057,18,151332
13831,0.29037,16,151348
13832,0.294771,18,151366
13833,0.305012,17,151383
13834,0.231934,13,151396
13835,0.255494,16,151412
13836,0.235802,16,151428
13837,0.329228,19,151447
13838,0.418801,26,151473
13839,0.334586,19,151492
13840,0.052705,3,151495
13841,0.341655,20,151515
13842,0.217822,12,151527
13843,0.206932,12,151539
13844,0.206633,11,151550
13845,0.018159,1,151551
13846,0.295389,16,151567
13847,0.35397,22,151589
13848,0.262197,17,151606
13849,0.364884,22,151628
13850,0.408686,23,151651
13851,0.239104,17,151668
13852,0.361092,23,151691
13853,0.333724,21,151712
13854,0.39812,31,151743
13855,0.019813,1,151744
13856,0.292145,16,151760
13857,0.202365,15,151775
13858,0.168621,9,151784
13859,0.186211,12,151796
13860,0.378726,22,151818
13861,0.280245,20,151838
13862,0.016433,1,151839
13863,0.226539,17,151856
13864,0.368773,21,151877
13865,0.208809,12,151889
13866,0.324426,22,151911
13867,0.434865,28,151939
13868,0.233236,14,151953
13869,0.214734,13,151966
13870,0.300726,18,151984
13871,0.249119,16,152000
13872,0.199367,12,152012
13873,0.316998,17,152029
13874,0.575875,32,152061
13875,0.216425,13,152074
13876,0.32169,19,152093
13877,0.292987,17,152110
13878,0.175625,11,152121
13879,0.155184,12,152133
13880,0.204214,12,152145
13881,0.360119,20,152165
13882,0.223336,12,152177
13883,0.289786,16,152193
13884,0.23205,13,152206
13885,0.224953,12,152218
13886,0.166129,9,152227
13887,0.219749,13,152240
13888,0.371904,23,152263
13889,0.289496,16,152279
13890,0.267229,16,152295
13891,0.322164,19,152314
13892,0.244268,14,152328
13893,0.358223,20,152348
13894,0.265667,19,152367
13895,0.366981,20,152387
13896,0.337056,20,152407
13897,0.383798,27,152434
13898,0.26605,15,152449
13899,0.197352,11,152460
13900,0.269457,15,152475
13901,0.018123,1,152476
13902,0.350957,20,152496
13903,0.45519,25,152521
13904,0.33201,20,152541
13905,0.302596,17,152558
13906,0.150175,8,152566
13907,0.203415,13,152579
13908,0.294149,17,152596
13909,0.310651,21,152617
13910,0.347704,20,152637
13911,0.337347,20,152657
13912,0.269892,15,152672
13913,0.320692,20,152692
13914,0.228352,15,152707
13915,0.237202,13,152720
13916,0.381941,22,152742
13917,0.381768,21,152763
13918,0.167345,9,152772
13919,0.468711,26,152798
13920,0.170268,11,152809
13921,0.186229,11,152820
13922,0.194835,12,152832
13923,0.266154,15,152847
13924,0.397002,23,152870
13925,0.194163,12,152882
13926,0.225434,13,152895
13927,0.287826,26,152921
13928,0.377482,23,152944
13929,0.291562,16,152960
13930,0.44308,26,152986
13931,0.332262,21,153007
13932,0.245215,15,153022
13933,0.191836,12,153034
13934,0.233191,19,153053
13935,0.231613,13,153066
13936,0.212211,16,153082
13937,0.195318,13,153095
13938,0.273115,15,153110
13939,0.542082,31,153141
13940,0.210773,12,153153
13941,0.173,10,153163
13942,0.391385,23,153186
13943,0.225333,13,153199
13944,0.505757,28,153227
13945,0.272081,16,153243
13946,0.28427,16,153259
13947,0.211718,13,153272
13948,0.299996,17,153289
13949,0.32733,21,153310
13950,0.263533,16,153326
13951,0.331178,20,153346
13952,0.016389,1,153347
13953,0.218589,14,153361
13954,0.204848,14,153375
13955,0.110245,7,153382
13956,0.322542,18,153400
13957,0.225542,14,153414
13958,0.324823,18,153432
13959,0.019485,1,153433
13960,0.204121,14,153447
13961,0.230148,13,153460
13962,0.216239,13,153473
13963,0.339167,21,153494
13964,0.015999,1,153495
13965,0.42832,26,153521
13966,0.410466,24,153545
13967,0.264584,16,153561
13968,0.284289,16,153577
13969,0.386759,29,153606
13970,0.285885,16,153622
13971,0.278497,19,153641
13972,0.399917,22,153663
13973,0.222183,13,153676
13974,0.192462,11,153687
13975,0.308796,24,153711
13976,0.370491,23,153734
13977,0.204855,13,153747
13978,0.172044,11,153758
13979,0.193624,13,153771
13980,0.165367,9,153780
13981,0.33196,18,153798
13982,0.427562,26,153824
13983,0.233037,13,153837
13984,0.014575,1,153838
13985,0.273869,15,153853
13986,0.215727,13,153866
13987,0.149581,8,153874
13988,0.255867,17,153891
13989,0.237422,15,153906
13990,0.183995,12,153918
13991,0.488626,31,153949
13992,0.014867,1,153950
13993,0.188913,10,153960
13994,0.191816,11,153971
13995,0.284191,18,153989
13996,0.333733,19,154008
13997,0.235336,14,154022
13998,0.301294,17,154039
13999,0.420045,24,154063
14000,0.178697,11,154074
14001,0.185163,13,154087
14002,0.194109,11,154098
14003,0.249274,17,154115
14004,0.264251,15,154130
14005,0.194512,11,154141
14006,0.225777,13,154154
14007,0.248432,20,154174
14008,0.223499,17,154191
14009,0.228818,14,154205
14010,0.164366,10,154215
14011,0.019754,1,154216
14012,0.018179,1,154217
14013,0.29879,20,154237
14014,0.338593,21,154258
14015,0.201252,11,154269
14016,0.397517,22,154291
14017,0.24312,15,154306
14018,0.250665,16,154322
14019,0.333167,25,154347
14020,0.265122,16,154363
14021,0.251638,16,154379
14022,0.311024,19,154398
14023,0.262324,17,154415
14024,0.179148,12,154427
14025,0.27968,16,154443
14026,0.015621,1,154444
14027,0.267689,15,154459
14028,0.01276,1,154460
14029,0.207568,14,154474
14030,0.231214,15,154489
14031,0.177574,12,154501
14032,0.295335,19,154520
14033,0.229559,13,154533
14034,0.177725,11,154544
14035,0.275186,15,154559
14036,0.221156,12,154571
14037,0.22987,16,154587
14038,0.211202,12,154599
14039,0.333653,19,154618
14040,0.301763,18,154636
14041,0.245732,17,154653
14042,0.075317,4,154657
14043,0.316328,17,154674
14044,0.286456,16,154690
14045,0.157258,9,154699
14046,0.202235,13,154712
14047,0.253928,15,154727
14048,0.141348,10,154737
14049,0.355045,20,154757
14050,0.251961,16,154773
14051,0.236114,13,154786
14052,0.254141,14,154800
14053,0.343585,23,154823
14054,0.338066,20,154843
14055,0.256908,16,154859
14056,0.434969,24,154883
14057,0.28705,17,154900
14058,0.347078,23,154923
14059,0.295817,18,154941
14060,0.336645,19,154960
14061,0.171554,12,154972
14062,0.385407,21,154993
14063,0.350367,21,155014
14064,0.295447,16,155030
14065,0.189996,11,155041
14066,0.290756,16,155057
14067,0.132599,11,155068
14068,0.190718,13,155081
14069,0.204811,15,155096
14070,0.222734,14,155110
14071,0.014119,1,155111
14072,0.347418,24,155135
14073,0.324349,30,155165
14074,0.332131,18,155183
14075,0.333847,19,155202
14076,0.276214,15,155217
14077,0.190689,14,155231
14078,0.05852,3,155234
14079,0.452075,34,155268
14080,0.266114,16,155284
14081,0.388052,24,155308
14082,0.216118,14,155322
14083,0.250621,15,155337
14084,0.241755,13,155350
14085,0.24007,15,155365
14086,0.366255,20,155385
14087,0.145312,8,155393
14088,0.197186,11,155404
14089,0.248743,16,155420
14090,0.279447,18,155438
14091,0.017959,1,155439
14092,0.187064,11,155450
14093,0.248535,14,155464
14094,0.313882,17,155481
14095,0.18846,12,155493
14096,0.218597,14,155507
14097,0.278565,16,155523
14098,0.210602,13,155536
14099,0.232085,14,155550
14100,0.197024,11,155561
14101,0.370603,22,155583
14102,0.198164,14,155597
14103,0.259401,15,155612
14104,0.227941,18,155630
14105,0.321528,19,155649
14106,0.244056,16,155665
14107,0.194084,15,155680
14108,0.235386,14,155694
14109,0.352922,21,155715
14110,0.01032,1,155716
14111,0.363233,21,155737
14112,0.250887,14,155751
14113,0.244584,18,155769
14114,0.374729,22,155791
14115,0.299628,17,155808
14116,0.202962,12,155820
14117,0.373393,21,155841
14118,0.287575,18,155859
14119,0.385443,23,155882
14120,0.182129,12,155894
14121,0.157474,11,155905
14122,0.258948,18,155923
14123,0.16651,11,155934
14124,0.20006,15,155949
14125,0.176136,10,155959
14126,0.311482,17,155976
14127,0.286132,16,155992
14128,0.211437,16,156008
14129,0.014309,1,156009
14130,0.18303,11,156020
14131,0.289973,19,156039
14132,0.241323,13,156052
14133,0.224635,12,156064
14134,0.387564,22,156086
14135,0.187135,11,156097
14136,0.564716,32,156129
14137,0.365984,26,156155
14138,0.314653,17,156172
14139,0.300943,18,156190
14140,0.192633,12,156202
14141,0.273717,17,156219
14142,0.31688,18,156237
14143,0.286548,16,156253
14144,0.292655,20,156273
14145,0.231568,14,156287
14146,0.401438,23,156310
14147,0.305357,20,156330
14148,0.315048,17,156347
14149,0.173658,14,156361
14150,0.261014,15,156376
14151,0.201649,11,156387
14152,0.278243,16,156403
14153,0.248942,16,156419
14154,0.318827,23,156442
14155,0.25628,15,156457
14156,0.24162,13,156470
14157,0.221603,15,156485
14158,0.226204,14,156499
14159,0.219013,12,156511
14160,0.168862,9,156520
14161,0.20754,12,156532
14162,0.185529,12,156544
14163,0.290163,18,156562
14164,0.365212,20,156582
14165,0.221929,14,156596
14166,0.124098,7,156603
14167,0.09374,5,156608
14168,0.335856,31,156639
14169,0.490776,27,156666
14170,0.203753,12,156678
14171,0.223073,13,156691
14172,0.184687,12,156703
14173,0.240057,15,156718
14174,0.339512,21,156739
14175,0.280233,17,156756
14176,0.159799,9,156765
14177,0.180678,10,156775
14178,0.326245,20,156795
14179,0.425878,23,156818
14180,0.255654,16,156834
14181,0.288236,17,156851
14182,0.476213,26,156877
14183,0.276761,17,156894
14184,0.231103,15,156909
14185,0.213587,15,156924
14186,0.348514,26,156950
14187,0.193569,12,156962
14188,0.246233,15,156977
14189,0.247915,15,156992
14190,0.198332,11,157003
14191,0.365926,25,157028
14192,0.199786,12,157040
14193,0.212637,13,157053
14194,0.309373,18,157071
14195,0.228802,14,157085
14196,0.247255,14,157099
14197,0.515269,31,157130
14198,0.283346,20,157150
14199,0.255281,16,157166
14200,0.018892,1,157167
14201,0.282899,16,157183
14202,0.320777,18,157201
14203,0.216098,13,157214
14204,0.259788,15,157229
14205,0.333667,20,157249
14206,0.208397,14,157263
14207,0.264312,15,157278
14208,0.308258,18,157296
14209,0.306282,19,157315
14210,0.231751,14,157329
14211,0.236542,15,157344
14212,0.14805,12,157356
14213,0.241752,14,157370
14214,0.313352,19,157389
14215,0.208558,12,157401
14216,0.221512,13,157414
14217,0.248366,14,157428
14218,0.211514,13,157441
14219,0.238598,13,157454
14220,0.183832,10,157464
14221,0.237761,14,157478
14222,0.250398,15,157493
14223,0.370002,21,157514
14224,0.229565,13,157527
14225,0.168823,11,157538
14226,0.195518,12,157550
14227,0.321548,22,157572
14228,0.255963,14,157586
14229,0.238907,13,157599
14230,0.249337,14,157613
14231,0.220755,12,157625
14232,0.254493,14,157639
14233,0.243748,14,157653
14234,0.251773,14,157667
14235,0.253602,15,157682
14236,0.258679,17,157699
14237,0.259128,15,157714
14238,0.195436,12,157726
14239,0.368047,20,157746
14240,0.225234,12,157758
14241,0.380769,24,157782
14242,0.315054,19,157801
14243,0.246834,16,157817
14244,0.263221,16,157833
14245,0.412914,24,157857
14246,0.443734,24,157881
14247,0.204124,11,157892
14248,0.440691,25,157917
14249,0.243746,16,157933
14250,0.232486,14,157947
14251,0.400902,22,157969
14252,0.293785,19,157988
14253,0.272698,18,158006
14254,0.298569,17,158023
14255,0.250829,20,158043
14256,0.251587,14,158057
14257,0.201493,12,158069
14258,0.416982,27,158096
14259,0.015441,1,158097
14260,0.018105,1,158098
14261,0.371555,21,158119
14262,0.373469,24,158143
14263,0.22983,13,158156
14264,0.283823,16,158172
14265,0.219008,13,158185
14266,0.24504,14,158199
14267,0.415115,24,158223
14268,0.50539,32,158255
14269,0.237201,13,158268
14270,0.182079,12,158280
14271,0.349609,20,158300
14272,0.202994,12,158312
14273,0.265012,15,158327
14274,0.254381,15,158342
14275,0.538754,30,158372
14276,0.286046,18,158390
14277,0.250817,17,158407
14278,0.197543,11,158418
14279,0.165849,12,158430
14280,0.268765,15,158445
14281,0.385742,21,158466
14282,0.311816,17,158483
14283,0.239282,15,158498
14284,0.244023,18,158516
14285,0.371441,20,158536
14286,0.371212,21,158557
14287,0.267872,15,158572
14288,0.213304,14,158586
14289,0.225749,12,158598
14290,0.275876,19,158617
14291,0.215087,13,158630
14292,0.221289,15,158645
14293,0.282164,19,158664
14294,0.374989,34,158698
14295,0.019016,1,158699
14296,0.245658,16,158715
14297,0.362304,22,158737
14298,0.19597,11,158748
14299,0.329177,22,158770
14300,0.25827,15,158785
14301,0.254668,17,158802
14302,0.254432,15,158817
14303,0.263169,15,158832
14304,0.283224,19,158851
14305,0.24321,15,158866
14306,0.316287,19,158885
14307,0.216249,13,158898
14308,0.214323,13,158911
14309,0.25187,15,158926
14310,0.43862,28,158954
14311,0.335871,21,158975
14312,0.167488,10,158985
14313,0.181683,13,158998
14314,0.285141,22,159020
14315,0.132627,7,159027
14316,0.21526,13,159040
14317,0.228705,16,159056
14318,0.199861,11,159067
14319,0.017217,1,159068
14320,0.38692,21,159089
14321,0.352115,21,159110
14322,0.181962,12,159122
14323,0.302167,17,159139
14324,0.019099,1,159140
14325,0.305061,18,159158
14326,0.268284,15,159173
14327,0.194161,12,159185
14328,0.179958,10,159195
14329,0.180706,10,159205
14330,0.399637,24,159229
14331,0.170501,9,159238
14332,0.328459,20,159258
14333,0.378472,21,159279
14334,0.203225,12,159291
14335,0.564253,31,159322
14336,0.362256,22,159344
14337,0.414035,23,159367
14338,0.220437,13,159380
14339,0.332051,20,159400
14340,0.312299,18,159418
14341,0.391654,29,159447
14342,0.268705,15,159462
14343,0.235316,14,159476
14344,0.303354,17,159493
14345,0.288172,23,159516
14346,0.417072,23,159539
14347,0.186836,10,159549
14348,0.569447,32,159581
14349,0.482569,27,159608
14350,0.231955,13,159621
14351,0.275792,17,159638
14352,0.302492,19,159657
14353,0.296218,22,159679
14354,0.407647,24,159703
14355,0.213164,14,159717
14356,0.302902,18,159735
14357,0.247172,15,159750
14358,0.256485,14,159764
14359,0.51079,28,159792
14360,0.175252,11,159803
14361,0.202244,14,159817
14362,0.289755,22,159839
14363,0.017281,1,159840
14364,0.296949,22,159862
14365,0.219037,12,159874
14366,0.226676,14,159888
14367,0.352952,20,159908
14368,0.30369,23,159931
14369,0.220489,13,159944
14370,0.017904,1,159945
14371,0.364742,20,159965
14372,0.221584,13,159978
14373,0.20612,12,159990
14374,0.29589,17,160007
14375,0.313801,22,160029
14376,0.377742,21,160050
14377,0.016619,1,160051
14378,0.132681,7,160058
14379,0.277207,17,160075
14380,0.236471,15,160090
14381,0.332764,21,160111
14382,0.258958,15,160126
14383,0.193401,12,160138
14384,0.201126,14,160152
14385,0.277719,15,160167
14386,0.275803,16,160183
14387,0.020438,1,160184
14388,0.261547,17,160201
14389,0.416429,23,160224
14390,0.304053,18,160242
14391,0.017847,1,160243
14392,0.439313,26,160269
14393,0.203035,11,160280
14394,0.445868,28,160308
14395,0.240003,13,160321
14396,0.010999,1,160322
14397,0.211069,14,160336
14398,0.168702,10,160346
14399,0.315774,18,160364
14400,0.421436,24,160388
14401,0.188643,10,160398
14402,0.393291,22,160420
14403,0.191233,11,160431
14404,0.446809,39,160470
14405,0.210125,12,160482
14406,0.189978,11,160493
14407,0.166248,9,160502
14408,0.198608,11,160513
14409,0.211257,14,160527
14410,0.419318,27,160554
14411,0.285541,19,160573
14412,0.234496,13,160586
14413,0.296054,26,160612
14414,0.21995,12,160624
14415,0.182765,13,160637
14416,0.248355,17,160654
14417,0.198448,13,160667
14418,0.373437,21,160688
14419,0.366671,20,160708
14420,0.284842,19,160727
14421,0.415725,23,160750
14422,0.295101,18,160768
14423,0.229394,14,160782
14424,0.27015,15,160797
14425,0.38709,22,160819
14426,0.569853,33,160852
14427,0.256527,15,160867
14428,0.258725,16,160883
14429,0.210321,15,160898
14430,0.261392,15,160913
14431,0.353363,19,160932
14432,0.343037,26,160958
14433,0.242013,16,160974
14434,0.231529,14,160988
14435,0.322895,20,161008
14436,0.360146,20,161028
14437,0.276543,16,161044
14438,0.197391,11,161055
14439,0.015281,1,161056
14440,0.332382,19,161075
14441,0.148369,8,161083
14442,0.190842,15,161098
14443,0.324139,18,161116
14444,0.510481,34,161150
14445,0.217143,12,161162
14446,0.284246,16,161178
14447,0.306745,18,161196
14448,0.377198,21,161217
14449,0.212768,15,161232
14450,0.224156,13,161245
14451,0.224049,13,161258
14452,0.367103,31,161289
14453,0.260506,14,161303
14454,0.376937,23,161326
14455,0.230352,15,161341
14456,0.208595,11,161352
14457,0.184702,10,161362
14458,0.415483,23,161385
14459,0.331382,22,161407
14460,0.278087,17,161424
14461,0.182186,10,161434
14462,0.211416,12,161446
14463,0.24415,14,161460
14464,0.241626,15,161475
14465,0.157775,9,161484
14466,0.205694,13,161497
14467,0.238943,14,161511
14468,0.315261,21,161532
14469,0.338658,20,161552
14470,0.332826,18,161570
14471,0.013258,1,161571
14472,0.271565,16,161587
14473,0.238457,14,161601
14474,0.218328,12,161613
14475,0.280441,16,161629
14476,0.312324,17,161646
14477,0.350732,31,161677
14478,0.440389,25,161702
14479,0.459398,25,161727
14480,0.366866,25,161752
14481,0.316473,19,161771
14482,0.239619,14,161785
14483,0.322435,18,161803
14484,0.233456,14,161817
14485,0.240143,15,161832
14486,0.016855,1,161833
14487,0.385224,24,161857
14488,0.328702,18,161875
14489,0.45611,44,161919
14490,0.181468,10,161929
14491,0.259944,14,161943
14492,0.321759,18,161961
14493,0.450513,25,161986
14494,0.194151,11,161997
14495,0.530152,30,162027
14496,0.300021,22,162049
14497,0.244816,16,162065
14498,0.211921,12,162077
14499,0.227637,13,162090
14500,0.251279,14,162104
14501,0.530333,30,162134
14502,0.275985,15,162149
14503,0.170542,11,162160
14504,0.266901,15,162175
14505,0.222144,14,162189
14506,0.020218,1,162190
14507,0.256637,14,162204
14508,0.272128,18,162222
14509,0.179819,16,162238
14510,0.340186,26,162264
14511,0.016477,1,162265
14512,0.259223,15,162280
14513,0.294867,17,162297
14514,0.248883,14,162311
14515,0.134134,7,162318
14516,0.279681,16,162334
14517,0.358059,20,162354
14518,0.183113,11,162365
14519,0.339686,24,162389
14520,0.189322,14,162403
14521,0.017866,1,162404
14522,0.585885,33,162437
14523,0.366626,26,162463
14524,0.216001,17,162480
14525,0.309766,19,162499
14526,0.161934,9,162508
14527,0.232358,15,162523
14528,0.237438,17,162540
14529,0.221615,13,162553
14530,0.334722,22,162575
14531,0.496065,29,162604
14532,0.322414,18,162622
14533,0.255994,17,162639
14534,0.314569,17,162656
14535,0.211524,13,162669
14536,0.383578,21,162690
14537,0.312131,22,162712
14538,0.249203,16,162728
14539,0.452625,28,162756
14540,0.308497,20,162776
14541,0.345162,19,162795
14542,0.395997,23,162818
14543,0.207942,12,162830
14544,0.295504,17,162847
14545,0.425213,25,162872
14546,0.506548,28,162900
14547,0.316234,26,162926
14548,0.250749,14,162940
14549,0.236559,16,162956
14550,0.01894,1,162957
14551,0.306114,18,162975
14552,0.279481,16,162991
14553,0.269855,15,163006
14554,0.380457,22,163028
14555,0.308218,23,163051
14556,0.273532,16,163067
14557,0.016591,1,163068
14558,0.223771,13,163081
14559,0.324026,18,163099
14560,0.019358,1,163100
14561,0.320249,18,163118
14562,0.33309,18,163136
14563,0.217025,13,163149
14564,0.227062,13,163162
14565,0.18098,10,163172
14566,0.222075,13,163185
14567,0.407417,23,163208
14568,0.222904,13,163221
14569,0.223563,13,163234
14570,0.240742,15,163249
14571,0.178494,10,163259
14572,0.22844,13,163272
14573,0.24142,13,163285
14574,0.320368,19,163304
14575,0.181299,10,163314
14576,0.260201,15,163329
14577,0.240068,15,163344
14578,0.248443,14,163358
14579,0.283093,16,163374
14580,0.324815,20,163394
14581,0.017863,1,163395
14582,0.227113,15,163410
14583,0.272033,15,163425
14584,0.018193,1,163426
14585,0.350556,19,163445
14586,0.197412,11,163456
14587,0.245364,14,163470
14588,0.249872,14,163484
14589,0.327715,19,163503
14590,0.340367,19,163522
14591,0.253022,15,163537
14592,0.196602,13,163550
14593,0.329324,25,163575
14594,0.232808,13,163588
14595,0.014347,1,163589
14596,0.283439,16,163605
14597,0.326094,19,163624
14598,0.374125,22,163646
14599,0.477021,26,163672
14600,0.273885,16,163688
14601,0.269039,16,163704
14602,0.232583,13,163717
14603,0.184408,10,163727
14604,0.284243,22,163749
14605,0.258892,14,163763
14606,0.275429,17,163780
14607,0.016809,1,163781
14608,0.293906,18,163799
14609,0.344958,21,163820
14610,0.314491,19,163839
14611,0.44201,28,163867
14612,0.254672,20,163887
14613,0.403844,23,163910
14614,0.225669,15,163925
14615,0.618308,36,163961
14616,0.26231,16,163977
14617,0.089776,5,163982
14618,0.355743,21,164003
14619,0.206747,12,164015
14620,0.387912,22,164037
14621,0.213615,13,164050
14622,0.25098,15,164065
14623,0.174124,11,164076
14624,0.243134,15,164091
14625,0.282679,22,164113
14626,0.300471,18,164131
14627,0.299744,17,164148
14628,0.25158,17,164165
14629,0.275957,16,164181
14630,0.436518,25,164206
14631,0.195334,11,164217
14632,0.226524,13,164230
14633,0.369076,32,164262
14634,0.018276,1,164263
14635,0.191594,14,164277
14636,0.326332,18,164295
14637,0.222999,12,164307
14638,0.184492,11,164318
14639,0.314557,19,164337
14640,0.316745,17,164354
14641,0.25555,15,164369
14642,0.254019,15,164384
14643,0.414307,26,164410
14644,0.183531,11,164421
14645,0.244011,14,164435
14646,0.195538,11,164446
14647,0.196732,11,164457
14648,0.226198,13,164470
14649,0.289503,16,164486
14650,0.248271,16,164502
14651,0.142087,10,164512
14652,0.669679,42,164554
14653,0.222589,14,164568
14654,0.219941,15,164583
14655,0.353999,20,164603
14656,0.237803,16,164619
14657,0.287919,16,164635
14658,0.382656,21,164656
14659,0.316105,23,164679
14660,0.017402,1,164680
14661,0.227771,15,164695
14662,0.227073,14,164709
14663,0.288784,16,164725
14664,0.266875,15,164740
14665,0.270741,16,164756
14666,0.396278,22,164778
14667,0.261987,14,164792
14668,0.265888,21,164813
14669,0.265169,15,164828
14670,0.302265,17,164845
14671,0.302093,19,164864
14672,0.207867,12,164876
14673,0.462762,30,164906
14674,0.270922,18,164924
14675,0.276059,17,164941
14676,0.237163,13,164954
14677,0.307454,17,164971
14678,0.294404,20,164991
14679,0.343969,20,165011
14680,0.455274,26,165037
14681,0.181925,10,165047
14682,0.20945,14,165061
14683,0.237235,14,165075
14684,0.354123,25,165100
14685,0.223023,12,165112
14686,0.276563,21,165133
14687,0.249487,15,165148
14688,0.266213,15,165163
14689,0.405841,22,165185
14690,0.40855,23,165208
14691,0.246686,15,165223
14692,0.21245,13,165236
14693,0.262431,14,165250
14694,0.207937,14,165264
14695,0.273157,15,165279
14696,0.334751,21,165300
14697,0.129722,7,165307
14698,0.235826,15,165322
14699,0.323492,18,165340
14700,0.256472,14,165354
14701,0.213295,12,165366
14702,0.250664,14,165380
14703,0.279842,19,165399
14704,0.130309,7,165406
14705,0.30401,19,165425
14706,0.430712,25,165450
14707,0.404306,22,165472
14708,0.383542,25,165497
14709,0.428333,25,165522
14710,0.25684,14,165536
14711,0.238389,14,165550
14712,0.55198,31,165581
14713,0.193053,12,165593
14714,0.102402,6,165599
14715,0.312821,17,165616
14716,0.338865,20,165636
14717,0.01681,1,165637
14718,0.30646,17,165654
14719,0.436825,27,165681
14720,0.399137,32,165713
14721,0.214037,12,165725
14722,0.017486,1,165726
14723,0.33789,24,165750
14724,0.257955,16,165766
14725,0.390749,34,165800
14726,0.243624,14,165814
14727,0.259074,14,165828
14728,0.260602,15,165843
14729,0.206388,11,165854
14730,0.258399,14,165868
14731,0.246191,14,165882
14732,0.016139,1,165883
14733,0.234402,13,165896
14734,0.297912,17,165913
14735,0.295637,17,165930
14736,0.340667,26,165956
14737,0.191819,12,165968
14738,0.408109,23,165991
14739,0.274221,17,166008
14740,0.256192,15,166023
14741,0.503695,31,166054
14742,0.317114,18,166072
14743,0.249705,14,166086
14744,0.167465,9,166095
14745,0.213691,13,166108
14746,0.204411,12,166120
14747,0.188198,10,166130
14748,0.282373,16,166146
14749,0.252994,14,166160
14750,0.219967,14,166174
14751,0.267429,20,166194
14752,0.480683,28,166222
14753,0.236912,13,166235
14754,0.317478,19,166254
14755,0.502866,29,166283
14756,0.241522,15,166298
14757,0.349493,19,166317
14758,0.249175,14,166331
14759,0.246552,14,166345
14760,0.299828,19,166364
14761,0.205564,12,166376
14762,0.215459,12,166388
14763,0.378583,22,166410
14764,0.412637,27,166437
14765,0.267609,15,166452
14766,0.311205,17,166469
14767,0.249393,15,166484
14768,0.188477,10,166494
14769,0.298999,19,166513
14770,0.211341,12,166525
14771,0.313712,17,166542
14772,0.278407,16,166558
14773,0.308606,18,166576
14774,0.3663,27,166603
14775,0.258645,14,166617
14776,0.242746,16,166633
14777,0.248665,14,166647
14778,0.311299,17,166664
14779,0.145707,8,166672
14780,0.331962,19,166691
14781,0.286762,17,166708
14782,0.254501,15,166723
14783,0.344475,23,166746
14784,0.224567,14,166760
14785,0.383002,21,166781
14786,0.2494,17,166798
14787,0.205373,11,166809
14788,0.297257,17,166826
14789,0.42598,24,166850
14790,0.370095,21,166871
14791,0.267964,17,166888
14792,0.286777,16,166904
14793,0.281558,16,166920
14794,0.364037,21,166941
14795,0.289194,18,166959
14796,0.262498,14,166973
14797,0.26139,18,166991
14798,0.256306,15,167006
14799,0.306855,17,167023
14800,0.194073,11,167034
14801,0.369185,21,167055
14802,0.235003,16,167071
14803,0.419923,24,167095
14804,0.332806,25,167120
14805,0.207238,12,167132
14806,0.321079,18,167150
14807,0.213114,16,167166
14808,0.337173,19,167185
14809,0.343242,29,167214
14810,0.308822,17,167231
14811,0.197098,11,167242
14812,0.312834,20,167262
14813,0.277135,17,167279
14814,0.21479,13,167292
14815,0.172917,12,167304
14816,0.306038,19,167323
14817,0.34116,21,167344
14818,0.265878,17,167361
14819,0.509589,29,167390
14820,0.421646,25,167415
14821,0.019117,1,167416
14822,0.255758,20,167436
14823,0.386945,23,167459
14824,0.146331,8,167467
14825,0.238804,14,167481
14826,0.276205,17,167498
14827,0.335228,22,167520
14828,0.223892,12,167532
14829,0.404276,28,167560
14830,0.33321,20,167580
14831,0.383535,24,167604
14832,0.017432,1,167605
14833,0.420073,35,167640
14834,0.237745,14,167654
14835,0.342405,26,167680
14836,0.256689,14,167694
14837,0.017569,1,167695
14838,0.290314,23,167718
14839,0.099145,6,167724
14840,0.199104,12,167736
14841,0.306861,18,167754
14842,0.356966,21,167775
14843,0.195758,11,167786
14844,0.01933,1,167787
14845,0.347245,21,167808
14846,0.202665,11,167819
14847,0.275844,15,167834
14848,0.261865,16,167850
14849,0.260818,14,167864
14850,0.354999,27,167891
14851,0.266482,16,167907
14852,0.286885,16,167923
14853,0.232752,14,167937
14854,0.258479,15,167952
14855,0.1877,10,167962
14856,0.203101,14,167976
14857,0.015077,1,167977
14858,0.281836,16,167993
14859,0.013728,1,167994
14860,0.234536,13,168007
14861,0.301217,17,168024
14862,0.279477,16,168040
14863,0.338895,20,168060
14864,0.330749,21,168081
14865,0.30737,19,168100
14866,0.270846,15,168115
14867,0.202278,12,168127
14868,0.233263,13,168140
14869,0.396263,22,168162
14870,0.226576,13,168175
14871,0.367342,20,168195
14872,0.207315,19,168214
14873,0.272063,18,168232
14874,0.244533,15,168247
14875,0.579457,33,168280
14876,0.361698,20,168300
14877,0.248659,14,168314
14878,0.527714,29,168343
14879,0.278331,16,168359
14880,0.239564,13,168372
14881,0.253246,14,168386
14882,0.242185,13,168399
14883,0.262649,17,168416
14884,0.178862,10,168426
14885,0.284037,17,168443
14886,0.018302,1,168444
14887,0.275499,15,168459
14888,0.164151,9,168468
14889,0.280307,20,168488
14890,0.16761,11,168499
14891,0.409345,25,168524
14892,0.214055,12,168536
14893,0.193785,11,168547
14894,0.233085,13,168560
14895,0.314533,17,168577
14896,0.018871,1,168578
14897,0.254055,14,168592
14898,0.015125,1,168593
14899,0.239717,13,168606
14900,0.477899,26,168632
14901,0.380448,21,168653
14902,0.272814,16,168669
14903,0.265149,15,168684
14904,0.21458,12,168696
14905,0.352415,28,168724
14906,0.427587,24,168748
14907,0.188373,11,168759
14908,0.28972,19,168778
14909,0.360738,20,168798
14910,0.350765,20,168818
14911,0.521348,30,168848
14912,0.340023,21,168869
14913,0.115216,6,168875
14914,0.31415,29,168904
14915,0.371531,23,168927
14916,0.235719,14,168941
14917,0.300874,18,168959
14918,0.544007,30,168989
14919,0.149598,8,168997
14920,0.2552,18,169015
14921,0.270449,16,169031
14922,0.28789,19,169050
14923,0.195362,11,169061
14924,0.300446,20,169081
14925,0.339528,20,169101
14926,0.186616,11,169112
14927,0.271896,16,169128
14928,0.017808,1,169129
14929,0.367721,23,169152
14930,0.270367,16,169168
14931,0.190648,11,169179
14932,0.352519,28,169207
14933,0.017418,1,169208
14934,0.202923,11,169219
14935,0.224673,12,169231
14936,0.486429,27,169258
14937,0.236373,15,169273
14938,0.237268,13,169286
14939,0.265992,15,169301
14940,0.234173,13,169314
14941,0.285526,18,169332
14942,0.231056,16,169348
14943,0.20548,12,169360
14944,0.402302,23,169383
14945,0.399286,24,169407
14946,0.237774,13,169420
14947,0.212723,13,169433
14948,0.24774,19,169452
14949,0.247321,14,169466
14950,0.305223,23,169489
14951,0.01692,1,169490
14952,0.273239,16,169506
14953,0.378743,21,169527
14954,0.275196,17,169544
14955,0.016502,1,169545
14956,0.034335,2,169547
14957,0.177725,10,169557
14958,0.358936,22,169579
14959,0.303576,17,169596
14960,0.295872,19,169615
14961,0.192187,12,169627
14962,0.213765,12,169639
14963,0.136162,8,169647
14964,0.263547,16,169663
14965,0.202575,12,169675
14966,0.214015,12,169687
14967,0.365675,20,169707
14968,0.322438,19,169726
14969,0.447817,54,169780
14970,0.318302,18,169798
14971,0.150239,8,169806
14972,0.106123,6,169812
14973,0.183127,10,169822
14974,0.165818,9,169831
14975,0.235417,13,169844
14976,0.391157,22,169866
14977,0.320465,18,169884
14978,0.362132,28,169912
14979,0.227919,13,169925
14980,0.012057,1,169926
14981,0.331609,20,169946
14982,0.396838,28,169974
14983,0.184381,10,169984
14984,0.184978,13,169997
14985,0.248729,15,170012
14986,0.249594,14,170026
14987,0.236344,17,170043
14988,0.347577,20,170063
14989,0.015518,1,170064
14990,0.295075,20,170084
14991,0.236485,13,170097
14992,0.313327,18,170115
14993,0.343486,19,170134
14994,0.290168,16,170150
14995,0.369042,20,170170
14996,0.325171,18,170188
14997,0.161563,10,170198
14998,0.247159,14,170212
14999,0.182965,10,170222
15000,0.230401,15,170237
15001,0.33018,22,170259
15002,0.299552,18,170277
15003,0.241178,15,170292
15004,0.266125,17,170309
15005,0.277485,16,170325
15006,0.276315,15,170340
15007,0.345391,22,170362
15008,0.439122,35,170397
15009,0.198766,11,170408
15010,0.229993,18,170426
15011,0.237421,14,170440
15012,0.309948,17,170457
15013,0.212614,12,170469
15014,0.210362,13,170482
15015,0.331986,18,170500
15016,0.181443,11,170511
15017,0.130911,7,170518
15018,0.286224,17,170535
15019,0.279325,15,170550
15020,0.218383,13,170563
15021,0.219502,14,170577
15022,0.312702,17,170594
15023,0.25803,16,170610
15024,0.235855,14,170624
15025,0.277663,17,170641
15026,0.309807,18,170659
15027,0.217312,15,170674
15028,0.212,17,170691
15029,0.150695,9,170700
15030,0.239027,13,170713
15031,0.322814,18,170731
15032,0.234976,14,170745
15033,0.325257,22,170767
15034,0.206267,16,170783
15035,0.018965,1,170784
15036,0.174185,10,170794
15037,0.286857,17,170811
15038,0.08702,5,170816
15039,0.233792,13,170829
15040,0.018102,1,170830
15041,0.220473,14,170844
15042,0.183261,11,170855
15043,0.217566,14,170869
15044,0.188925,11,170880
15045,0.305461,20,170900
15046,0.251784,14,170914
15047,0.385672,21,170935
15048,0.074997,4,170939
15049,0.016524,1,170940
15050,0.271146,19,170959
15051,0.276116,15,170974
15052,0.294542,17,170991
15053,0.365009,23,171014
15054,0.3126,20,171034
15055,0.242894,16,171050
15056,0.317003,23,171073
15057,0.228311,13,171086
15058,0.461591,28,171114
15059,0.276823,15,171129
15060,0.279634,15,171144
15061,0.14336,8,171152
15062,0.307343,18,171170
15063,0.268996,16,171186
15064,0.016642,1,171187
15065,0.296844,16,171203
15066,0.204573,11,171214
15067,0.12717,8,171222
15068,0.19397,11,171233
15069,0.230393,13,171246
15070,0.236094,13,171259
15071,0.018264,1,171260
15072,0.037083,2,171262
15073,0.184493,14,171276
15074,0.330136,20,171296
15075,0.399107,25,171321
15076,0.132666,7,171328
15077,0.308493,22,171350
15078,0.247201,18,171368
15079,0.486482,30,171398
15080,0.413964,23,171421
15081,0.383039,21,171442
15082,0.267612,16,171458
15083,0.221484,13,171471
15084,0.251713,14,171485
15085,0.292242,16,171501
15086,0.210649,13,171514
15087,0.248461,14,171528
15088,0.018197,1,171529
15089,0.291383,17,171546
15090,0.017623,1,171547
15091,0.223944,13,171560
15092,0.450901,36,171596
15093,0.271604,15,171611
15094,0.373077,21,171632
15095,0.191492,14,171646
15096,0.302055,20,171666
15097,0.371815,28,171694
15098,0.185779,10,171704
15099,0.43377,25,171729
15100,0.271449,17,171746
15101,0.232807,13,171759
15102,0.151529,8,171767
15103,0.552593,39,171806
15104,0.231476,13,171819
15105,0.170967,12,171831
15106,0.209007,13,171844
15107,0.290376,16,171860
15108,0.156677,10,171870
15109,0.182923,11,171881
15110,0.321366,18,171899
15111,0.511666,29,171928
15112,0.325163,19,171947
15113,0.239543,13,171960
15114,0.194209,11,171971
15115,0.286033,16,171987
15116,0.205032,13,172000
15117,0.308155,18,172018
15118,0.278248,19,172037
15119,0.018862,1,172038
15120,0.341666,19,172057
15121,0.108387,6,172063
15122,0.362893,24,172087
15123,0.363436,20,172107
15124,0.016931,1,172108
15125,0.186275,11,172119
15126,0.239132,14,172133
15127,0.26088,15,172148
15128,0.378597,24,172172
15129,0.28868,18,172190
15130,0.277574,17,172207
15131,0.309757,18,172225
15132,0.188631,10,172235
15133,0.149617,8,172243
15134,0.272662,16,172259
15135,0.38246,23,172282
15136,-0.220623,10,172292
15137,0.128924,7,172299
15138,0.253852,16,172315
15139,0.317991,20,172335
15140,0.284033,19,172354
15141,0.241713,14,172368
15142,0.275175,15,172383
15143,0.371378,27,172410
15144,0.326903,20,172430
15145,0.439088,26,172456
15146,0.439093,27,172483
15147,0.225079,13,172496
15148,0.246587,16,172512
15149,0.224147,15,172527
15150,0.251258,14,172541
15151,0.365301,20,172561
15152,0.443155,34,172595
15153,0.145516,8,172603
15154,0.375681,25,172628
15155,0.152866,9,172637
15156,0.284818,16,172653
15157,0.291041,16,172669
15158,0.27459,22,172691
15159,0.221295,12,172703
15160,0.330733,18,172721
15161,0.289494,19,172740
15162,0.231278,13,172753
15163,0.441548,24,172777
15164,0.013455,23,172800
15165,0.326958,20,172820
15166,0.438892,26,172846
15167,0.423342,23,172869
15168,0.235836,16,172885
15169,0.377278,23,172908
15170,0.27394,16,172924
15171,0.303341,17,172941
15172,0.233795,16,172957
15173,0.282029,17,172974
15174,0.310483,18,172992
15175,0.312523,17,173009
15176,0.29662,20,173029
15177,0.058313,3,173032
15178,0.295564,18,173050
15179,0.312085,20,173070
15180,0.274157,16,173086
15181,0.259735,14,173100
15182,0.198965,11,173111
15183,0.32349,18,173129
15184,0.242106,17,173146
15185,0.297692,16,173162
15186,0.222567,13,173175
15187,0.328937,19,173194
15188,0.27806,16,173210
15189,0.283467,16,173226
15190,0.442809,31,173257
15191,0.277248,16,173273
15192,0.257424,14,173287
15193,0.309874,20,173307
15194,0.240799,13,173320
15195,0.111187,6,173326
15196,0.234147,14,173340
15197,0.258577,14,173354
15198,0.229758,13,173367
15199,0.311736,18,173385
15200,0.329002,23,173408
15201,0.252494,14,173422
15202,0.301159,17,173439
15203,0.260063,15,173454
15204,0.504811,30,173484
15205,0.343333,19,173503
15206,0.278744,16,173519
15207,0.248044,15,173534
15208,0.233366,14,173548
15209,0.225464,13,173561
15210,0.225383,13,173574
15211,0.179525,10,173584
15212,0.216472,14,173598
15213,0.439373,24,173622
15214,0.260702,14,173636
15215,0.318814,19,173655
15216,0.310579,17,173672
15217,0.422028,24,173696
15218,0.239691,13,173709
15219,0.338184,20,173729
15220,0.335874,22,173751
15221,0.313794,29,173780
15222,0.309145,17,173797
15223,0.326477,21,173818
15224,0.271533,16,173834
15225,0.191577,13,173847
15226,0.27704,15,173862
15227,0.250631,17,173879
15228,0.237589,13,173892
15229,0.238698,16,173908
15230,0.273475,15,173923
15231,0.363692,21,173944
15232,0.270556,17,173961
15233,0.576919,35,173996
15234,0.432305,26,174022
15235,0.244867,16,174038
15236,0.233617,14,174052
15237,0.288596,16,174068
15238,0.259105,24,174092
15239,0.439023,29,174121
15240,0.398471,24,174145
15241,0.225131,13,174158
15242,0.331448,18,174176
15243,0.257505,15,174191
15244,0.30273,22,174213
15245,0.256633,15,174228
15246,0.507924,28,174256
15247,0.277116,15,174271
15248,0.19096,11,174282
15249,0.250241,14,174296
15250,0.25231,14,174310
15251,0.276775,16,174326
15252,0.588554,34,174360
15253,0.219709,12,174372
15254,0.210259,12,174384
15255,0.238338,14,174398
15256,0.014171,1,174399
15257,0.273068,15,174414
15258,0.418112,25,174439
15259,0.306192,20,174459
15260,0.186993,12,174471
15261,0.347956,19,174490
15262,0.288567,16,174506
15263,0.259903,15,174521
15264,0.310656,18,174539
15265,0.162932,10,174549
15266,0.017751,1,174550
15267,0.247733,14,174564
15268,0.284345,20,174584
15269,0.476317,28,174612
15270,0.326273,18,174630
15271,0.183499,10,174640
15272,0.280959,16,174656
15273,0.221965,15,174671
15274,0.527404,30,174701
15275,0.241319,16,174717
15276,0.247991,15,174732
15277,0.019298,1,174733
15278,0.254436,14,174747
15279,0.358818,20,174767
15280,0.323539,18,174785
15281,0.253091,14,174799
15282,0.407224,22,174821
15283,0.455533,38,174859
15284,0.205341,12,174871
15285,0.265119,17,174888
15286,0.22859,14,174902
15287,0.254714,15,174917
15288,0.219421,12,174929
15289,0.164556,10,174939
15290,0.440284,24,174963
15291,0.279448,16,174979
15292,0.207109,11,174990
15293,0.114285,6,174996
15294,0.321266,21,175017
15295,0.237954,13,175030
15296,0.174135,10,175040
15297,0.305855,22,175062
15298,0.467634,27,175089
15299,0.41705,25,175114
15300,0.296067,19,175133
15301,0.395762,24,175157
15302,0.316683,24,175181
15303,0.348605,19,175200
15304,0.281283,17,175217
15305,0.316191,17,175234
15306,0.223083,13,175247
15307,0.22174,14,175261
15308,0.016668,1,175262
15309,0.273769,15,175277
15310,0.403509,23,175300
15311,0.259903,14,175314
15312,0.369473,26,175340
15313,0.266633,22,175362
15314,0.480872,35,175397
15315,0.238276,13,175410
15316,0.409722,25,175435
15317,0.314615,17,175452
15318,0.270831,15,175467
15319,0.281813,16,175483
15320,0.265956,17,175500
15321,0.482716,29,175529
15322,0.279953,16,175545
15323,0.330172,18,175563
15324,0.458811,29,175592
15325,0.498412,34,175626
15326,0.014952,1,175627
15327,0.254363,15,175642
15328,0.407484,34,175676
15329,0.309832,17,175693
15330,0.356184,24,175717
15331,0.224387,12,175729
15332,0.26799,15,175744
15333,0.370098,20,175764
15334,0.208397,12,175776
15335,0.285462,16,175792
15336,0.258851,14,175806
15337,0.276385,16,175822
15338,0.287046,16,175838
15339,0.200441,16,175854
15340,0.244859,13,175867
15341,0.247558,17,175884
15342,0.26078,16,175900
15343,0.260463,15,175915
15344,0.499338,28,175943
15345,0.34125,21,175964
15346,0.360587,20,175984
15347,0.095276,5,175989
15348,0.241612,13,176002
15349,0.416869,34,176036
15350,0.255384,18,176054
15351,0.28619,17,176071
15352,0.017264,1,176072
15353,0.279981,16,176088
15354,0.155769,12,176100
15355,0.199799,11,176111
15356,0.282421,16,176127
15357,0.359476,22,176149
15358,0.366616,21,176170
15359,0.149997,8,176178
15360,0.243176,16,176194
15361,0.22303,12,176206
15362,0.224628,16,176222
15363,0.330887,19,176241
15364,0.289933,19,176260
15365,0.095688,5,176265
15366,0.362666,20,176285
15367,0.292184,16,176301
15368,0.364229,21,176322
15369,0.292581,17,176339
15370,0.266272,17,176356
15371,0.437381,25,176381
15372,0.019031,1,176382
15373,0.189471,10,176392
15374,0.852928,48,176440
15375,0.257422,14,176454
15376,0.361944,21,176475
15377,0.294495,19,176494
15378,0.276973,15,176509
15379,0.711272,39,176548
15380,0.226442,13,176561
15381,0.246583,16,176577
15382,0.381576,21,176598
15383,0.40857,23,176621
15384,0.27637,21,176642
15385,0.289002,16,176658
15386,0.340017,20,176678
15387,0.282119,16,176694
15388,0.25732,15,176709
15389,0.233142,14,176723
15390,0.39886,23,176746
15391,0.181181,10,176756
15392,0.248062,14,176770
15393,0.300005,19,176789
15394,0.274889,15,176804
15395,0.229173,14,176818
15396,0.305918,18,176836
15397,0.240019,17,176853
15398,0.014643,1,176854
15399,0.254373,18,176872
15400,0.228471,20,176892
15401,0.271081,15,176907
15402,0.338183,26,176933
15403,0.214633,13,176946
15404,0.175264,11,176957
15405,0.332645,18,176975
15406,0.223919,13,176988
15407,0.34612,20,177008
15408,0.279794,15,177023
15409,0.209918,16,177039
15410,0.452674,26,177065
15411,0.255959,15,177080
15412,0.630408,37,177117
15413,0.283623,16,177133
15414,0.202814,11,177144
15415,0.236206,16,177160
15416,0.3032,21,177181
15417,0.398624,26,177207
15418,0.213436,12,177219
15419,0.018272,1,177220
15420,0.209747,14,177234
15421,0.283144,16,177250
15422,0.16537,9,177259
15423,0.392914,22,177281
15424,0.056222,3,177284
15425,0.512064,31,177315
15426,0.207648,12,177327
15427,0.207243,11,177338
15428,0.326169,19,177357
15429,0.338471,19,177376
15430,0.18282,14,177390
15431,0.287666,16,177406
15432,0.254415,14,177420
15433,0.228387,14,177434
15434,0.20649,16,177450
15435,0.346562,21,177471
15436,0.468591,29,177500
15437,0.206275,12,177512
15438,0.243914,15,177527
15439,0.262397,16,177543
15440,0.225486,14,177557
15441,0.350661,22,177579
15442,0.202529,11,177590
15443,0.290988,16,177606
15444,0.263985,17,177623
15445,0.327706,22,177645
15446,0.283134,20,177665
15447,0.458365,25,177690
15448,0.221105,16,177706
15449,0.367557,23,177729
15450,0.315857,19,177748
15451,0.467861,27,177775
15452,0.376362,22,177797
15453,0.227155,21,177818
15454,0.244506,16,177834
15455,0.224173,13,177847
15456,0.257624,14,177861
15457,0.26859,16,177877
15458,0.446835,26,177903
15459,0.182998,11,177914
15460,0.257086,16,177930
15461,0.288397,19,177949
15462,0.377124,21,177970
15463,0.385147,21,177991
15464,0.248801,22,178013
15465,0.340073,20,178033
15466,0.277401,19,178052
15467,0.274735,15,178067
15468,0.190562,11,178078
15469,0.321687,18,178096
15470,0.35092,19,178115
15471,0.225645,12,178127
15472,0.017494,1,178128
15473,0.019046,1,178129
15474,0.233508,14,178143
15475,0.23565,14,178157
15476,0.214756,12,178169
15477,0.150963,11,178180
15478,0.292866,21,178201
15479,0.24267,17,178218
15480,0.319644,19,178237
15481,0.249173,14,178251
15482,0.233174,16,178267
15483,0.337282,19,178286
15484,0.262408,15,178301
15485,0.191588,19,178320
15486,0.630079,37,178357
15487,0.246001,17,178374
15488,0.223273,12,178386
15489,0.357676,26,178412
15490,0.360729,26,178438
15491,0.215425,12,178450
15492,0.190504,10,178460
15493,0.220706,12,178472
15494,0.29466,17,178489
15495,0.38579,24,178513
15496,0.21844,12,178525
15497,0.187959,11,178536
15498,0.276051,18,178554
15499,0.250398,14,178568
15500,0.329911,18,178586
15501,0.29087,17,178603
15502,0.167917,15,178618
15503,0.182311,12,178630
15504,0.344713,19,178649
15505,0.296166,16,178665
15506,0.206631,18,178683
15507,0.20548,13,178696
15508,0.165165,9,178705
15509,0.210129,13,178718
15510,0.305359,18,178736
15511,0.371503,21,178757
15512,0.15974,11,178768
15513,0.320111,20,178788
15514,0.165371,10,178798
15515,0.321453,19,178817
15516,0.341624,19,178836
15517,0.392893,24,178860
15518,0.16958,14,178874
15519,0.185434,10,178884
15520,0.224059,14,178898
15521,0.211284,12,178910
15522,0.266454,15,178925
15523,0.324095,18,178943
15524,0.326784,29,178972
15525,0.259865,15,178987
15526,0.258606,14,179001
15527,0.39846,22,179023
15528,0.287595,17,179040
15529,0.234421,13,179053
15530,0.247612,14,179067
15531,0.245896,16,179083
15532,0.328638,18,179101
15533,0.53231,29,179130
15534,0.272915,17,179147
15535,0.47835,34,179181
15536,0.289517,18,179199
15537,0.337995,21,179220
15538,0.432416,24,179244
15539,0.618038,34,179278
15540,0.213616,13,179291
15541,0.223186,12,179303
15542,0.225686,13,179316
15543,0.377108,21,179337
15544,0.229424,13,179350
15545,0.19513,14,179364
15546,0.33735,19,179383
15547,0.014965,1,179384
15548,0.160677,11,179395
15549,0.243079,17,179412
15550,0.315557,19,179431
15551,0.478623,27,179458
15552,0.345016,31,179489
15553,0.341049,20,179509
15554,0.242855,14,179523
15555,0.291103,17,179540
15556,0.25858,15,179555
15557,0.255624,15,179570
15558,0.223299,12,179582
15559,0.266502,16,179598
15560,0.295047,16,179614
15561,0.240135,15,179629
15562,0.210788,15,179644
15563,0.017257,1,179645
15564,0.204711,11,179656
15565,0.320137,19,179675
15566,0.015205,1,179676
15567,0.285922,16,179692
15568,0.378024,21,179713
15569,0.262381,16,179729
15570,0.204706,12,179741
15571,0.380105,22,179763
15572,0.218723,14,179777
15573,0.359347,20,179797
15574,0.336063,22,179819
15575,0.383999,22,179841
15576,0.200863,11,179852
15577,0.269148,15,179867
15578,0.373291,24,179891
15579,0.196861,11,179902
15580,0.377891,28,179930
15581,0.248755,14,179944
15582,0.351382,20,179964
15583,0.233626,19,179983
15584,0.284318,17,180000
15585,0.403417,22,180022
15586,0.267293,15,180037
15587,0.216846,13,180050
15588,0.306203,17,180067
15589,0.296609,16,180083
15590,0.375193,23,180106
15591,0.309854,19,180125
15592,0.535608,36,180161
15593,0.192399,14,180175
15594,0.358445,21,180196
15595,0.32033,18,180214
15596,0.349896,21,180235
15597,0.176677,12,180247
15598,0.346453,19,180266
15599,0.269246,15,180281
15600,0.193741,11,180292
15601,0.168865,9,180301
15602,0.307851,19,180320
15603,0.28848,21,180341
15604,0.327364,19,180360
15605,0.268831,16,180376
15606,0.301823,18,180394
15607,0.295989,17,180411
15608,0.257122,16,180427
15609,0.393494,30,180457
15610,0.224215,12,180469
15611,0.201189,12,180481
15612,0.330467,19,180500
15613,0.264515,16,180516
15614,0.284736,21,180537
15615,0.25659,16,180553
15616,0.315447,24,180577
15617,0.263919,16,180593
15618,0.360026,21,180614
15619,0.275011,15,180629
15620,0.143907,8,180637
15621,0.248243,15,180652
15622,0.254117,15,180667
15623,0.328047,18,180685
15624,0.211986,16,180701
15625,0.207378,11,180712
15626,0.303137,20,180732
15627,0.344346,23,180755
15628,0.43313,25,180780
15629,0.254287,14,180794
15630,0.363627,21,180815
15631,0.291337,18,180833
15632,0.238734,14,180847
15633,0.363602,21,180868
15634,0.381183,21,180889
15635,0.34909,19,180908
15636,0.223478,12,180920
15637,0.190226,11,180931
15638,0.273476,15,180946
15639,0.217977,13,180959
15640,0.344826,19,180978
15641,0.26177,15,180993
15642,0.294664,19,181012
15643,0.302483,17,181029
15644,0.096531,5,181034
15645,0.112854,6,181040
15646,0.306879,17,181057
15647,0.013587,1,181058
15648,0.206484,13,181071
15649,0.254521,14,181085
15650,0.358398,20,181105
15651,0.371883,20,181125
15652,0.39873,23,181148
15653,0.243812,15,181163
15654,0.434761,24,181187
15655,0.354967,21,181208
15656,0.241429,14,181222
15657,0.292644,18,181240
15658,0.231525,13,181253
15659,-0.036502,22,181275
15660,0.135521,10,181285
15661,0.213215,14,181299
15662,0.32771,18,181317
15663,0.328524,18,181335
15664,0.18234,10,181345
15665,0.017502,1,181346
15666,0.222836,13,181359
15667,0.336503,19,181378
15668,0.405139,26,181404
15669,0.417081,26,181430
15670,0.23995,14,181444
15671,0.305079,20,181464
15672,0.317578,21,181485
15673,0.019513,1,181486
15674,0.405859,23,181509
15675,0.389665,23,181532
15676,0.322162,21,181553
15677,0.441933,24,181577
15678,0.411786,32,181609
15679,0.329074,21,181630
15680,0.300434,18,181648
15681,0.255264,19,181667
15682,0.328349,18,181685
15683,0.2005,12,181697
15684,0.413909,23,181720
15685,0.234765,14,181734
15686,0.269339,22,181756
15687,0.245226,14,181770
15688,0.284356,22,181792
15689,0.279873,15,181807
15690,0.229522,13,181820
15691,0.278094,15,181835
15692,0.420534,23,181858
15693,0.408678,23,181881
15694,0.234143,13,181894
15695,0.017527,1,181895
15696,0.179721,16,181911
15697,0.22902,18,181929
15698,0.387551,25,181954
15699,0.298061,21,181975
15700,0.297067,19,181994
15701,0.334912,19,182013
15702,0.333403,18,182031
15703,0.219737,12,182043
15704,0.426648,26,182069
15705,0.384188,22,182091
15706,0.387296,21,182112
15707,0.290869,25,182137
15708,0.258723,14,182151
15709,0.169342,9,182160
15710,0.307673,17,182177
15711,0.406481,24,182201
15712,0.462188,33,182234
15713,0.250698,16,182250
15714,0.275946,15,182265
15715,0.332177,18,182283
15716,0.460188,25,182308
15717,0.346013,19,182327
15718,0.25911,14,182341
15719,0.25827,16,182357
15720,0.321837,19,182376
15721,0.317941,18,182394
15722,0.253244,14,182408
15723,0.228576,15,182423
15724,0.262096,15,182438
15725,0.355028,26,182464
15726,0.017569,1,182465
15727,0.265952,23,182488
15728,0.262009,14,182502
15729,0.323522,18,182520
15730,0.419064,24,182544
15731,0.27766,16,182560
15732,0.308505,17,182577
15733,0.260849,15,182592
15734,0.315493,26,182618
15735,0.280412,15,182633
15736,0.182875,12,182645
15737,0.265555,18,182663
15738,0.220303,13,182676
15739,0.268913,19,182695
15740,0.237392,13,182708
15741,0.3352,19,182727
15742,0.366535,28,182755
15743,0.34512,24,182779
15744,0.318181,19,182798
15745,0.19166,12,182810
15746,0.22932,15,182825
15747,0.228406,13,182838
15748,0.351869,22,182860
15749,0.305746,17,182877
15750,0.219478,12,182889
15751,0.287733,23,182912
15752,0.213393,13,182925
15753,0.193009,12,182937
15754,0.22892,13,182950
15755,0.280983,23,182973
15756,0.212416,12,182985
15757,0.426302,28,183013
15758,0.366071,21,183034
15759,0.253173,14,183048
15760,0.297431,17,183065
15761,0.187383,11,183076
15762,0.425332,26,183102
15763,0.252139,15,183117
15764,0.193056,12,183129
15765,0.247977,17,183146
15766,0.349522,22,183168
15767,0.270163,15,183183
15768,0.261125,14,183197
15769,0.30496,18,183215
15770,0.401776,22,183237
15771,0.335729,23,183260
15772,0.496274,28,183288
15773,0.298973,18,183306
15774,0.235273,13,183319
15775,0.069963,4,183323
15776,0.239843,19,183342
15777,0.425003,23,183365
15778,0.016376,1,183366
15779,0.250031,17,183383
15780,0.130624,7,183390
15781,0.21466,12,183402
15782,0.265377,15,183417
15783,0.27469,16,183433
15784,0.348557,23,183456
15785,0.25518,17,183473
15786,0.400472,23,183496
15787,0.564514,45,183541
15788,0.22261,14,183555
15789,0.28363,17,183572
15790,0.368589,20,183592
15791,0.310565,17,183609
15792,0.259579,17,183626
15793,0.217589,17,183643
15794,0.178693,11,183654
15795,0.173117,14,183668
15796,0.015261,1,183669
15797,0.481953,29,183698
15798,0.341996,21,183719
15799,0.230538,15,183734
15800,0.261063,15,183749
15801,0.319418,28,183777
15802,0.632226,44,183821
15803,0.296864,17,183838
15804,0.210082,14,183852
15805,0.387374,23,183875
15806,0.435001,25,183900
15807,0.344219,19,183919
15808,0.311323,17,183936
15809,0.186463,10,183946
15810,0.355327,20,183966
15811,0.188636,10,183976
15812,0.220944,18,183994
15813,0.205605,13,184007
15814,0.391077,22,184029
15815,0.019054,1,184030
15816,0.232698,14,184044
15817,0.203766,11,184055
15818,0.482223,28,184083
15819,0.223548,13,184096
15820,0.260786,17,184113
15821,0.235948,13,184126
15822,0.257193,15,184141
15823,0.218638,15,184156
15824,0.248765,15,184171
15825,-0.140398,15,184186
15826,0.242501,16,184202
15827,0.239119,13,184215
15828,0.217625,14,184229
15829,0.524358,29,184258
15830,0.292122,19,184277
15831,0.248314,14,184291
15832,0.199107,12,184303
15833,0.278176,17,184320
15834,0.192151,13,184333
15835,0.386702,23,184356
15836,0.261823,15,184371
15837,0.25585,14,184385
15838,0.325924,18,184403
15839,0.294186,16,184419
15840,0.203387,12,184431
15841,0.351244,19,184450
15842,0.214459,13,184463
15843,0.338162,19,184482
15844,0.243843,14,184496
15845,0.149981,8,184504
15846,0.244543,13,184517
15847,0.345906,26,184543
15848,0.333724,19,184562
15849,0.274142,19,184581
15850,0.314041,19,184600
15851,0.403404,22,184622
15852,0.287278,17,184639
15853,0.233399,15,184654
15854,0.279261,16,184670
15855,0.230658,13,184683
15856,0.302963,17,184700
15857,0.293373,17,184717
15858,0.468274,28,184745
15859,0.498088,27,184772
15860,0.304097,18,184790
15861,0.057312,3,184793
15862,0.389473,23,184816
15863,0.429085,31,184847
15864,0.395966,30,184877
15865,0.228449,14,184891
15866,0.31142,17,184908
15867,0.283631,29,184937
15868,0.295375,17,184954
15869,0.077486,4,184958
15870,0.227681,14,184972
15871,0.296831,18,184990
15872,0.279561,15,185005
15873,0.293781,16,185021
15874,0.30835,19,185040
15875,0.464085,26,185066
15876,0.338631,21,185087
15877,0.250116,14,185101
15878,0.416874,24,185125
15879,0.241521,15,185140
15880,0.346147,19,185159
15881,0.360443,23,185182
15882,0.284382,16,185198
15883,0.280046,17,185215
15884,0.173571,11,185226
15885,0.302335,17,185243
15886,0.278976,20,185263
15887,0.578961,32,185295
15888,0.251197,17,185312
15889,0.293708,16,185328
15890,0.253514,19,185347
15891,0.23958,13,185360
15892,0.231938,13,185373
15893,0.261491,17,185390
15894,0.277786,16,185406
15895,0.246184,14,185420
15896,0.276265,17,185437
15897,0.344341,26,185463
15898,0.340423,21,185484
15899,0.361709,27,185511
15900,0.390377,23,185534
15901,0.564536,31,185565
15902,0.27876,16,185581
15903,0.198695,12,185593
15904,0.377476,22,185615
15905,0.280432,16,185631
15906,0.22221,12,185643
15907,0.271412,15,185658
15908,0.185568,10,185668
15909,0.397378,23,185691
15910,0.315867,21,185712
15911,0.38402,23,185735
15912,0.347013,19,185754
15913,0.327339,20,185774
15914,0.321097,25,185799
15915,0.020051,1,185800
15916,0.276744,15,185815
15917,0.224041,12,185827
15918,0.196814,12,185839
15919,0.276689,15,185854
15920,0.30675,17,185871
15921,0.205815,12,185883
15922,0.20411,11,185894
15923,0.330977,18,185912
15924,0.338367,19,185931
15925,0.295404,19,185950
15926,0.394989,24,185974
15927,0.21983,12,185986
15928,0.190946,13,185999
15929,0.232172,13,186012
15930,0.28911,17,186029
15931,0.341332,21,186050
15932,0.291927,17,186067
15933,0.290229,18,186085
15934,0.248529,17,186102
15935,0.293413,17,186119
15936,0.255842,19,186138
15937,0.285451,17,186155
15938,0.304307,18,186173
15939,0.182055,10,186183
15940,0.25664,16,186199
15941,0.018453,1,186200
15942,0.014057,1,186201
15943,0.313806,21,186222
15944,0.226745,13,186235
15945,0.241627,13,186248
15946,0.275172,15,186263
15947,0.234987,13,186276
15948,0.339088,20,186296
15949,0.260343,16,186312
15950,0.329246,24,186336
15951,0.499075,29,186365
15952,0.195089,12,186377
15953,0.34781,20,186397
15954,0.261093,16,186413
15955,0.267871,19,186432
15956,0.440807,24,186456
15957,0.198966,13,186469
15958,0.340434,19,186488
15959,0.294445,18,186506
15960,0.414627,23,186529
15961,0.286706,18,186547
15962,0.325696,20,186567
15963,0.291393,16,186583
15964,0.202265,11,186594
15965,0.291128,16,186610
15966,0.308973,17,186627
15967,0.2191,12,186639
15968,0.231744,13,186652
15969,0.259238,14,186666
15970,0.318767,18,186684
15971,0.075924,4,186688
15972,0.096647,5,186693
15973,0.554223,31,186724
15974,0.278277,17,186741
15975,0.376709,24,186765
15976,0.31134,21,186786
15977,0.270772,17,186803
15978,0.311232,18,186821
15979,0.289878,16,186837
15980,0.419934,26,186863
15981,0.296717,17,186880
15982,0.198282,13,186893
15983,0.364182,22,186915
15984,0.23865,14,186929
15985,0.435409,24,186953
15986,0.218355,14,186967
15987,0.095409,5,186972
15988,0.257725,14,186986
15989,0.305118,17,187003
15990,0.205223,13,187016
15991,0.244442,14,187030
15992,0.342486,19,187049
15993,0.266601,16,187065
15994,0.233391,14,187079
15995,0.387531,23,187102
15996,0.2578,15,187117
15997,0.27482,15,187132
15998,0.275382,16,187148
15999,0.011732,1,187149
16000,0.384938,21,187170
16001,0.279083,20,187190
16002,0.153321,8,187198
16003,0.332641,18,187216
16004,0.346577,30,187246
16005,0.33305,19,187265
16006,0.221991,12,187277
16007,0.503682,28,187305
16008,0.282103,19,187324
16009,0.39579,23,187347
16010,0.310193,21,187368
16011,0.244266,13,187381
16012,0.370637,22,187403
16013,0.336397,23,187426
16014,0.264732,16,187442
16015,0.228898,14,187456
16016,0.26238,14,187470
16017,0.274094,15,187485
16018,0.258852,14,187499
16019,0.282279,16,187515
16020,0.313334,17,187532
16021,0.694247,49,187581
16022,0.334116,23,187604
16023,0.279675,18,187622
16024,0.508833,28,187650
16025,0.298942,17,187667
16026,0.217715,14,187681
16027,0.231302,15,187696
16028,0.363856,24,187720
16029,0.20172,12,187732
16030,0.367187,20,187752
16031,0.394709,32,187784
16032,0.298975,16,187800
16033,0.284206,16,187816
16034,0.363108,23,187839
16035,0.415542,23,187862
16036,0.272286,16,187878
16037,0.055925,3,187881
16038,0.293892,18,187899
16039,0.278285,15,187914
16040,0.210313,12,187926
16041,0.289401,16,187942
16042,-0.081851,19,187961
16043,0.261675,18,187979
16044,0.161433,11,187990
16045,0.017389,1,187991
16046,0.230682,13,188004
16047,0.305465,19,188023
16048,0.258319,15,188038
16049,0.295839,17,188055
16050,0.251392,15,188070
16051,0.168825,9,188079
16052,0.194308,11,188090
16053,0.410951,28,188118
16054,0.312351,23,188141
16055,0.554938,36,188177
16056,0.284475,18,188195
16057,0.233646,13,188208
16058,0.256857,15,188223
16059,0.295855,16,188239
16060,0.41032,29,188268
16061,0.205282,14,188282
16062,0.269494,15,188297
16063,0.367927,20,188317
16064,0.339641,20,188337
16065,0.225454,13,188350
16066,0.314153,17,188367
16067,0.443224,24,188391
16068,0.499157,42,188433
16069,0.410703,38,188471
16070,0.224502,13,188484
16071,0.302816,17,188501
16072,0.227117,14,188515
16073,0.245,18,188533
16074,0.459988,25,188558
16075,0.226813,13,188571
16076,0.187627,10,188581
16077,0.386077,23,188604
16078,0.202498,12,188616
16079,0.25887,15,188631
16080,0.234899,15,188646
16081,0.288453,18,188664
16082,0.364178,22,188686
16083,0.237951,13,188699
16084,0.438107,25,188724
16085,0.230357,13,188737
16086,0.214912,12,188749
16087,0.344444,19,188768
16088,0.432639,27,188795
16089,0.183009,10,188805
16090,0.320789,18,188823
16091,0.24994,14,188837
16092,0.234603,13,188850
16093,0.220851,13,188863
16094,0.323662,22,188885
16095,0.32942,20,188905
16096,0.394279,22,188927
16097,0.273995,17,188944
16098,0.279816,22,188966
16099,0.240438,13,188979
16100,0.234071,14,188993
16101,0.320482,19,189012
16102,0.273301,15,189027
16103,0.278207,20,189047
16104,0.346168,21,189068
16105,0.275742,16,189084
16106,0.208588,14,189098
16107,0.242668,14,189112
16108,0.276144,15,189127
16109,0.205678,14,189141
16110,0.322426,18,189159
16111,0.371167,20,189179
16112,0.211003,15,189194
16113,0.25562,15,189209
16114,0.017402,1,189210
16115,0.144925,8,189218
16116,0.317459,18,189236
16117,0.344724,23,189259
16118,0.206049,13,189272
16119,0.258089,17,189289
16120,0.276175,17,189306
16121,0.492216,27,189333
16122,0.369769,22,189355
16123,0.306808,17,189372
16124,0.26291,19,189391
16125,0.018934,1,189392
16126,0.26735,15,189407
16127,0.015228,1,189408
16128,0.252573,14,189422
16129,0.222546,13,189435
16130,0.316612,20,189455
16131,0.417357,23,189478
16132,0.244712,14,189492
16133,0.433983,25,189517
16134,0.254987,18,189535
16135,0.352225,19,189554
16136,0.146384,8,189562
16137,0.641094,43,189605
16138,0.345459,19,189624
16139,0.247969,15,189639
16140,0.354206,20,189659
16141,0.275427,16,189675
16142,0.254561,15,189690
16143,0.260836,16,189706
16144,0.02033,1,189707
16145,0.230965,18,189725
16146,0.037959,2,189727
16147,0.353153,20,189747
16148,0.294448,16,189763
16149,0.381114,22,189785
16150,0.394987,26,189811
16151,0.238752,15,189826
16152,0.267368,19,189845
16153,0.332033,18,189863
16154,0.019717,1,189864
16155,0.390014,23,189887
16156,0.322568,19,189906
16157,0.210916,12,189918
16158,0.314573,21,189939
16159,0.243061,13,189952
16160,0.231738,14,189966
16161,0.273284,17,189983
16162,0.253011,15,189998
16163,0.283646,16,190014
16164,0.418228,23,190037
16165,0.20735,14,190051
16166,0.184852,10,190061
16167,0.171833,10,190071
16168,0.018097,1,190072
16169,0.357332,20,190092
16170,0.460155,26,190118
16171,0.261507,14,190132
16172,0.212081,13,190145
16173,0.257316,14,190159
16174,0.018587,1,190160
16175,0.293647,18,190178
16176,0.331573,21,190199
16177,0.234496,13,190212
16178,0.285807,18,190230
16179,0.239716,16,190246
16180,0.325491,24,190270
16181,0.487387,28,190298
16182,0.426346,26,190324
16183,0.352176,19,190343
16184,0.455305,34,190377
16185,0.018152,1,190378
16186,0.219347,14,190392
16187,0.256501,15,190407
16188,0.393929,25,190432
16189,0.276141,17,190449
16190,0.276386,17,190466
16191,0.133629,7,190473
16192,0.235411,14,190487
16193,0.248155,17,190504
16194,0.350746,19,190523
16195,0.253806,18,190541
16196,0.221873,14,190555
16197,0.291675,17,190572
16198,0.302268,17,190589
16199,0.275544,15,190604
16200,0.345243,23,190627
16201,0.272932,18,190645
16202,0.756986,48,190693
16203,0.258196,15,190708
16204,0.319341,20,190728
16205,0.327323,18,190746
16206,0.255012,14,190760
16207,0.406775,27,190787
16208,0.21641,13,190800
16209,0.328557,20,190820
16210,0.324377,19,190839
16211,0.258452,14,190853
16212,0.253796,16,190869
16213,0.282076,17,190886
16214,0.262297,15,190901
16215,0.369832,21,190922
16216,0.199909,13,190935
16217,0.318021,19,190954
16218,0.284181,16,190970
16219,0.342885,28,190998
16220,0.200902,11,191009
16221,0.207665,12,191021
16222,0.255102,14,191035
16223,0.250652,14,191049
16224,0.263569,14,191063
16225,0.177712,11,191074
16226,0.311309,18,191092
16227,0.175765,11,191103
16228,0.32456,18,191121
16229,0.213095,14,191135
16230,0.369079,21,191156
16231,0.322581,19,191175
16232,0.230729,17,191192
16233,0.259622,14,191206
16234,0.212492,13,191219
16235,0.182451,10,191229
16236,0.366843,23,191252
16237,0.208217,12,191264
16238,0.341012,19,191283
16239,0.368243,23,191306
16240,0.279031,15,191321
16241,0.267228,16,191337
16242,0.347294,19,191356
16243,0.209376,13,191369
16244,0.267716,20,191389
16245,0.230893,14,191403
16246,0.439855,29,191432
16247,0.374686,21,191453
16248,0.30923,17,191470
16249,0.294857,16,191486
16250,0.33569,21,191507
16251,0.345955,24,191531
16252,0.258592,16,191547
16253,0.242599,16,191563
16254,0.230576,16,191579
16255,0.368687,25,191604
16256,0.279285,18,191622
16257,0.018273,1,191623
16258,0.204001,15,191638
16259,-0.057609,26,191664
16260,0.28645,16,191680
16261,0.240001,13,191693
16262,0.312697,17,191710
16263,0.288829,20,191730
16264,0.275583,15,191745
16265,0.480949,30,191775
16266,0.325971,19,191794
16267,0.320125,20,191814
16268,0.317223,20,191834
16269,0.257145,15,191849
16270,0.255163,15,191864
16271,0.282317,17,191881
16272,0.17444,11,191892
16273,0.260919,16,191908
16274,0.31832,19,191927
16275,0.262383,17,191944
16276,0.222066,12,191956
16277,0.278452,16,191972
16278,0.288738,21,191993
16279,0.219227,14,192007
16280,0.304303,18,192025
16281,0.370824,21,192046
16282,0.689705,39,192085
16283,0.183397,10,192095
16284,0.256266,14,192109
16285,0.334064,20,192129
16286,0.360073,20,192149
16287,0.225338,12,192161
16288,0.271704,17,192178
16289,0.336813,20,192198
16290,0.488784,30,192228
16291,0.247767,14,192242
16292,0.211828,12,192254
16293,0.249804,15,192269
16294,0.278738,15,192284
16295,0.236362,13,192297
16296,0.371419,22,192319
16297,0.211593,13,192332
16298,0.222871,13,192345
16299,0.226884,19,192364
16300,0.406251,22,192386
16301,0.280379,16,192402
16302,0.205506,11,192413
16303,0.192152,11,192424
16304,0.271591,15,192439
16305,0.20931,13,192452
16306,0.219881,15,192467
16307,0.299706,17,192484
16308,0.242218,17,192501
16309,0.228475,13,192514
16310,0.381765,21,192535
16311,0.471916,31,192566
16312,0.017397,1,192567
16313,0.223367,13,192580
16314,0.215938,12,192592
16315,0.313383,20,192612
16316,0.300247,18,192630
16317,0.291962,17,192647
16318,0.197968,13,192660
16319,0.215032,12,192672
16320,0.365028,21,192693
16321,0.340196,20,192713
16322,0.363973,25,192738
16323,0.193829,12,192750
16324,0.126582,7,192757
16325,0.45259,29,192786
16326,0.27954,17,192803
16327,0.330588,18,192821
16328,0.319989,18,192839
16329,0.298285,17,192856
16330,0.293906,21,192877
16331,0.393979,22,192899
16332,0.296293,18,192917
16333,0.270097,15,192932
16334,0.302571,19,192951
16335,0.325326,18,192969
16336,0.270722,20,192989
16337,0.308848,21,193010
16338,0.201519,14,193024
16339,0.234564,13,193037
16340,0.357722,20,193057
16341,0.258839,15,193072
16342,0.341628,19,193091
16343,0.273936,16,193107
16344,0.415673,29,193136
16345,0.330363,21,193157
16346,0.254396,15,193172
16347,0.235153,13,193185
16348,0.240351,13,193198
16349,0.403022,32,193230
16350,0.318203,20,193250
16351,0.449898,26,193276
16352,0.259906,14,193290
16353,0.534155,33,193323
16354,0.259506,14,193337
16355,0.363505,24,193361
16356,0.327315,19,193380
16357,0.418597,23,193403
16358,0.361569,23,193426
16359,0.558105,35,193461
16360,0.36057,22,193483
16361,0.323112,18,193501
16362,0.168531,9,193510
16363,0.403266,26,193536
16364,0.339576,22,193558
16365,0.228162,13,193571
16366,0.198002,12,193583
16367,0.237761,14,193597
16368,0.273373,15,193612
16369,0.518987,29,193641
16370,0.297743,18,193659
16371,0.273568,17,193676
16372,0.287127,16,193692
16373,0.224359,14,193706
16374,0.27071,15,193721
16375,0.329225,23,193744
16376,0.242693,14,193758
16377,0.244366,15,193773
16378,0.264016,14,193787
16379,0.33898,22,193809
16380,0.040292,27,193836
16381,0.219686,19,193855
16382,0.296483,16,193871
16383,0.209902,12,193883
16384,0.233136,13,193896
16385,0.350983,19,193915
16386,0.195535,14,193929
16387,0.307211,17,193946
16388,0.368451,21,193967
16389,0.285225,17,193984
16390,0.368521,20,194004
16391,0.261214,15,194019
16392,0.259819,17,194036
16393,0.316347,20,194056
16394,0.189634,12,194068
16395,0.448216,25,194093
16396,0.345173,20,194113
16397,0.187709,11,194124
16398,0.266983,17,194141
16399,0.296204,21,194162
16400,0.293106,18,194180
16401,0.374662,22,194202
16402,0.241603,14,194216
16403,0.270029,15,194231
16404,0.367103,21,194252
16405,-0.036325,20,194272
16406,0.236342,13,194285
16407,0.239338,14,194299
16408,0.333773,18,194317
16409,0.241371,13,194330
16410,0.224286,13,194343
16411,0.234269,18,194361
16412,0.281821,17,194378
16413,0.255794,17,194395
16414,0.194,12,194407
16415,0.33222,20,194427
16416,0.379888,21,194448
16417,0.45542,26,194474
16418,0.240222,14,194488
16419,0.378615,21,194509
16420,0.541227,35,194544
16421,0.272729,15,194559
16422,0.254096,14,194573
16423,0.287287,16,194589
16424,0.329702,22,194611
16425,0.347173,19,194630
16426,0.264811,16,194646
16427,0.232601,13,194659
16428,0.310314,17,194676
16429,0.096145,5,194681
16430,0.642783,35,194716
16431,0.164876,9,194725
16432,0.295253,16,194741
16433,0.242224,14,194755
16434,0.292502,16,194771
16435,0.277687,16,194787
16436,0.362655,21,194808
16437,0.419934,31,194839
16438,0.361758,24,194863
16439,0.323122,18,194881
16440,0.270576,16,194897
16441,0.249973,14,194911
16442,0.292463,16,194927
16443,0.200262,12,194939
16444,0.306776,17,194956
16445,0.808981,46,195002
16446,0.331769,18,195020
16447,0.363518,21,195041
16448,0.28645,17,195058
16449,0.345247,19,195077
16450,0.277682,15,195092
16451,0.372504,20,195112
16452,0.449988,27,195139
16453,0.213794,15,195154
16454,0.539968,30,195184
16455,0.018294,1,195185
16456,0.229272,14,195199
16457,0.307407,18,195217
16458,0.313549,17,195234
16459,0.282529,16,195250
16460,0.249227,15,195265
16461,0.281601,16,195281
16462,0.229703,13,195294
16463,0.313566,17,195311
16464,0.327805,20,195331
16465,0.280096,18,195349
16466,0.330955,18,195367
16467,0.223493,13,195380
16468,0.01625,1,195381
16469,0.26865,17,195398
16470,0.264321,16,195414
16471,0.114571,6,195420
16472,0.285565,16,195436
16473,0.395187,24,195460
16474,0.2227,12,195472
16475,0.248599,16,195488
16476,0.254886,15,195503
16477,0.019045,1,195504
16478,0.362532,22,195526
16479,0.389936,22,195548
16480,0.355915,23,195571
16481,0.259891,14,195585
16482,0.266584,15,195600
16483,0.260935,14,195614
16484,0.268099,21,195635
16485,0.016288,1,195636
16486,0.363668,23,195659
16487,0.222127,14,195673
16488,0.206722,11,195684
16489,0.452004,25,195709
16490,0.25416,14,195723
16491,0.285509,17,195740
16492,0.325803,20,195760
16493,0.522361,31,195791
16494,0.332531,18,195809
16495,0.307164,17,195826
16496,0.29401,16,195842
16497,0.278038,15,195857
16498,0.369899,24,195881
16499,0.203317,11,195892
16500,0.2455,14,195906
16501,0.151514,8,195914
16502,0.364243,20,195934
16503,0.364221,28,195962
16504,0.264865,15,195977
16505,0.31922,18,195995
16506,0.412178,24,196019
16507,0.207744,12,196031
16508,0.345071,19,196050
16509,0.282321,20,196070
16510,0.274299,17,196087
16511,0.26377,18,196105
16512,0.291126,16,196121
16513,0.219,13,196134
16514,0.182599,12,196146
16515,0.459509,33,196179
16516,0.251772,14,196193
16517,0.382362,21,196214
16518,0.460646,25,196239
16519,0.260527,14,196253
16520,0.251425,15,196268
16521,0.28287,16,196284
16522,0.248225,15,196299
16523,0.253708,17,196316
16524,0.219367,12,196328
16525,0.270174,15,196343
16526,0.264043,14,196357
16527,0.255098,14,196371
16528,0.417817,23,196394
16529,0.281711,16,196410
16530,0.274252,15,196425
16531,0.405603,23,196448
16532,0.208943,13,196461
16533,0.389945,21,196482
16534,0.525981,30,196512
16535,0.431034,41,196553
16536,0.232674,13,196566
16537,0.263353,15,196581
16538,0.222519,14,196595
16539,0.237203,14,196609
16540,0.259205,16,196625
16541,0.994678,65,196690
16542,0.200172,11,196701
16543,0.261249,14,196715
16544,0.282637,17,196732
16545,0.385478,21,196753
16546,0.019642,1,196754
16547,0.280743,20,196774
16548,0.21637,12,196786
16549,0.204664,13,196799
16550,0.256325,14,196813
16551,0.297604,18,196831
16552,0.351988,19,196850
16553,0.219976,12,196862
16554,0.314006,17,196879
16555,0.166331,10,196889
16556,0.236736,20,196909
16557,0.317323,19,196928
16558,0.31875,18,196946
16559,0.263931,16,196962
16560,0.333851,18,196980
16561,0.248734,17,196997
16562,0.205847,11,197008
16563,0.369031,20,197028
16564,0.25806,19,197047
16565,0.335797,19,197066
16566,0.25769,17,197083
16567,0.440388,24,197107
16568,0.284373,23,197130
16569,0.446554,28,197158
16570,0.207147,12,197170
16571,0.364499,20,197190
16572,0.017714,1,197191
16573,0.248137,19,197210
16574,0.199512,13,197223
16575,0.219231,13,197236
16576,0.24344,14,197250
16577,0.249449,14,197264
16578,0.395551,22,197286
16579,0.197952,11,197297
16580,0.325288,19,197316
16581,0.273408,15,197331
16582,0.379954,38,197369
16583,0.018447,1,197370
16584,0.228437,13,197383
16585,0.427489,24,197407
16586,0.218124,12,197419
16587,0.25667,14,197433
16588,0.301168,17,197450
16589,0.252086,16,197466
16590,0.416679,23,197489
16591,0.274005,15,197504
16592,0.269853,17,197521
16593,0.327735,18,197539
16594,0.313755,19,197558
16595,0.404518,24,197582
16596,0.352606,21,197603
16597,0.313342,17,197620
16598,0.29532,17,197637
16599,0.373845,23,197660
16600,0.26236,16,197676
16601,0.433904,24,197700
16602,0.243543,14,197714
16603,0.264437,15,197729
16604,0.260436,18,197747
16605,0.014633,1,197748
16606,0.015521,1,197749
16607,0.324429,20,197769
16608,0.324071,20,197789
16609,0.59528,36,197825
16610,0.242237,15,197840
16611,0.288115,18,197858
16612,0.292848,16,197874
16613,0.243421,13,197887
16614,0.266103,17,197904
16615,0.273017,16,197920
16616,0.368015,23,197943
16617,0.284808,19,197962
16618,0.230906,15,197977
16619,0.290011,17,197994
16620,0.018028,1,197995
16621,0.220598,15,198010
16622,0.326252,21,198031
16623,0.290253,20,198051
16624,0.347496,27,198078
16625,0.288265,21,198099
16626,0.183431,10,198109
16627,0.244371,14,198123
16628,0.284122,16,198139
16629,0.016883,1,198140
16630,0.22157,14,198154
16631,0.38575,21,198175
16632,0.000911,23,198198
16633,0.425232,24,198222
16634,0.280183,17,198239
16635,0.254546,16,198255
16636,0.344812,20,198275
16637,0.247965,14,198289
16638,0.4674,37,198326
16639,0.333737,18,198344
16640,0.271296,15,198359
16641,0.188296,11,198370
16642,0.38614,32,198402
16643,0.296827,17,198419
16644,0.299837,20,198439
16645,0.295655,18,198457
16646,0.018676,1,198458
16647,0.310213,20,198478
16648,0.502644,28,198506
16649,0.170162,9,198515
16650,0.019188,1,198516
16651,0.337424,21,198537
16652,0.345214,22,198559
16653,0.308727,18,198577
16654,-0.403059,22,198599
16655,0.448842,25,198624
16656,0.247352,15,198639
16657,0.378093,21,198660
16658,0.018728,1,198661
16659,0.206586,15,198676
16660,0.257369,15,198691
16661,0.265127,16,198707
16662,0.478136,26,198733
16663,0.268657,15,198748
16664,0.281805,22,198770
16665,0.291194,16,198786
16666,0.241266,14,198800
16667,0.257284,21,198821
16668,0.020673,1,198822
16669,0.267539,17,198839
16670,0.299315,19,198858
16671,0.260386,14,198872
16672,0.247632,17,198889
16673,0.252079,14,198903
16674,0.184969,11,198914
16675,0.2227,12,198926
16676,0.21396,12,198938
16677,0.235754,15,198953
16678,0.241702,14,198967
16679,0.294721,17,198984
16680,0.211339,13,198997
16681,0.48016,28,199025
16682,0.298436,18,199043
16683,0.473106,26,199069
16684,0.26453,17,199086
16685,0.358353,20,199106
16686,0.21491,13,199119
16687,0.198003,11,199130
16688,0.265822,18,199148
16689,0.274238,15,199163
16690,0.255981,14,199177
16691,0.266134,19,199196
16692,0.238786,13,199209
16693,0.387465,21,199230
16694,0.319575,18,199248
16695,0.368546,22,199270
16696,0.198728,12,199282
16697,0.289683,17,199299
16698,0.317087,18,199317
16699,0.526448,31,199348
16700,0.477759,29,199377
16701,0.218274,15,199392
16702,0.345707,19,199411
16703,0.239134,14,199425
16704,0.272437,16,199441
16705,0.298225,18,199459
16706,0.348831,21,199480
16707,0.275895,16,199496
16708,0.276481,16,199512
16709,0.377678,21,199533
16710,0.291379,16,199549
16711,0.414502,23,199572
16712,0.259629,16,199588
16713,0.351706,21,199609
16714,0.351537,19,199628
16715,0.340196,20,199648
16716,0.478974,26,199674
16717,0.36427,21,199695
16718,0.540068,32,199727
16719,0.322503,18,199745
16720,0.227893,13,199758
16721,0.16397,10,199768
16722,0.492203,27,199795
16723,0.334575,18,199813
16724,0.228123,14,199827
16725,0.261101,17,199844
16726,0.316633,19,199863
16727,0.2874,22,199885
16728,0.291789,17,199902
16729,0.272865,17,199919
16730,0.469109,29,199948
16731,0.322578,19,199967
16732,0.269538,15,199982
16733,0.233737,14,199996
16734,0.229166,14,200010
16735,0.382733,21,200031
16736,0.245715,21,200052
16737,0.392683,33,200085
16738,0.288826,16,200101
16739,0.240654,17,200118
16740,0.323266,19,200137
16741,0.287733,16,200153
16742,0.233952,14,200167
16743,0.206972,11,200178
16744,0.266916,18,200196
16745,0.468037,27,200223
16746,0.365289,23,200246
16747,0.188814,10,200256
16748,0.344417,19,200275
16749,0.015998,1,200276
16750,0.204494,13,200289
16751,0.22075,12,200301
16752,0.269962,15,200316
16753,0.238029,14,200330
16754,0.181727,10,200340
16755,0.349085,25,200365
16756,0.317048,17,200382
16757,0.272996,16,200398
16758,0.222478,13,200411
16759,0.225239,12,200423
16760,0.315688,17,200440
16761,0.49918,32,200472
16762,0.285685,18,200490
16763,0.232717,14,200504
16764,0.257723,14,200518
16765,0.309411,18,200536
16766,0.289038,16,200552
16767,0.302368,19,200571
16768,0.405949,27,200598
16769,0.409617,25,200623
16770,0.016066,1,200624
16771,0.283002,16,200640
16772,0.282129,16,200656
16773,0.238034,13,200669
16774,0.222352,12,200681
16775,0.442724,36,200717
16776,0.221305,12,200729
16777,0.338817,22,200751
16778,0.262817,14,200765
16779,0.290352,16,200781
16780,0.309198,20,200801
16781,0.244307,14,200815
16782,0.321119,19,200834
16783,0.270744,15,200849
16784,0.306946,20,200869
16785,0.310432,17,200886
16786,0.199668,14,200900
16787,0.471938,26,200926
16788,0.366983,21,200947
16789,0.425367,23,200970
16790,0.241117,13,200983
16791,0.221179,17,201000
16792,0.017721,1,201001
16793,0.018426,1,201002
16794,0.313696,17,201019
16795,0.206347,12,201031
16796,0.253632,19,201050
16797,0.27019,17,201067
16798,0.572781,34,201101
16799,0.329664,19,201120
16800,0.219761,13,201133
16801,0.261011,16,201149
16802,0.312577,20,201169
16803,0.249255,14,201183
16804,0.421303,23,201206
16805,0.268578,19,201225
16806,0.440721,34,201259
16807,0.309793,18,201277
16808,0.343117,19,201296
16809,0.398457,29,201325
16810,0.330498,18,201343
16811,0.358333,25,201368
16812,0.459802,25,201393
16813,0.29654,18,201411
16814,0.286752,18,201429
16815,0.312951,17,201446
16816,0.205391,12,201458
16817,0.418612,24,201482
16818,0.371298,24,201506
16819,0.371288,24,201530
16820,0.335607,20,201550
16821,0.014578,1,201551
16822,0.112353,6,201557
16823,0.018219,1,201558
16824,0.325055,24,201582
16825,0.320535,21,201603
16826,0.018689,1,201604
16827,0.267682,17,201621
16828,0.300461,17,201638
16829,0.268058,15,201653
16830,0.019371,1,201654
16831,0.254393,14,201668
16832,0.362504,21,201689
16833,0.410549,26,201715
16834,0.397887,23,201738
16835,0.350282,19,201757
16836,0.221949,12,201769
16837,0.427175,31,201800
16838,0.239967,17,201817
16839,0.27466,18,201835
16840,0.272602,16,201851
16841,0.273429,16,201867
16842,0.440398,24,201891
16843,0.248721,14,201905
16844,0.350055,21,201926
16845,0.305859,17,201943
16846,-0.134722,16,201959
16847,0.195504,11,201970
16848,0.277572,15,201985
16849,0.351126,22,202007
16850,0.389481,26,202033
16851,0.361497,21,202054
16852,0.236053,13,202067
16853,0.32205,20,202087
16854,0.459922,25,202112
16855,0.267318,16,202128
16856,0.241792,17,202145
16857,0.343971,21,202166
16858,0.398789,22,202188
16859,0.015102,1,202189
16860,0.274426,15,202204
16861,0.504769,29,202233
16862,0.300872,18,202251
16863,0.305817,17,202268
16864,0.261288,15,202283
16865,0.561805,35,202318
16866,0.245628,17,202335
16867,0.28699,17,202352
16868,0.234922,14,202366
16869,0.014082,1,202367
16870,0.217326,14,202381
16871,0.278028,15,202396
16872,0.401901,23,202419
16873,0.307694,17,202436
16874,0.268479,15,202451
16875,0.347094,19,202470
16876,0.26444,17,202487
16877,0.298371,20,202507
16878,0.246998,14,202521
16879,0.28786,21,202542
16880,0.276159,15,202557
16881,0.279244,16,202573
16882,0.213991,14,202587
16883,0.20971,15,202602
16884,0.216629,14,202616
16885,0.360455,20,202636
16886,0.220442,13,202649
16887,0.53409,33,202682
16888,0.522324,29,202711
16889,0.285279,17,202728
16890,0.333374,18,202746
16891,0.319983,22,202768
16892,0.367381,22,202790
16893,0.186063,10,202800
16894,0.281372,18,202818
16895,0.328592,19,202837
16896,0.257321,15,202852
16897,0.200123,15,202867
16898,0.235016,14,202881
16899,0.323973,18,202899
16900,0.362821,21,202920
16901,0.211708,12,202932
16902,0.284651,18,202950
16903,0.28426,17,202967
16904,-0.003174,35,203002
16905,0.340558,29,203031
16906,0.460185,25,203056
16907,0.357022,23,203079
16908,0.378765,22,203101
16909,0.375002,21,203122
16910,0.11238,6,203128
16911,0.311083,18,203146
16912,0.2036,11,203157
16913,0.203067,11,203168
16914,0.217984,12,203180
16915,0.357667,21,203201
16916,0.237586,16,203217
16917,0.295011,17,203234
16918,0.229822,15,203249
16919,0.35601,20,203269
16920,0.258735,15,203284
16921,0.296441,18,203302
16922,0.30852,18,203320
16923,0.271748,15,203335
16924,0.320991,18,203353
16925,0.364427,24,203377
16926,0.332842,22,203399
16927,0.270891,15,203414
16928,0.202185,11,203425
16929,0.326568,19,203444
16930,0.324894,21,203465
16931,0.018315,1,203466
16932,0.237038,13,203479
16933,0.392597,22,203501
16934,0.295734,16,203517
16935,0.24059,15,203532
16936,0.289947,16,203548
16937,0.487231,27,203575
16938,0.019097,1,203576
16939,0.035724,2,203578
16940,0.438477,28,203606
16941,0.225474,15,203621
16942,0.237635,15,203636
16943,0.389709,22,203658
16944,0.411002,29,203687
16945,0.269654,17,203704
16946,0.304876,23,203727
16947,0.311269,17,203744
16948,0.050171,3,203747
16949,0.330176,18,203765
16950,0.301706,19,203784
16951,0.27277,15,203799
16952,0.314161,19,203818
16953,0.318308,20,203838
16954,0.316409,17,203855
16955,0.254309,14,203869
16956,0.297528,19,203888
16957,0.242685,16,203904
16958,0.755338,42,203946
16959,0.317388,19,203965
16960,0.439148,25,203990
16961,0.267337,16,204006
16962,0.244581,13,204019
16963,0.205756,15,204034
16964,0.241094,15,204049
16965,0.275723,15,204064
16966,0.016963,1,204065
16967,0.243026,13,204078
16968,0.2573,14,204092
16969,0.290351,23,204115
16970,0.150805,8,204123
16971,0.217207,15,204138
16972,0.427906,24,204162
16973,0.189952,10,204172
16974,0.283937,16,204188
16975,0.247351,14,204202
16976,0.550138,31,204233
16977,0.271613,18,204251
16978,0.185716,13,204264
16979,0.200115,11,204275
16980,0.337672,21,204296
16981,0.28981,16,204312
16982,0.520933,29,204341
16983,0.223376,15,204356
16984,0.287704,16,204372
16985,0.285121,16,204388
16986,0.214708,14,204402
16987,0.388039,21,204423
16988,0.420091,28,204451
16989,0.308205,19,204470
16990,0.278189,17,204487
16991,0.509862,31,204518
16992,0.314524,18,204536
16993,0.267386,20,204556
16994,0.014375,1,204557
16995,0.332013,20,204577
16996,0.401303,29,204606
16997,0.321067,18,204624
16998,0.242319,14,204638
16999,0.26442,15,204653
17000,0.258371,15,204668
17001,0.020214,1,204669
17002,0.223372,12,204681
17003,0.289013,20,204701
17004,0.29708,21,204722
17005,0.20139,12,204734
17006,0.274726,16,204750
17007,0.348728,20,204770
17008,0.308177,17,204787
17009,0.300887,18,204805
17010,0.288986,16,204821
17011,0.211833,12,204833
17012,0.278012,15,204848
17013,0.263223,14,204862
17014,0.230542,15,204877
17015,0.018002,1,204878
17016,0.336257,18,204896
17017,0.236049,13,204909
17018,0.243844,14,204923
17019,0.294378,16,204939
17020,0.213542,12,204951
17021,0.197282,12,204963
17022,0.329837,29,204992
17023,0.35092,25,205017
17024,0.238136,14,205031
17025,0.230359,13,205044
17026,0.24997,15,205059
17027,0.272963,18,205077
17028,0.414174,25,205102
17029,0.348832,20,205122
17030,0.258086,15,205137
17031,0.243577,14,205151
17032,0.257444,16,205167
17033,0.01905,1,205168
17034,0.226911,13,205181
17035,0.48915,28,205209
17036,0.263341,16,205225
17037,0.39509,22,205247
17038,0.29545,16,205263
17039,0.013804,1,205264
17040,0.01911,1,205265
17041,0.488986,36,205301
17042,0.367333,28,205329
17043,0.289626,19,205348
17044,0.422083,25,205373
17045,0.354011,25,205398
17046,0.257633,16,205414
17047,0.302717,17,205431
17048,0.221852,14,205445
17049,0.364878,20,205465
17050,0.23984,15,205480
17051,0.543558,30,205510
17052,0.360154,25,205535
17053,0.40552,22,205557
17054,0.330042,18,205575
17055,0.302019,21,205596
17056,0.370286,20,205616
17057,0.215611,12,205628
17058,0.246225,15,205643
17059,0.298538,18,205661
17060,0.242365,16,205677
17061,0.322787,18,205695
17062,0.267163,19,205714
17063,0.017858,1,205715
17064,0.288259,16,205731
17065,0.326595,20,205751
17066,0.284132,17,205768
17067,0.352089,20,205788
17068,0.308483,18,205806
17069,0.29952,19,205825
17070,0.324736,19,205844
17071,0.019586,1,205845
17072,0.433652,25,205870
17073,0.251696,15,205885
17074,0.438287,25,205910
17075,0.282369,16,205926
17076,0.340433,19,205945
17077,0.331288,22,205967
17078,0.190511,11,205978
17079,0.258037,15,205993
17080,0.259258,14,206007
17081,0.261129,17,206024
17082,0.299779,18,206042
17083,0.270064,15,206057
17084,0.277886,21,206078
17085,0.013784,1,206079
17086,0.37933,23,206102
17087,0.247168,15,206117
17088,0.24734,15,206132
17089,0.213331,12,206144
17090,0.287997,16,206160
17091,0.054408,3,206163
17092,0.018851,1,206164
17093,0.26411,15,206179
17094,0.375002,22,206201
17095,0.238426,13,206214
17096,0.295839,19,206233
17097,0.373987,22,206255
17098,0.328368,31,206286
17099,0.281909,19,206305
17100,0.296511,19,206324
17101,0.317429,17,206341
17102,0.296717,18,206359
17103,0.252737,15,206374
17104,0.295252,20,206394
17105,0.236282,16,206410
17106,-0.300622,32,206442
17107,0.264675,17,206459
17108,0.295497,20,206479
17109,0.280562,16,206495
17110,0.310992,17,206512
17111,0.21408,19,206531
17112,0.419864,24,206555
17113,0.388332,21,206576
17114,0.266909,16,206592
17115,0.217523,17,206609
17116,0.018209,1,206610
17117,0.297529,17,206627
17118,0.33858,19,206646
17119,0.49632,29,206675
17120,0.448847,29,206704
17121,0.377074,21,206725
17122,0.293088,16,206741
17123,0.312722,20,206761
17124,0.403288,24,206785
17125,0.621976,40,206825
17126,0.308669,17,206842
17127,0.346208,19,206861
17128,0.299581,17,206878
17129,0.015446,1,206879
17130,0.366768,24,206903
17131,0.362983,26,206929
17132,0.304723,27,206956
17133,0.309122,23,206979
17134,0.559108,31,207010
17135,0.324726,18,207028
17136,0.278499,15,207043
17137,0.188848,11,207054
17138,0.294586,16,207070
17139,0.201984,11,207081
17140,0.34138,21,207102
17141,0.268695,16,207118
17142,0.018697,1,207119
17143,0.265627,17,207136
17144,0.332672,21,207157
17145,0.2426,18,207175
17146,0.356214,20,207195
17147,0.598117,34,207229
17148,0.275312,19,207248
17149,0.35928,20,207268
17150,0.270553,22,207290
17151,0.319378,19,207309
17152,0.14845,8,207317
17153,0.238813,13,207330
17154,0.455741,34,207364
17155,0.445913,27,207391
17156,0.214779,13,207404
17157,0.353102,20,207424
17158,0.235585,15,207439
17159,0.215822,15,207454
17160,0.365023,32,207486
17161,0.24953,16,207502
17162,0.181899,10,207512
17163,0.404647,24,207536
17164,0.291209,17,207553
17165,0.219213,17,207570
17166,0.279909,15,207585
17167,0.3123,17,207602
17168,0.440548,28,207630
17169,0.434136,28,207658
17170,0.275833,16,207674
17171,0.01833,1,207675
17172,0.417442,26,207701
17173,0.353951,19,207720
17174,0.408576,24,207744
17175,0.467696,26,207770
17176,0.214708,12,207782
17177,0.22053,12,207794
17178,0.203628,11,207805
17179,0.248432,14,207819
17180,0.38619,22,207841
17181,0.286447,16,207857
17182,0.216466,13,207870
17183,0.360992,25,207895
17184,0.193067,11,207906
17185,0.243237,13,207919
17186,0.200544,11,207930
17187,0.258757,23,207953
17188,0.357196,20,207973
17189,0.317243,25,207998
17190,0.109448,7,208005
17191,0.365135,22,208027
17192,0.279368,16,208043
17193,0.225875,12,208055
17194,0.281209,17,208072
17195,0.337635,20,208092
17196,0.229825,15,208107
17197,0.380363,24,208131
17198,0.38422,23,208154
17199,0.244666,16,208170
17200,0.017698,28,208198
17201,0.274692,15,208213
17202,0.283892,16,208229
17203,0.362991,20,208249
17204,0.410976,24,208273
17205,0.258916,14,208287
17206,0.208197,11,208298
17207,0.252339,14,208312
17208,0.276145,15,208327
17209,0.349252,25,208352
17210,0.274777,15,208367
17211,0.303663,18,208385
17212,0.616206,43,208428
17213,0.427079,23,208451
17214,0.276137,15,208466
17215,0.319642,18,208484
17216,0.260819,15,208499
17217,0.256166,16,208515
17218,0.367418,23,208538
17219,0.361553,23,208561
17220,0.41933,42,208603
17221,0.468921,28,208631
17222,0.365869,23,208654
17223,0.271824,16,208670
17224,0.368142,23,208693
17225,0.379796,21,208714
17226,0.307775,17,208731
17227,0.630382,35,208766
17228,0.211127,14,208780
17229,0.39903,25,208805
17230,0.327497,18,208823
17231,0.297681,22,208845
17232,0.31803,19,208864
17233,0.275345,16,208880
17234,0.468359,26,208906
17235,0.290472,17,208923
17236,0.315374,18,208941
17237,0.329432,18,208959
17238,0.265209,16,208975
17239,0.370067,20,208995
17240,0.206086,12,209007
17241,0.228316,16,209023
17242,0.285972,17,209040
17243,0.230842,14,209054
17244,0.352088,19,209073
17245,0.278333,16,209089
17246,0.307156,17,209106
17247,0.379863,22,209128
17248,0.260781,14,209142
17249,0.526353,32,209174
17250,0.262592,18,209192
17251,0.092605,5,209197
17252,0.407107,32,209229
17253,0.015498,1,209230
17254,0.316217,17,209247
17255,0.017396,1,209248
17256,0.311338,18,209266
17257,0.340573,19,209285
17258,0.372401,21,209306
17259,0.330209,19,209325
17260,0.157471,9,209334
17261,0.307326,17,209351
17262,0.290058,16,209367
17263,0.2527,16,209383
17264,0.330413,19,209402
17265,0.324711,18,209420
17266,0.280243,18,209438
17267,0.320682,19,209457
17268,0.279496,15,209472
17269,0.25438,14,209486
17270,0.308389,18,209504
17271,0.408908,23,209527
17272,0.333312,24,209551
17273,0.233421,13,209564
17274,0.348197,25,209589
17275,0.333057,18,209607
17276,0.326458,18,209625
17277,0.308212,17,209642
17278,0.323532,20,209662
17279,0.248133,14,209676
17280,0.244536,14,209690
17281,0.392762,22,209712
17282,0.374654,21,209733
17283,0.256945,14,209747
17284,0.32785,18,209765
17285,0.253375,14,209779
17286,0.253386,14,209793
17287,0.278748,18,209811
17288,0.302543,17,209828
17289,0.240371,13,209841
17290,0.267956,15,209856
17291,0.268031,15,209871
17292,0.363269,20,209891
17293,0.254317,15,209906
17294,0.330564,19,209925
17295,0.055834,3,209928
17296,0.232815,13,209941
17297,0.405447,23,209964
17298,0.468946,26,209990
17299,0.369452,20,210010
17300,0.378875,28,210038
17301,0.383305,21,210059
17302,0.245403,15,210074
17303,0.346238,19,210093
17304,0.298743,19,210112
17305,0.306001,26,210138
17306,0.357595,24,210162
17307,0.302307,20,210182
17308,0.388099,22,210204
17309,0.379903,21,210225
17310,0.216056,13,210238
17311,0.233839,15,210253
17312,0.0185,1,210254
17313,0.365,21,210275
17314,0.523433,32,210307
17315,0.241019,15,210322
17316,0.299361,18,210340
17317,0.284422,26,210366
17318,0.247389,14,210380
17319,0.270476,15,210395
17320,0.594228,42,210437
17321,0.29938,16,210453
17322,0.403948,22,210475
17323,0.018599,1,210476
17324,0.325179,21,210497
17325,0.299826,17,210514
17326,0.245794,16,210530
17327,0.200437,11,210541
17328,0.3093,21,210562
17329,0.295248,25,210587
17330,0.384889,22,210609
17331,0.405641,22,210631
17332,0.25497,15,210646
17333,0.417283,30,210676
17334,0.165613,10,210686
17335,0.153062,10,210696
17336,0.671293,37,210733
17337,0.425813,24,210757
17338,0.34156,21,210778
17339,0.296505,21,210799
17340,0.330332,20,210819
17341,0.181704,10,210829
17342,0.224815,12,210841
17343,0.397899,23,210864
17344,0.134964,8,210872
17345,0.289749,17,210889
17346,0.294268,16,210905
17347,0.39759,31,210936
17348,0.227077,14,210950
17349,0.231237,13,210963
17350,0.019009,1,210964
17351,0.313247,20,210984
17352,0.449443,25,211009
17353,0.261514,16,211025
17354,0.29602,16,211041
17355,0.268319,15,211056
17356,0.230806,13,211069
17357,0.312637,19,211088
17358,0.326473,19,211107
17359,0.016822,1,211108
17360,0.288941,16,211124
17361,0.205613,12,211136
17362,0.310765,19,211155
17363,0.358977,24,211179
17364,0.423328,24,211203
17365,0.329207,20,211223
17366,0.296285,16,211239
17367,0.353517,20,211259
17368,0.019971,1,211260
17369,0.331629,18,211278
17370,0.394755,25,211303
17371,0.29595,21,211324
17372,0.294338,17,211341
17373,0.236949,13,211354
17374,0.241519,15,211369
17375,0.196402,12,211381
17376,0.274964,15,211396
17377,0.235646,13,211409
17378,0.278865,18,211427
17379,0.298084,18,211445
17380,0.285866,18,211463
17381,0.257578,15,211478
17382,0.373343,22,211500
17383,0.298843,18,211518
17384,0.298828,17,211535
17385,0.34375,27,211562
17386,0.342479,21,211583
17387,0.295012,16,211599
17388,0.240483,15,211614
17389,0.228188,20,211634
17390,0.347411,19,211653
17391,0.305124,19,211672
17392,0.27473,15,211687
17393,0.217911,15,211702
17394,0.305841,19,211721
17395,0.364114,38,211759
17396,0.352656,19,211778
17397,0.445162,27,211805
17398,0.164522,9,211814
17399,0.406817,22,211836
17400,0.020461,1,211837
17401,0.362716,20,211857
17402,0.223531,12,211869
17403,0.295371,17,211886
17404,0.234855,13,211899
17405,0.233673,14,211913
17406,0.251241,14,211927
17407,0.349361,20,211947
17408,0.32489,21,211968
17409,0.260334,18,211986
17410,0.319423,20,212006
17411,0.268442,18,212024
17412,0.239924,16,212040
17413,0.205038,11,212051
17414,0.26208,14,212065
17415,0.224079,16,212081
17416,0.318714,19,212100
17417,0.311039,20,212120
17418,0.255943,14,212134
17419,0.274214,17,212151
17420,0.151321,8,212159
17421,0.207383,11,212170
17422,0.217229,12,212182
17423,0.286457,16,212198
17424,0.320879,20,212218
17425,0.323174,18,212236
17426,0.353389,19,212255
17427,0.57976,34,212289
17428,0.430075,30,212319
17429,0.194585,11,212330
17430,0.361681,20,212350
17431,0.258163,14,212364
17432,0.297238,16,212380
17433,0.349542,19,212399
17434,0.018483,1,212400
17435,0.269764,15,212415
17436,0.223783,12,212427
17437,0.42372,24,212451
17438,0.188161,13,212464
17439,0.313951,22,212486
17440,0.258011,14,212500
17441,0.296101,21,212521
17442,0.212465,12,212533
17443,0.238508,13,212546
17444,0.408743,23,212569
17445,0.361127,21,212590
17446,0.019739,1,212591
17447,0.324727,18,212609
17448,0.016288,1,212610
17449,0.281319,15,212625
17450,0.232867,14,212639
17451,0.417155,31,212670
17452,0.380779,21,212691
17453,0.185781,10,212701
17454,0.382231,31,212732
17455,0.235082,13,212745
17456,0.332512,22,212767
17457,0.330957,19,212786
17458,0.351303,25,212811
17459,0.365972,22,212833
17460,0.380434,23,212856
17461,0.343527,19,212875
17462,0.437934,29,212904
17463,0.17634,12,212916
17464,0.242768,16,212932
17465,0.237597,15,212947
17466,0.317464,18,212965
17467,0.019467,1,212966
17468,0.362041,23,212989
17469,0.355255,20,213009
17470,0.301952,18,213027
17471,0.346586,19,213046
17472,0.330044,18,213064
17473,0.394599,23,213087
17474,0.206041,11,213098
17475,0.255405,17,213115
17476,0.336532,19,213134
17477,0.324602,19,213153
17478,0.39342,23,213176
17479,0.364032,23,213199
17480,0.184117,11,213210
17481,0.240063,14,213224
17482,0.428876,29,213253
17483,0.282527,16,213269
17484,0.22673,14,213283
17485,0.167608,9,213292
17486,0.349324,21,213313
17487,0.326916,20,213333
17488,0.41102,32,213365
17489,0.24635,15,213380
17490,0.424845,35,213415
17491,0.314107,23,213438
17492,0.260706,17,213455
17493,0.336619,19,213474
17494,0.1881,10,213484
17495,0.417635,23,213507
17496,0.303438,20,213527
17497,0.315239,17,213544
17498,0.22136,14,213558
17499,0.296459,18,213576
17500,0.262395,14,213590
17501,0.286138,16,213606
17502,0.290246,18,213624
17503,0.467384,28,213652
17504,0.269729,16,213668
17505,0.283138,19,213687
17506,0.506997,33,213720
17507,0.225422,14,213734
17508,0.271941,19,213753
17509,0.253488,15,213768
17510,0.208264,12,213780
17511,0.417557,23,213803
17512,0.018253,1,213804
17513,0.245673,14,213818
17514,0.288027,16,213834
17515,0.294917,22,213856
17516,0.385067,24,213880
17517,0.424448,23,213903
17518,0.019436,1,213904
17519,0.018729,1,213905
17520,0.296158,17,213922
17521,0.017939,1,213923
17522,0.390259,25,213948
17523,0.425178,24,213972
17524,0.379828,21,213993
17525,0.255385,15,214008
17526,0.395269,25,214033
17527,0.22295,12,214045
17528,0.60285,45,214090
17529,0.316401,18,214108
17530,0.174955,15,214123
17531,0.315399,17,214140
17532,0.262947,16,214156
17533,0.356644,25,214181
17534,0.123556,7,214188
17535,0.322448,18,214206
17536,0.364007,27,214233
17537,0.265334,18,214251
17538,0.359372,20,214271
17539,0.279331,15,214286
17540,0.253083,20,214306
17541,0.23934,13,214319
17542,0.295902,16,214335
17543,0.377233,22,214357
17544,0.368142,21,214378
17545,0.363325,20,214398
17546,0.280939,15,214413
17547,0.187315,10,214423
17548,0.348192,25,214448
17549,0.018729,1,214449
17550,0.292695,16,214465
17551,0.018421,1,214466
17552,0.334352,20,214486
17553,0.015591,1,214487
17554,0.23081,14,214501
17555,0.286292,17,214518
17556,0.249904,14,214532
17557,0.22354,13,214545
17558,0.285387,17,214562
17559,0.462774,28,214590
17560,0.274825,15,214605
17561,0.310567,19,214624
17562,0.335241,19,214643
17563,0.194627,11,214654
17564,0.315382,17,214671
17565,0.246807,17,214688
17566,0.290276,16,214704
17567,0.284527,16,214720
17568,0.342687,21,214741
17569,0.252026,14,214755
17570,0.300097,24,214779
17571,0.262348,16,214795
17572,0.422905,23,214818
17573,0.27047,16,214834
17574,0.295025,16,214850
17575,0.106413,6,214856
17576,0.285586,18,214874
17577,0.206732,15,214889
17578,0.295097,16,214905
17579,0.220052,15,214920
17580,0.280217,15,214935
17581,0.37009,29,214964
17582,0.257774,14,214978
17583,0.015822,1,214979
17584,0.362322,20,214999
17585,0.346841,19,215018
17586,0.391738,23,215041
17587,0.515807,34,215075
17588,0.260408,17,215092
17589,0.386748,22,215114
17590,0.344308,21,215135
17591,0.262102,16,215151
17592,0.468918,30,215181
17593,0.315798,17,215198
17594,0.015014,1,215199
17595,0.284578,16,215215
17596,0.214418,12,215227
17597,0.435331,24,215251
17598,0.307403,18,215269
17599,0.276515,21,215290
17600,0.197028,13,215303
17601,0.256726,15,215318
17602,0.344778,20,215338
17603,0.229439,16,215354
17604,0.219949,13,215367
17605,0.514795,29,215396
17606,0.235847,13,215409
17607,0.326705,19,215428
17608,0.270926,16,215444
17609,0.244949,16,215460
17610,0.247687,14,215474
17611,0.309917,20,215494
17612,0.226703,13,215507
17613,0.213918,12,215519
17614,0.222363,13,215532
17615,0.325097,18,215550
17616,0.27517,18,215568
17617,0.520578,30,215598
17618,0.232873,15,215613
17619,0.342589,20,215633
17620,0.294838,19,215652
17621,0.480235,26,215678
17622,0.369347,21,215699
17623,0.523856,29,215728
17624,0.387838,23,215751
17625,0.286057,16,215767
17626,0.218669,12,215779
17627,0.164031,12,215791
17628,0.455922,27,215818
17629,0.489674,28,215846
17630,0.279534,17,215863
17631,0.293858,18,215881
17632,0.380384,28,215909
17633,0.317199,18,215927
17634,0.309866,19,215946
17635,0.254136,15,215961
17636,0.293486,16,215977
17637,0.322507,22,215999
17638,0.188108,10,216009
17639,0.318822,21,216030
17640,0.368984,20,216050
17641,0.224517,12,216062
17642,0.316493,17,216079
17643,0.314313,19,216098
17644,0.225507,14,216112
17645,0.273465,15,216127
17646,0.215583,12,216139
17647,0.387685,21,216160
17648,0.260556,14,216174
17649,0.405652,23,216197
17650,0.251305,14,216211
17651,0.254302,15,216226
17652,0.389574,21,216247
17653,0.359194,35,216282
17654,0.263523,15,216297
17655,0.358417,21,216318
17656,0.413533,24,216342
17657,-0.165887,14,216356
17658,0.199063,11,216367
17659,0.366683,27,216394
17660,0.284458,22,216416
17661,0.223434,14,216430
17662,0.236025,14,216444
17663,0.053364,3,216447
17664,0.020186,1,216448
17665,0.289066,17,216465
17666,0.390754,22,216487
17667,0.286733,16,216503
17668,0.361844,22,216525
17669,0.346462,20,216545
17670,0.01728,1,216546
17671,0.244121,17,216563
17672,0.228308,13,216576
17673,0.157208,10,216586
17674,0.347264,20,216606
17675,0.379113,26,216632
17676,0.180332,10,216642
17677,0.161361,9,216651
17678,0.371016,20,216671
17679,0.365967,31,216702
17680,0.23012,14,216716
17681,0.016492,1,216717
17682,0.464282,27,216744
17683,0.270941,15,216759
17684,0.299234,17,216776
17685,0.294193,16,216792
17686,0.360201,21,216813
17687,0.22565,13,216826
17688,0.056956,3,216829
17689,0.206262,12,216841
17690,0.224625,13,216854
17691,0.373871,22,216876
17692,0.317801,18,216894
17693,0.290847,16,216910
17694,0.277553,21,216931
17695,0.515714,28,216959
17696,0.306691,22,216981
17697,0.151685,8,216989
17698,0.326145,19,217008
17699,0.200017,11,217019
17700,0.406355,23,217042
17701,0.286144,18,217060
17702,0.316614,18,217078
17703,0.222297,14,217092
17704,0.366392,22,217114
17705,0.647974,58,217172
17706,0.30299,19,217191
17707,0.261891,17,217208
17708,0.077103,4,217212
17709,0.358711,20,217232
17710,0.302677,17,217249
17711,0.279685,15,217264
17712,0.279877,19,217283
17713,-0.045884,21,217304
17714,0.247295,19,217323
17715,0.402144,22,217345
17716,0.38785,22,217367
17717,0.122073,7,217374
17718,0.035879,2,217376
17719,0.054217,3,217379
17720,0.401513,23,217402
17721,0.314784,17,217419
17722,0.290523,16,217435
17723,0.2972,16,217451
17724,0.314415,17,217468
17725,0.266126,15,217483
17726,0.138799,8,217491
17727,0.311083,19,217510
17728,0.268324,18,217528
17729,0.225036,14,217542
17730,0.350239,20,217562
17731,0.291881,16,217578
17732,0.298734,18,217596
17733,0.416252,29,217625
17734,0.418049,28,217653
17735,0.336441,20,217673
17736,0.344565,20,217693
17737,0.300524,19,217712
17738,0.388551,29,217741
17739,0.019411,1,217742
17740,0.295471,16,217758
17741,0.404146,23,217781
17742,0.25999,16,217797
17743,0.300505,17,217814
17744,0.426147,23,217837
17745,0.259593,17,217854
17746,0.372096,21,217875
17747,0.296085,16,217891
17748,0.223702,16,217907
17749,0.242986,15,217922
17750,0.235056,13,217935
17751,0.342057,32,217967
17752,0.363664,20,217987
17753,0.017816,1,217988
17754,0.313347,17,218005
17755,0.323785,18,218023
17756,0.276559,17,218040
17757,0.279039,18,218058
17758,0.29102,17,218075
17759,0.28036,16,218091
17760,0.294746,18,218109
17761,0.350361,19,218128
17762,0.382511,22,218150
17763,0.328717,20,218170
17764,0.278416,19,218189
17765,0.222874,14,218203
17766,0.662338,42,218245
17767,0.19508,16,218261
17768,0.205545,11,218272
17769,0.23876,21,218293
17770,0.345374,20,218313
17771,0.425368,30,218343
17772,0.41157,25,218368
17773,0.195287,11,218379
17774,0.516146,28,218407
17775,0.347417,20,218427
17776,0.296249,17,218444
17777,0.412262,29,218473
17778,0.374599,20,218493
17779,0.199904,11,218504
17780,0.301232,22,218526
17781,0.237059,15,218541
17782,0.204712,11,218552
17783,0.243975,13,218565
17784,0.300711,19,218584
17785,0.211675,15,218599
17786,0.26791,15,218614
17787,0.018991,1,218615
17788,0.305994,25,218640
17789,0.364205,20,218660
17790,0.184374,18,218678
17791,0.416075,25,218703
17792,0.073865,4,218707
17793,0.320289,23,218730
17794,0.263429,15,218745
17795,0.34157,19,218764
17796,0.303942,17,218781
17797,0.150795,8,218789
17798,0.29847,16,218805
17799,0.285543,16,218821
17800,0.24557,15,218836
17801,0.456083,36,218872
17802,0.306228,20,218892
17803,0.288628,16,218908
17804,0.354078,19,218927
17805,0.331104,22,218949
17806,0.373032,21,218970
17807,0.210458,13,218983
17808,0.344464,19,219002
17809,0.314765,20,219022
17810,0.160589,9,219031
17811,0.288748,17,219048
17812,0.273426,17,219065
17813,0.23531,13,219078
17814,0.181492,11,219089
17815,0.224103,13,219102
17816,0.337605,21,219123
17817,0.018268,1,219124
17818,0.299491,16,219140
17819,0.19297,11,219151
17820,0.244074,13,219164
17821,0.121284,8,219172
17822,0.378604,26,219198
17823,0.291716,16,219214
17824,0.242372,13,219227
17825,0.283369,17,219244
17826,0.277783,19,219263
17827,0.274987,17,219280
17828,0.26859,17,219297
17829,0.259178,15,219312
17830,0.307814,19,219331
17831,0.221426,12,219343
17832,0.316501,17,219360
17833,0.287061,16,219376
17834,0.456743,28,219404
17835,0.319983,28,219432
17836,0.245019,14,219446
17837,0.317015,19,219465
17838,0.212382,15,219480
17839,0.293837,18,219498
17840,0.016636,1,219499
17841,0.323379,18,219517
17842,0.286624,17,219534
17843,0.36991,23,219557
17844,0.334642,21,219578
17845,0.205093,12,219590
17846,0.240193,13,219603
17847,0.212022,13,219616
17848,0.018398,1,219617
17849,0.43879,24,219641
17850,0.32413,19,219660
17851,0.226827,13,219673
17852,0.015356,1,219674
17853,0.238514,16,219690
17854,0.392822,25,219715
17855,0.300821,18,219733
17856,0.244003,13,219746
17857,0.170721,11,219757
17858,0.333572,18,219775
17859,0.245,13,219788
17860,0.581519,42,219830
17861,0.378848,21,219851
17862,0.373383,22,219873
17863,0.3833,26,219899
17864,0.497808,28,219927
17865,0.205279,11,219938
17866,0.341279,19,219957
17867,0.307652,17,219974
17868,0.60255,33,220007
17869,0.281234,18,220025
17870,0.303826,17,220042
17871,0.305542,17,220059
17872,0.328607,24,220083
17873,0.21988,13,220096
17874,0.16984,9,220105
17875,0.232603,14,220119
17876,0.262362,18,220137
17877,0.328877,21,220158
17878,0.449781,30,220188
17879,0.49059,27,220215
17880,0.277908,15,220230
17881,0.428592,24,220254
17882,0.379822,22,220276
17883,0.311004,18,220294
17884,0.325726,22,220316
17885,0.453416,30,220346
17886,0.204339,11,220357
17887,0.226932,14,220371
17888,0.274389,16,220387
17889,0.531419,30,220417
17890,0.018086,1,220418
17891,0.329354,21,220439
17892,0.610494,34,220473
17893,0.368014,21,220494
17894,0.322179,21,220515
17895,0.45056,27,220542
17896,0.282201,16,220558
17897,0.164841,12,220570
17898,0.371069,22,220592
17899,0.01788,1,220593
17900,0.457684,33,220626
17901,0.317136,17,220643
17902,0.315552,17,220660
17903,0.36794,20,220680
17904,0.428637,36,220716
17905,0.315339,17,220733
17906,0.314601,24,220757
17907,0.244033,13,220770
17908,0.293117,20,220790
17909,0.270869,18,220808
17910,0.181678,10,220818
17911,0.235145,13,220831
17912,0.298585,20,220851
17913,0.354803,20,220871
17914,0.356522,22,220893
17915,0.201193,11,220904
17916,0.188251,13,220917
17917,0.297774,16,220933
17918,0.442534,24,220957
17919,0.321454,18,220975
17920,0.287195,17,220992
17921,0.292403,19,221011
17922,0.530874,37,221048
17923,0.372671,21,221069
17924,0.266255,21,221090
17925,0.442136,24,221114
17926,0.260894,17,221131
17927,0.27004,17,221148
17928,0.1881,11,221159
17929,0.49811,27,221186
17930,0.341168,20,221206
17931,0.019376,1,221207
17932,0.297995,17,221224
17933,0.230481,16,221240
17934,0.34905,22,221262
17935,0.310543,20,221282
17936,0.141943,8,221290
17937,0.263662,16,221306
17938,0.242964,13,221319
17939,0.201365,14,221333
17940,0.476001,26,221359
17941,0.387113,25,221384
17942,0.016178,1,221385
17943,0.365481,21,221406
17944,0.350549,28,221434
17945,0.397381,26,221460
17946,0.354429,28,221488
17947,0.236177,13,221501
17948,0.441299,25,221526
17949,0.1455,8,221534
17950,0.223223,12,221546
17951,0.329784,18,221564
17952,0.304489,18,221582
17953,0.222796,13,221595
17954,0.338903,19,221614
17955,0.206847,13,221627
17956,0.326585,20,221647
17957,0.276174,15,221662
17958,0.307829,21,221683
17959,0.484727,31,221714
17960,0.375466,21,221735
17961,0.208612,12,221747
17962,0.338414,20,221767
17963,0.323902,21,221788
17964,0.276936,16,221804
17965,0.239968,16,221820
17966,0.222359,12,221832
17967,0.287802,16,221848
17968,0.31455,27,221875
17969,0.242223,16,221891
17970,0.31174,20,221911
17971,0.387347,28,221939
17972,0.01875,1,221940
17973,0.433578,24,221964
17974,0.288373,16,221980
17975,0.318688,21,222001
17976,0.259709,14,222015
17977,0.229955,13,222028
17978,0.287109,18,222046
17979,0.550693,39,222085
17980,0.361219,20,222105
17981,0.384996,21,222126
17982,0.509313,28,222154
17983,0.23721,13,222167
17984,0.386764,21,222188
17985,0.300925,17,222205
17986,0.303938,23,222228
17987,0.314237,17,222245
17988,0.386128,25,222270
17989,0.300394,18,222288
17990,0.332022,19,222307
17991,0.193417,11,222318
17992,0.302527,17,222335
17993,0.311651,19,222354
17994,0.262913,14,222368
17995,0.313349,19,222387
17996,0.27772,15,222402
17997,0.277401,16,222418
17998,0.403537,22,222440
17999,0.435988,25,222465
18000,0.381653,30,222495
18001,0.316023,18,222513
18002,0.148885,10,222523
18003,0.325916,19,222542
18004,0.419506,24,222566
18005,0.283487,22,222588
18006,0.242525,14,222602
18007,0.330247,27,222629
18008,0.298597,18,222647
18009,0.334345,19,222666
18010,0.35814,20,222686
18011,0.354037,20,222706
18012,0.260193,16,222722
18013,0.270041,19,222741
18014,0.015755,1,222742
18015,0.335205,19,222761
18016,0.346337,20,222781
18017,0.311249,26,222807
18018,0.314018,17,222824
18019,0.017411,1,222825
18020,0.311321,24,222849
18021,0.305156,17,222866
18022,0.223241,13,222879
18023,0.012094,1,222880
18024,0.260823,14,222894
18025,0.289469,17,222911
18026,0.318759,18,222929
18027,0.342293,19,222948
18028,0.698275,39,222987
18029,0.328164,19,223006
18030,0.265047,15,223021
18031,0.42454,23,223044
18032,0.373593,20,223064
18033,0.273725,16,223080
18034,0.273785,16,223096
18035,0.414469,27,223123
18036,0.261828,17,223140
18037,0.292306,17,223157
18038,0.277611,15,223172
18039,0.259714,15,223187
18040,0.131791,7,223194
18041,0.367011,20,223214
18042,0.671192,53,223267
18043,0.018705,1,223268
18044,0.238255,13,223281
18045,0.222492,12,223293
18046,0.375834,22,223315
18047,0.221359,13,223328
18048,0.262043,14,223342
18049,0.247402,16,223358
18050,0.228187,13,223371
18051,0.298977,16,223387
18052,0.333308,18,223405
18053,0.263418,22,223427
18054,0.301972,20,223447
18055,0.298492,16,223463
18056,0.355117,20,223483
18057,0.394208,24,223507
18058,0.327095,19,223526
18059,0.298763,16,223542
18060,0.317202,19,223561
18061,0.188735,10,223571
18062,0.285618,16,223587
18063,0.218339,13,223600
18064,0.189,12,223612
18065,0.337584,19,223631
18066,0.392041,26,223657
18067,0.019626,1,223658
18068,0.231101,14,223672
18069,0.251405,15,223687
18070,-0.453345,26,223713
18071,0.019233,1,223714
18072,0.310672,25,223739
18073,0.332343,31,223770
18074,0.266685,15,223785
18075,0.30741,18,223803
18076,0.351767,19,223822
18077,0.191254,11,223833
18078,0.315248,18,223851
18079,0.475861,31,223882
18080,0.211152,14,223896
18081,0.268165,16,223912
18082,0.016039,1,223913
18083,0.301464,17,223930
18084,0.217792,13,223943
18085,0.377995,25,223968
18086,0.395009,22,223990
18087,0.32573,21,224011
18088,0.300871,18,224029
18089,0.238242,14,224043
18090,0.346048,22,224065
18091,0.287308,16,224081
18092,0.242738,16,224097
18093,0.309436,17,224114
18094,0.237877,13,224127
18095,0.241037,13,224140
18096,0.24173,14,224154
18097,0.294701,16,224170
18098,0.328683,18,224188
18099,0.019745,1,224189
18100,0.281342,15,224204
18101,0.018772,1,224205
18102,0.290944,16,224221
18103,0.296581,16,224237
18104,0.393163,24,224261
18105,0.264289,15,224276
18106,0.550678,35,224311
18107,0.351017,19,224330
18108,0.281519,15,224345
18109,0.23976,15,224360
18110,0.498434,27,224387
18111,0.211992,14,224401
18112,0.295419,19,224420
18113,0.34036,22,224442
18114,0.018801,1,224443
18115,0.329045,18,224461
18116,0.536946,31,224492
18117,0.413134,23,224515
18118,0.246102,14,224529
18119,0.382089,22,224551
18120,0.307355,19,224570
18121,0.311223,19,224589
18122,0.228067,13,224602
18123,0.226511,13,224615
18124,0.242225,14,224629
18125,0.239607,14,224643
18126,0.500977,28,224671
18127,0.282902,16,224687
18128,0.237797,13,224700
18129,0.929014,51,224751
18130,0.219115,15,224766
18131,0.428671,29,224795
18132,0.335494,21,224816
18133,0.276992,17,224833
18134,0.389942,21,224854
18135,0.309231,18,224872
18136,0.29466,23,224895
18137,0.381482,23,224918
18138,0.259968,14,224932
18139,0.370841,20,224952
18140,0.230036,13,224965
18141,0.330001,18,224983
18142,0.24141,13,224996
18143,0.450144,27,225023
18144,0.278827,15,225038
18145,0.225122,12,225050
18146,0.490859,28,225078
18147,0.397293,23,225101
18148,0.245119,13,225114
18149,0.33026,18,225132
18150,0.419423,23,225155
18151,0.337269,19,225174
18152,0.425169,28,225202
18153,0.017343,1,225203
18154,0.264477,15,225218
18155,0.482337,28,225246
18156,0.253395,21,225267
18157,0.400677,30,225297
18158,0.270624,16,225313
18159,0.379363,22,225335
18160,0.265093,19,225354
18161,0.245785,14,225368
18162,0.256184,14,225382
18163,0.203481,11,225393
18164,0.402075,26,225419
18165,0.330734,19,225438
18166,0.019943,1,225439
18167,0.096363,5,225444
18168,0.391291,22,225466
18169,0.470168,26,225492
18170,0.27819,15,225507
18171,0.345907,23,225530
18172,0.284438,17,225547
18173,0.262657,16,225563
18174,0.116208,6,225569
18175,0.413896,26,225595
18176,0.367472,20,225615
18177,0.352614,22,225637
18178,0.36822,20,225657
18179,0.328192,19,225676
18180,0.34878,22,225698
18181,0.291648,16,225714
18182,0.269516,15,225729
18183,0.33387,18,225747
18184,0.307013,18,225765
18185,0.377831,21,225786
18186,0.207031,11,225797
18187,0.169383,9,225806
18188,0.293437,22,225828
18189,0.24318,13,225841
18190,0.364452,22,225863
18191,0.238473,14,225877
18192,0.328724,18,225895
18193,0.453712,26,225921
18194,0.377427,23,225944
18195,0.273532,17,225961
18196,0.362936,22,225983
18197,0.175774,10,225993
18198,0.324996,22,226015
18199,0.26289,15,226030
18200,0.356684,22,226052
18201,0.343929,23,226075
18202,0.522249,36,226111
18203,0.230706,13,226124
18204,0.297459,16,226140
18205,0.269914,16,226156
18206,0.373574,22,226178
18207,0.285989,16,226194
18208,0.280605,17,226211
18209,0.262414,16,226227
18210,0.411692,25,226252
18211,0.324754,26,226278
18212,0.20845,15,226293
18213,0.232701,13,226306
18214,0.288511,17,226323
18215,0.332779,18,226341
18216,0.296625,21,226362
18217,0.449274,25,226387
18218,0.473303,29,226416
18219,0.39738,22,226438
18220,0.401113,25,226463
18221,0.155287,9,226472
18222,0.216263,13,226485
18223,0.23742,13,226498
18224,0.331896,18,226516
18225,0.494053,27,226543
18226,0.310092,19,226562
18227,0.016663,1,226563
18228,0.305189,18,226581
18229,0.167186,9,226590
18230,0.170702,11,226601
18231,0.268752,18,226619
18232,0.345571,20,226639
18233,0.292423,16,226655
18234,0.279225,15,226670
18235,0.231161,13,226683
18236,0.280861,16,226699
18237,0.544495,34,226733
18238,0.300379,16,226749
18239,0.272929,17,226766
18240,0.198728,11,226777
18241,0.376445,21,226798
18242,0.264154,15,226813
18243,0.517666,29,226842
18244,0.303707,24,226866
18245,0.297675,20,226886
18246,0.346263,19,226905
18247,0.222226,13,226918
18248,0.240852,14,226932
18249,0.365003,21,226953
18250,0.184659,12,226965
18251,0.018221,1,226966
18252,0.511925,32,226998
18253,0.284376,17,227015
18254,0.396225,22,227037
18255,0.303168,17,227054
18256,0.253048,14,227068
18257,0.273733,22,227090
18258,0.398033,25,227115
18259,0.24165,17,227132
18260,0.313513,17,227149
18261,0.333517,20,227169
18262,0.264273,17,227186
18263,0.265411,17,227203
18264,0.207689,13,227216
18265,0.268876,15,227231
18266,0.388191,21,227252
18267,0.146271,10,227262
18268,0.232791,15,227277
18269,0.125632,7,227284
18270,0.299681,18,227302
18271,0.517308,30,227332
18272,0.293453,20,227352
18273,0.015801,1,227353
18274,0.151475,8,227361
18275,0.402406,22,227383
18276,0.316355,18,227401
18277,0.346454,19,227420
18278,0.231246,13,227433
18279,0.237348,13,227446
18280,0.334794,19,227465
18281,0.27418,15,227480
18282,0.016908,1,227481
18283,0.191501,11,227492
18284,0.284353,16,227508
18285,0.019376,1,227509
18286,0.341827,19,227528
18287,0.242969,13,227541
18288,0.489676,33,227574
18289,0.27685,15,227589
18290,0.518494,30,227619
18291,0.28486,17,227636
18292,0.489233,29,227665
18293,0.31166,18,227683
18294,0.258168,14,227697
18295,0.270334,16,227713
18296,0.277196,15,227728
18297,0.405407,23,227751
18298,0.368959,22,227773
18299,0.2838,16,227789
18300,0.352728,29,227818
18301,0.24977,14,227832
18302,0.178146,10,227842
18303,0.285468,16,227858
18304,0.26552,16,227874
18305,0.017974,1,227875
18306,0.054212,3,227878
18307,0.365268,23,227901
18308,0.534186,29,227930
18309,0.271624,15,227945
18310,0.368067,20,227965
18311,0.286904,16,227981
18312,0.342679,22,228003
18313,0.218605,13,228016
18314,0.164259,9,228025
18315,0.291738,19,228044
18316,0.305005,17,228061
18317,0.380747,22,228083
18318,0.227086,13,228096
18319,0.231033,13,228109
18320,0.375496,21,228130
18321,0.306443,17,228147
18322,0.287299,16,228163
18323,0.281656,16,228179
18324,0.291159,17,228196
18325,0.236708,14,228210
18326,0.296482,16,228226
18327,0.287922,16,228242
18328,0.114776,6,228248
18329,0.206644,11,228259
18330,0.266285,15,228274
18331,0.309097,19,228293
18332,0.259443,14,228307
18333,0.255458,21,228328
18334,0.244665,13,228341
18335,0.013409,1,228342
18336,0.232494,13,228355
18337,0.322736,18,228373
18338,0.378547,30,228403
18339,0.389635,21,228424
18340,0.29823,21,228445
18341,0.530689,30,228475
18342,0.596903,43,228518
18343,0.318135,19,228537
18344,0.346901,23,228560
18345,0.27602,16,228576
18346,0.382594,30,228606
18347,0.248924,16,228622
18348,0.249176,15,228637
18349,0.241448,13,228650
18350,0.396032,29,228679
18351,0.312359,18,228697
18352,0.085422,6,228703
18353,0.219283,12,228715
18354,0.347004,20,228735
18355,0.418587,23,228758
18356,0.250303,16,228774
18357,0.514825,33,228807
18358,0.339728,21,228828
18359,0.413293,25,228853
18360,0.408094,25,228878
18361,0.473758,26,228904
18362,0.313294,17,228921
18363,0.369282,31,228952
18364,0.296185,19,228971
18365,0.298713,18,228989
18366,0.35539,20,229009
18367,0.07629,4,229013
18368,0.311339,18,229031
18369,0.429299,32,229063
18370,0.219789,13,229076
18371,0.218435,13,229089
18372,0.317488,17,229106
18373,0.131389,7,229113
18374,0.400912,24,229137
18375,0.243806,14,229151
18376,0.133715,7,229158
18377,0.251335,16,229174
18378,0.338914,20,229194
18379,0.280097,15,229209
18380,0.017157,1,229210
18381,0.202459,11,229221
18382,0.253972,15,229236
18383,0.389303,32,229268
18384,0.238889,13,229281
18385,0.017929,1,229282
18386,0.252715,14,229296
18387,0.01952,1,229297
18388,0.242607,14,229311
18389,0.332494,19,229330
18390,0.402122,22,229352
18391,0.210621,12,229364
18392,0.017606,1,229365
18393,0.3044,17,229382
18394,0.405385,27,229409
18395,0.217213,12,229421
18396,0.314396,18,229439
18397,0.335131,30,229469
18398,0.018037,1,229470
18399,0.278677,19,229489
18400,0.269672,16,229505
18401,0.291099,17,229522
18402,0.242951,14,229536
18403,0.302136,18,229554
18404,0.379123,21,229575
18405,0.371757,20,229595
18406,0.350395,19,229614
18407,0.190497,11,229625
18408,0.269879,19,229644
18409,0.414079,24,229668
18410,0.204632,11,229679
18411,0.325702,20,229699
18412,0.231787,18,229717
18413,0.313817,18,229735
18414,0.330056,19,229754
18415,0.31054,18,229772
18416,0.414956,23,229795
18417,0.313905,20,229815
18418,0.315395,19,229834
18419,0.261435,15,229849
18420,0.361106,20,229869
18421,0.214749,12,229881
18422,0.41819,23,229904
18423,0.018319,1,229905
18424,0.373307,22,229927
18425,0.016247,1,229928
18426,0.29214,16,229944
18427,0.405137,24,229968
18428,0.32017,19,229987
18429,0.344769,19,230006
18430,0.281273,15,230021
18431,0.398382,23,230044
18432,0.368634,27,230071
18433,0.164116,9,230080
18434,0.269735,15,230095
18435,0.214216,12,230107
18436,0.421791,24,230131
18437,0.208191,11,230142
18438,0.018771,1,230143
18439,0.309961,23,230166
18440,0.245507,15,230181
18441,0.230687,15,230196
18442,0.638232,38,230234
18443,0.29484,16,230250
18444,0.33275,20,230270
18445,0.185315,11,230281
18446,0.341075,19,230300
18447,0.207645,11,230311
18448,0.282366,16,230327
18449,0.431821,24,230351
18450,0.019212,1,230352
18451,0.281978,19,230371
18452,0.057505,3,230374
18453,0.275711,15,230389
18454,0.365616,23,230412
18455,0.394119,23,230435
18456,0.349915,19,230454
18457,0.235464,13,230467
18458,0.316566,21,230488
18459,0.683247,40,230528
18460,0.019773,1,230529
18461,0.539452,30,230559
18462,0.396813,22,230581
18463,0.367566,21,230602
18464,0.34331,21,230623
18465,0.279323,20,230643
18466,0.36658,20,230663
18467,0.345294,19,230682
18468,0.114164,6,230688
18469,0.198691,11,230699
18470,0.017762,1,230700
18471,0.434049,24,230724
18472,0.278057,29,230753
18473,0.318093,18,230771
18474,0.329511,18,230789
18475,0.370227,21,230810
18476,0.264232,16,230826
18477,0.308523,17,230843
18478,0.306853,25,230868
18479,0.316414,20,230888
18480,0.461514,31,230919
18481,0.298037,16,230935
18482,0.25666,14,230949
18483,0.315494,25,230974
18484,0.374131,27,231001
18485,0.303303,17,231018
18486,0.050077,3,231021
18487,0.26914,17,231038
18488,0.313672,17,231055
18489,0.320627,18,231073
18490,0.355986,23,231096
18491,0.29448,21,231117
18492,0.386886,23,231140
18493,0.30049,17,231157
18494,0.260559,17,231174
18495,0.260297,16,231190
18496,0.314274,17,231207
18497,0.185259,10,231217
18498,0.324193,21,231238
18499,0.423132,25,231263
18500,0.21982,12,231275
18501,0.476845,29,231304
18502,0.243933,13,231317
18503,0.388371,21,231338
18504,0.344019,21,231359
18505,0.313593,18,231377
18506,0.294796,18,231395
18507,0.358563,22,231417
18508,0.300724,19,231436
18509,0.370823,23,231459
18510,0.274077,17,231476
18511,0.400727,22,231498
18512,0.362554,22,231520
18513,0.201095,16,231536
18514,0.327092,20,231556
18515,0.348423,20,231576
18516,0.279021,15,231591
18517,0.470517,26,231617
18518,0.128378,7,231624
18519,0.215315,13,231637
18520,0.245089,13,231650
18521,0.223389,19,231669
18522,0.375203,21,231690
18523,0.231243,14,231704
18524,0.275867,16,231720
18525,0.264963,16,231736
18526,0.017348,1,231737
18527,0.073875,4,231741
18528,0.404023,25,231766
18529,0.016318,1,231767
18530,0.261396,14,231781
18531,0.310409,29,231810
18532,0.202007,11,231821
18533,0.287929,17,231838
18534,0.21379,12,231850
18535,0.018739,1,231851
18536,0.335134,18,231869
18537,0.015107,1,231870
18538,0.361621,21,231891
18539,0.397866,26,231917
18540,0.220128,14,231931
18541,0.366783,26,231957
18542,0.293669,17,231974
18543,0.354472,25,231999
18544,0.583363,32,232031
18545,0.21161,13,232044
18546,0.26437,15,232059
18547,0.285227,17,232076
18548,0.321542,29,232105
18549,0.32754,18,232123
18550,0.360125,21,232144
18551,0.225656,17,232161
18552,0.333224,19,232180
18553,0.48798,27,232207
18554,0.251094,19,232226
18555,0.31564,17,232243
18556,0.254579,14,232257
18557,0.319301,18,232275
18558,0.284459,16,232291
18559,0.017367,1,232292
18560,0.280535,15,232307
18561,0.110995,6,232313
18562,0.019934,1,232314
18563,0.249884,15,232329
18564,0.321663,19,232348
18565,0.365959,20,232368
18566,0.194637,13,232381
18567,0.313889,18,232399
18568,0.371063,20,232419
18569,0.240344,13,232432
18570,0.276504,17,232449
18571,0.361838,20,232469
18572,0.397838,27,232496
18573,0.340548,26,232522
18574,0.393121,22,232544
18575,0.019457,1,232545
18576,0.254381,18,232563
18577,0.648108,37,232600
18578,0.230352,13,232613
18579,0.447507,25,232638
18580,0.197165,11,232649
18581,0.365163,20,232669
18582,0.360029,25,232694
18583,0.319081,24,232718
18584,0.268761,17,232735
18585,0.27481,16,232751
18586,0.12215,10,232761
18587,0.476189,26,232787
18588,0.396192,27,232814
18589,0.018803,1,232815
18590,0.263289,15,232830
18591,0.229517,13,232843
18592,0.272123,16,232859
18593,0.279015,18,232877
18594,0.338774,20,232897
18595,0.290271,16,232913
18596,0.299784,16,232929
18597,0.335904,19,232948
18598,0.205785,11,232959
18599,0.363743,20,232979
18600,0.018199,1,232980
18601,0.016602,1,232981
18602,0.466465,26,233007
18603,0.31254,18,233025
18604,0.247012,14,233039
18605,0.453965,26,233065
18606,0.346305,19,233084
18607,0.222313,13,233097
18608,0.240596,13,233110
18609,0.21162,16,233126
18610,0.309763,19,233145
18611,0.188268,10,233155
18612,0.310871,19,233174
18613,0.015948,1,233175
18614,0.369534,23,233198
18615,0.397757,29,233227
18616,0.289631,16,233243
18617,0.275369,17,233260
18618,0.296319,19,233279
18619,0.233136,14,233293
18620,0.332344,18,233311
18621,0.370765,27,233338
18622,0.298166,21,233359
18623,0.39965,22,233381
18624,0.25899,20,233401
18625,0.255197,14,233415
18626,0.260767,19,233434
18627,0.439778,26,233460
18628,0.353547,22,233482
18629,0.090529,6,233488
18630,0.542444,30,233518
18631,0.261536,14,233532
18632,0.299518,16,233548
18633,0.397048,28,233576
18634,0.283234,19,233595
18635,0.30618,36,233631
18636,0.225912,12,233643
18637,0.247346,14,233657
18638,0.30341,18,233675
18639,0.315656,17,233692
18640,0.245824,14,233706
18641,0.286375,18,233724
18642,0.243814,13,233737
18643,0.381862,21,233758
18644,0.597151,33,233791
18645,-0.080599,18,233809
18646,0.24019,13,233822
18647,0.33503,29,233851
18648,0.236312,13,233864
18649,0.27617,16,233880
18650,0.212824,15,233895
18651,0.334244,19,233914
18652,0.40911,33,233947
18653,0.345951,19,233966
18654,0.457121,38,234004
18655,0.185021,13,234017
18656,0.2289,13,234030
18657,0.348311,19,234049
18658,0.350768,20,234069
18659,0.507968,28,234097
18660,0.293678,17,234114
18661,0.511761,28,234142
18662,0.365877,20,234162
18663,0.217229,12,234174
18664,0.20735,11,234185
18665,0.307442,19,234204
18666,0.717139,41,234245
18667,0.220462,12,234257
18668,0.209851,12,234269
18669,0.016563,1,234270
18670,0.378743,23,234293
18671,0.244821,14,234307
18672,0.275,17,234324
18673,0.294353,18,234342
18674,0.293419,16,234358
18675,0.410042,23,234381
18676,0.293984,20,234401
18677,0.228628,13,234414
18678,0.233004,14,234428
18679,0.017943,1,234429
18680,0.257365,15,234444
18681,0.369744,22,234466
18682,0.352745,21,234487
18683,0.465553,26,234513
18684,0.309945,17,234530
18685,0.361384,20,234550
18686,0.271166,15,234565
18687,0.265029,19,234584
18688,0.3337,19,234603
18689,0.021038,1,234604
18690,0.324164,18,234622
18691,0.337354,29,234651
18692,0.019346,1,234652
18693,0.017387,1,234653
18694,0.266747,15,234668
18695,0.257287,14,234682
18696,0.290684,17,234699
18697,0.311731,17,234716
18698,0.273142,15,234731
18699,0.213775,14,234745
18700,0.384891,27,234772
18701,0.452575,28,234800
18702,0.099792,6,234806
18703,0.593209,33,234839
18704,0.500411,34,234873
18705,0.359292,22,234895
18706,0.295794,17,234912
18707,0.387203,21,234933
18708,0.349469,19,234952
18709,0.261956,16,234968
18710,0.418356,29,234997
18711,0.323802,21,235018
18712,0.297244,19,235037
18713,0.244132,15,235052
18714,0.405046,22,235074
18715,0.371672,20,235094
18716,0.290519,20,235114
18717,0.075746,4,235118
18718,0.287933,16,235134
18719,0.132017,7,235141
18720,0.428935,33,235174
18721,0.283846,16,235190
18722,0.278961,17,235207
18723,0.291617,23,235230
18724,0.277548,15,235245
18725,0.188184,10,235255
18726,0.257127,16,235271
18727,0.442243,28,235299
18728,0.279156,15,235314
18729,0.270867,16,235330
18730,0.317042,17,235347
18731,0.403015,23,235370
18732,0.581711,32,235402
18733,0.565566,35,235437
18734,0.177341,10,235447
18735,0.312141,25,235472
18736,0.304949,18,235490
18737,0.489462,27,235517
18738,0.166012,11,235528
18739,0.303886,18,235546
18740,0.36571,21,235567
18741,0.295428,17,235584
18742,0.244009,14,235598
18743,0.229789,14,235612
18744,0.350792,20,235632
18745,0.226327,14,235646
18746,0.237998,16,235662
18747,0.285464,16,235678
18748,0.445817,27,235705
18749,0.376868,24,235729
18750,0.459381,32,235761
18751,0.176116,10,235771
18752,0.293545,16,235787
18753,0.497999,31,235818
18754,0.29021,17,235835
18755,0.294265,16,235851
18756,0.361165,21,235872
18757,0.318681,20,235892
18758,0.380316,21,235913
18759,0.216038,12,235925
18760,0.311238,17,235942
18761,0.238715,14,235956
18762,0.476681,29,235985
18763,0.265212,26,236011
18764,0.457609,26,236037
18765,0.270627,15,236052
18766,0.379597,21,236073
18767,0.280286,15,236088
18768,0.32018,23,236111
18769,0.373879,20,236131
18770,0.393245,25,236156
18771,0.386317,27,236183
18772,0.344457,24,236207
18773,0.312584,17,236224
18774,0.367727,20,236244
18775,0.016137,1,236245
18776,0.28867,17,236262
18777,0.246029,18,236280
18778,0.382805,24,236304
18779,0.364635,20,236324
18780,0.249647,15,236339
18781,0.296673,16,236355
18782,0.290271,16,236371
18783,0.207352,11,236382
18784,0.197759,12,236394
18785,0.242635,13,236407
18786,0.334459,18,236425
18787,0.328631,20,236445
18788,0.474515,29,236474
18789,0.354219,20,236494
18790,0.464825,29,236523
18791,0.380041,21,236544
18792,0.245738,18,236562
18793,0.439309,27,236589
18794,0.479868,27,236616
18795,0.446235,28,236644
18796,0.496403,30,236674
18797,0.344964,21,236695
18798,0.278426,16,236711
18799,0.329735,19,236730
18800,0.386356,23,236753
18801,0.258411,14,236767
18802,0.381205,22,236789
18803,0.304602,17,236806
18804,0.297803,16,236822
18805,0.276084,16,236838
18806,0.26239,18,236856
18807,0.36422,21,236877
18808,0.261144,14,236891
18809,0.444574,26,236917
18810,0.230692,16,236933
18811,0.253025,16,236949
18812,0.295613,17,236966
18813,0.01756,1,236967
18814,0.297026,17,236984
18815,0.431358,24,237008
18816,0.462233,31,237039
18817,0.396741,25,237064
18818,0.018194,1,237065
18819,0.274135,15,237080
18820,0.017526,1,237081
18821,0.196824,11,237092
18822,0.206874,11,237103
18823,0.461071,35,237138
18824,0.26026,14,237152
18825,0.291596,17,237169
18826,0.253216,14,237183
18827,0.300359,17,237200
18828,0.424475,30,237230
18829,0.309222,21,237251
18830,0.426516,25,237276
18831,0.284608,16,237292
18832,0.296241,18,237310
18833,0.292082,18,237328
18834,0.436806,24,237352
18835,0.351117,20,237372
18836,0.30929,18,237390
18837,0.17026,10,237400
18838,0.152636,8,237408
18839,0.240617,14,237422
18840,0.352992,20,237442
18841,0.380439,22,237464
18842,0.309593,18,237482
18843,0.295443,18,237500
18844,0.328152,20,237520
18845,0.28125,24,237544
18846,0.285356,17,237561
18847,0.301893,17,237578
18848,0.336329,20,237598
18849,0.323598,18,237616
18850,0.375001,31,237647
18851,0.331405,20,237667
18852,0.303347,18,237685
18853,0.389514,22,237707
18854,0.450283,25,237732
18855,0.180727,10,237742
18856,0.193382,13,237755
18857,0.294167,16,237771
18858,0.439247,26,237797
18859,0.433634,28,237825
18860,0.443903,24,237849
18861,0.31281,18,237867
18862,0.250278,15,237882
18863,0.234961,14,237896
18864,0.123392,7,237903
18865,0.264186,17,237920
18866,0.307561,20,237940
18867,0.405667,25,237965
18868,0.130295,7,237972
18869,0.426195,25,237997
18870,0.512588,32,238029
18871,0.420816,24,238053
18872,0.4403,28,238081
18873,0.396432,22,238103
18874,0.243457,25,238128
18875,0.287531,16,238144
18876,0.221694,13,238157
18877,0.35961,25,238182
18878,0.318235,17,238199
18879,0.228106,16,238215
18880,0.454676,25,238240
18881,0.268623,16,238256
18882,0.214189,12,238268
18883,0.219519,12,238280
18884,0.285063,26,238306
18885,0.355555,23,238329
18886,0.276535,21,238350
18887,0.256372,18,238368
18888,0.431252,24,238392
18889,0.263854,15,238407
18890,0.28888,17,238424
18891,0.310052,19,238443
18892,0.309132,17,238460
18893,0.238861,14,238474
18894,0.460922,32,238506
18895,0.382537,21,238527
18896,0.287818,16,238543
18897,0.301359,19,238562
18898,0.32927,20,238582
18899,0.296644,16,238598
18900,0.274678,16,238614
18901,0.452615,27,238641
18902,0.37747,21,238662
18903,0.132333,7,238669
18904,0.292727,16,238685
18905,0.277068,18,238703
18906,0.321509,21,238724
18907,0.368309,21,238745
18908,0.334172,23,238768
18909,0.232733,14,238782
18910,0.336873,20,238802
18911,0.333847,22,238824
18912,0.392252,29,238853
18913,0.393966,23,238876
18914,0.202691,11,238887
18915,0.320968,24,238911
18916,0.517475,30,238941
18917,0.220093,13,238954
18918,0.311368,17,238971
18919,0.216564,17,238988
18920,0.330274,18,239006
18921,0.214947,13,239019
18922,0.018007,1,239020
18923,0.276842,15,239035
18924,0.229859,16,239051
18925,0.153649,10,239061
18926,0.322383,19,239080
18927,0.34747,20,239100
18928,0.246817,14,239114
18929,0.236227,13,239127
18930,0.328678,18,239145
18931,0.234178,13,239158
18932,0.263767,15,239173
18933,0.277998,17,239190
18934,0.206711,11,239201
18935,0.250952,14,239215
18936,0.346484,20,239235
18937,0.241906,16,239251
18938,0.329326,21,239272
18939,0.383363,21,239293
18940,0.366826,21,239314
18941,0.209431,12,239326
18942,0.128015,7,239333
18943,0.353611,23,239356
18944,0.29867,17,239373
18945,0.321746,18,239391
18946,0.302238,22,239413
18947,0.350515,19,239432
18948,0.132277,7,239439
18949,0.255762,17,239456
18950,0.379511,21,239477
18951,0.229031,15,239492
18952,0.490898,30,239522
18953,0.37194,27,239549
18954,0.270751,16,239565
18955,0.379528,21,239586
18956,0.297238,17,239603
18957,0.458516,25,239628
18958,0.328483,25,239653
18959,0.393323,22,239675
18960,0.283654,16,239691
18961,0.285331,16,239707
18962,0.019159,1,239708
18963,0.259371,14,239722
18964,0.418871,23,239745
18965,0.183482,10,239755
18966,0.25123,14,239769
18967,0.219902,12,239781
18968,0.329901,21,239802
18969,0.303071,17,239819
18970,0.017983,1,239820
18971,0.294895,17,239837
18972,0.23189,13,239850
18973,0.019448,1,239851
18974,0.389553,21,239872
18975,0.634004,37,239909
18976,0.295579,18,239927
18977,0.38775,21,239948
18978,0.388934,21,239969
18979,0.224521,15,239984
18980,0.239749,13,239997
18981,0.269588,16,240013
18982,0.44833,28,240041
18983,0.258457,15,240056
18984,0.296222,20,240076
18985,0.204591,16,240092
18986,0.409063,23,240115
18987,0.319816,21,240136
18988,0.380765,21,240157
18989,0.37207,20,240177
18990,0.225776,14,240191
18991,0.395044,23,240214
18992,0.248955,14,240228
18993,0.327007,21,240249
18994,0.643934,37,240286
18995,0.225369,13,240299
18996,0.468686,26,240325
18997,0.41875,28,240353
18998,0.015057,1,240354
18999,0.293672,17,240371
19000,0.44296,30,240401
19001,0.267642,16,240417
19002,0.235465,13,240430
19003,0.245462,14,240444
19004,0.273737,17,240461
19005,0.343147,19,240480
19006,0.017284,1,240481
19007,0.591995,33,240514
19008,0.153364,9,240523
19009,0.274066,15,240538
19010,0.228668,15,240553
19011,0.180433,10,240563
19012,0.321751,18,240581
19013,0.331952,18,240599
19014,0.249831,14,240613
19015,0.346009,21,240634
19016,0.201293,12,240646
19017,0.275588,15,240661
19018,0.261143,16,240677
19019,0.305705,18,240695
19020,0.368666,20,240715
19021,0.273612,16,240731
19022,0.26061,14,240745
19023,0.343756,19,240764
19024,0.414403,25,240789
19025,0.224067,13,240802
19026,0.169467,9,240811
19027,0.201784,12,240823
19028,0.019093,1,240824
19029,0.215304,12,240836
19030,0.405896,24,240860
19031,0.475146,31,240891
19032,0.313713,17,240908
19033,0.361354,23,240931
19034,0.217896,17,240948
19035,0.251378,17,240965
19036,0.254388,17,240982
19037,0.238922,13,240995
19038,0.309752,18,241013
19039,0.297878,20,241033
19040,0.292306,16,241049
19041,0.273159,15,241064
19042,0.379312,22,241086
19043,0.307356,18,241104
19044,0.315778,20,241124
19045,0.507855,28,241152
19046,0.289833,16,241168
19047,0.280515,17,241185
19048,0.175013,14,241199
19049,0.332602,22,241221
19050,0.235481,13,241234
19051,0.177574,11,241245
19052,0.236373,14,241259
19053,0.018784,1,241260
19054,0.348481,19,241279
19055,0.254873,15,241294
19056,0.331835,18,241312
19057,0.427909,24,241336
19058,0.256222,23,241359
19059,0.14991,8,241367
19060,0.350048,19,241386
19061,0.27736,16,241402
19062,0.389586,25,241427
19063,0.375774,22,241449
19064,0.320978,18,241467
19065,0.361877,24,241491
19066,0.271844,17,241508
19067,0.333522,19,241527
19068,0.315005,17,241544
19069,0.187184,10,241554
19070,0.276826,18,241572
19071,0.51211,33,241605
19072,0.546468,30,241635
19073,0.326371,20,241655
19074,0.247255,15,241670
19075,0.261241,14,241684
19076,0.384829,22,241706
19077,0.339042,19,241725
19078,0.29886,16,241741
19079,0.344524,21,241762
19080,0.013735,1,241763
19081,0.423189,24,241787
19082,0.258622,15,241802
19083,0.264408,15,241817
19084,0.280587,15,241832
19085,0.424279,23,241855
19086,0.274965,17,241872
19087,0.188842,10,241882
19088,0.257284,14,241896
19089,0.246073,14,241910
19090,0.352214,20,241930
19091,0.298314,17,241947
19092,0.215791,12,241959
19093,0.387799,22,241981
19094,0.24746,14,241995
19095,0.329602,18,242013
19096,0.313744,17,242030
19097,0.016545,1,242031
19098,0.219449,17,242048
19099,0.222362,12,242060
19100,0.313009,17,242077
19101,0.327164,18,242095
19102,0.354059,21,242116
19103,0.443005,25,242141
19104,0.168001,9,242150
19105,0.267971,16,242166
19106,0.272481,17,242183
19107,0.303966,17,242200
19108,0.41194,23,242223
19109,0.400463,27,242250
19110,0.394644,23,242273
19111,0.372023,29,242302
19112,0.247523,16,242318
19113,0.297803,17,242335
19114,0.232455,13,242348
19115,0.488724,27,242375
19116,0.288571,18,242393
19117,0.402934,25,242418
19118,0.314545,17,242435
19119,0.387081,21,242456
19120,0.528013,31,242487
19121,0.265465,17,242504
19122,0.255609,21,242525
19123,0.353115,20,242545
19124,0.267908,15,242560
19125,0.339917,19,242579
19126,0.388767,22,242601
19127,0.304583,17,242618
19128,0.017959,1,242619
19129,0.330576,31,242650
19130,0.231622,13,242663
19131,0.299653,17,242680
19132,0.513891,28,242708
19133,0.205438,11,242719
19134,0.243982,14,242733
19135,0.311496,21,242754
19136,0.422386,27,242781
19137,0.338968,22,242803
19138,0.437702,26,242829
19139,0.328409,19,242848
19140,0.516879,34,242882
19141,0.315376,30,242912
19142,0.016625,1,242913
19143,0.31929,19,242932
19144,0.299399,24,242956
19145,0.236314,15,242971
19146,0.263474,15,242986
19147,0.170333,9,242995
19148,0.310263,17,243012
19149,0.355755,24,243036
19150,0.208099,13,243049
19151,0.019502,1,243050
19152,0.328268,18,243068
19153,0.295834,16,243084
19154,0.254095,14,243098
19155,0.277076,15,243113
19156,0.345108,19,243132
19157,0.338062,21,243153
19158,0.239789,13,243166
19159,0.262222,15,243181
19160,0.128316,7,243188
19161,0.336282,19,243207
19162,0.279093,16,243223
19163,0.221648,12,243235
19164,0.334074,18,243253
19165,0.300752,17,243270
19166,0.311306,17,243287
19167,0.271237,17,243304
19168,0.207126,11,243315
19169,0.019219,1,243316
19170,0.383338,22,243338
19171,0.287389,18,243356
19172,0.231822,15,243371
19173,0.138746,8,243379
19174,0.268878,15,243394
19175,0.054325,3,243397
19176,0.312591,18,243415
19177,0.211057,13,243428
19178,0.357194,21,243449
19179,0.206011,12,243461
19180,0.377158,21,243482
19181,0.436865,35,243517
19182,0.431307,24,243541
19183,0.268326,15,243556
19184,0.45935,27,243583
19185,0.336064,26,243609
19186,0.259275,18,243627
19187,0.267171,15,243642
19188,0.328081,19,243661
19189,0.282174,19,243680
19190,0.392515,22,243702
19191,0.337777,19,243721
19192,0.368847,22,243743
19193,0.358524,20,243763
19194,0.306268,17,243780
19195,0.237112,17,243797
19196,0.56543,31,243828
19197,0.419287,25,243853
19198,0.268116,21,243874
19199,0.048783,3,243877
19200,0.343728,23,243900
19201,0.226131,13,243913
19202,0.016103,1,243914
19203,0.283766,16,243930
19204,0.541722,32,243962
19205,0.345945,22,243984
19206,0.365927,20,244004
19207,0.297183,16,244020
19208,0.371671,24,244044
19209,0.353064,19,244063
19210,0.513212,30,244093
19211,0.455894,26,244119
19212,0.278831,16,244135
19213,0.461056,28,244163
19214,0.352853,19,244182
19215,0.451534,25,244207
19216,0.298632,20,244227
19217,0.326837,19,244246
19218,0.559476,32,244278
19219,0.018508,1,244279
19220,0.595103,39,244318
19221,0.278434,15,244333
19222,0.326739,19,244352
19223,0.491404,31,244383
19224,0.260915,17,244400
19225,0.01956,1,244401
19226,0.300221,17,244418
19227,0.248191,15,244433
19228,0.318379,17,244450
19229,0.15749,9,244459
19230,0.197524,11,244470
19231,0.020896,1,244471
19232,0.333113,21,244492
19233,0.239823,13,244505
19234,0.329363,19,244524
19235,0.56805,31,244555
19236,0.286345,16,244571
19237,0.57298,35,244606
19238,0.328627,18,244624
19239,0.402119,22,244646
19240,0.601016,35,244681
19241,0.229018,13,244694
19242,0.223554,12,244706
19243,0.325758,18,244724
19244,0.017689,1,244725
19245,0.234782,14,244739
19246,0.329598,19,244758
19247,0.255384,18,244776
19248,0.255991,15,244791
19249,0.343026,23,244814
19250,0.295847,16,244830
19251,0.391043,21,244851
19252,0.290693,18,244869
19253,0.23612,14,244883
19254,0.120225,7,244890
19255,0.256622,14,244904
19256,0.315947,20,244924
19257,0.350787,22,244946
19258,0.077563,4,244950
19259,0.35826,20,244970
19260,0.016679,1,244971
19261,0.318758,21,244992
19262,0.017201,1,244993
19263,0.353113,19,245012
19264,0.432583,30,245042
19265,0.28272,16,245058
19266,0.207303,20,245078
19267,0.207063,13,245091
19268,0.196761,12,245103
19269,0.333063,18,245121
19270,0.256134,15,245136
19271,0.292772,16,245152
19272,0.485139,31,245183
19273,0.377033,24,245207
19274,0.287924,19,245226
19275,0.208712,11,245237
19276,0.306771,19,245256
19277,0.261598,14,245270
19278,0.015803,1,245271
19279,0.22345,12,245283
19280,0.298334,19,245302
19281,0.293905,17,245319
19282,-0.110259,23,245342
19283,0.331226,18,245360
19284,0.30857,18,245378
19285,0.291818,17,245395
19286,0.530673,29,245424
19287,0.383961,23,245447
19288,0.302731,20,245467
19289,0.363878,21,245488
19290,0.22361,16,245504
19291,0.3313,25,245529
19292,0.417412,26,245555
19293,0.384961,21,245576
19294,0.301972,19,245595
19295,0.250616,18,245613
19296,0.336396,20,245633
19297,0.370922,20,245653
19298,0.32895,25,245678
19299,0.374071,27,245705
19300,0.26954,15,245720
19301,0.018318,1,245721
19302,0.313311,19,245740
19303,0.424018,23,245763
19304,0.318191,19,245782
19305,0.361062,29,245811
19306,0.132962,7,245818
19307,0.28494,17,245835
19308,0.344829,19,245854
19309,0.240308,13,245867
19310,0.420178,24,245891
19311,0.279172,16,245907
19312,0.34611,19,245926
19313,0.055927,3,245929
19314,0.452793,26,245955
19315,0.477894,26,245981
19316,0.592506,36,246017
19317,0.299339,17,246034
19318,0.248127,15,246049
19319,0.316575,26,246075
19320,0.432796,26,246101
19321,0.379164,23,246124
19322,0.282546,21,246145
19323,0.334998,21,246166
19324,0.269799,18,246184
19325,0.334585,27,246211
19326,0.314094,19,246230
19327,0.382078,22,246252
19328,0.419026,34,246286
19329,0.398045,28,246314
19330,0.449732,25,246339
19331,0.354895,23,246362
19332,0.306837,17,246379
19333,0.307204,18,246397
19334,0.340387,19,246416
19335,0.345101,21,246437
19336,0.336136,25,246462
19337,0.242931,13,246475
19338,0.224206,12,246487
19339,0.02079,1,246488
19340,0.612765,37,246525
19341,0.017882,1,246526
19342,0.326815,18,246544
19343,0.260908,14,246558
19344,0.269959,15,246573
19345,0.220776,13,246586
19346,0.394027,22,246608
19347,0.167172,9,246617
19348,0.299178,17,246634
19349,0.360619,29,246663
19350,0.755263,55,246718
19351,0.204123,11,246729
19352,0.36293,21,246750
19353,0.427761,24,246774
19354,0.291559,16,246790
19355,0.428857,28,246818
19356,0.314621,17,246835
19357,0.249763,14,246849
19358,0.46932,28,246877
19359,0.224706,15,246892
19360,0.199128,11,246903
19361,0.191983,14,246917
19362,0.350326,19,246936
19363,0.498673,31,246967
19364,0.017553,1,246968
19365,0.282523,18,246986
19366,0.325844,22,247008
19367,0.281168,16,247024
19368,0.304013,20,247044
19369,0.287852,20,247064
19370,0.300539,18,247082
19371,0.29122,22,247104
19372,0.587067,36,247140
19373,0.255567,15,247155
19374,0.390034,21,247176
19375,0.339723,27,247203
19376,0.495347,28,247231
19377,0.015651,1,247232
19378,0.288018,19,247251
19379,0.578628,36,247287
19380,0.216165,12,247299
19381,0.38398,21,247320
19382,0.389516,21,247341
19383,0.61916,34,247375
19384,0.327239,19,247394
19385,0.604816,33,247427
19386,0.421526,31,247458
19387,0.405694,33,247491
19388,0.219605,14,247505
19389,0.312402,18,247523
19390,0.293926,16,247539
19391,0.307196,18,247557
19392,0.2074,11,247568
19393,0.332649,19,247587
19394,0.017686,1,247588
19395,0.226237,12,247600
19396,0.309376,19,247619
19397,0.343029,20,247639
19398,0.394312,26,247665
19399,0.47567,27,247692
19400,0.018458,1,247693
19401,0.460028,28,247721
19402,0.353268,20,247741
19403,0.265089,19,247760
19404,0.28514,17,247777
19405,0.169699,9,247786
19406,0.306284,18,247804
19407,0.337298,21,247825
19408,0.258236,14,247839
19409,0.331511,20,247859
19410,0.235887,20,247879
19411,0.339648,19,247898
19412,0.253827,16,247914
19413,0.327082,19,247933
19414,0.484598,27,247960
19415,0.019405,1,247961
19416,0.335974,20,247981
19417,0.326278,18,247999
19418,0.352048,19,248018
19419,0.370469,21,248039
19420,0.299026,16,248055
19421,0.355435,20,248075
19422,0.448267,29,248104
19423,0.319953,19,248123
19424,0.258521,14,248137
19425,0.260926,15,248152
19426,0.308293,17,248169
19427,0.297004,16,248185
19428,0.336564,25,248210
19429,0.38833,23,248233
19430,0.293549,16,248249
19431,0.353351,19,248268
19432,0.310204,19,248287
19433,0.374628,23,248310
19434,0.352808,19,248329
19435,0.222465,16,248345
19436,0.245438,15,248360
19437,0.246779,14,248374
19438,0.373818,22,248396
19439,0.367494,21,248417
19440,0.292016,16,248433
19441,0.226219,17,248450
19442,0.432354,25,248475
19443,0.221679,13,248488
19444,0.169267,9,248497
19445,0.469063,26,248523
19446,0.349033,20,248543
19447,0.598116,44,248587
19448,0.017725,1,248588
19449,0.547533,43,248631
19450,0.316823,18,248649
19451,0.362379,24,248673
19452,0.46096,28,248701
19453,0.267259,16,248717
19454,0.268311,17,248734
19455,0.334494,19,248753
19456,0.359766,20,248773
19457,0.326173,18,248791
19458,0.264036,15,248806
19459,0.275605,16,248822
19460,0.276329,18,248840
19461,0.487506,31,248871
19462,0.558685,31,248902
19463,0.45874,25,248927
19464,0.30933,17,248944
19465,0.380219,22,248966
19466,0.274382,17,248983
19467,0.296349,16,248999
19468,0.221415,12,249011
19469,0.31671,18,249029
19470,0.27153,16,249045
19471,0.297444,16,249061
19472,0.516648,37,249098
19473,0.241334,13,249111
19474,0.349986,20,249131
19475,0.240177,13,249144
19476,0.24134,14,249158
19477,0.376039,23,249181
19478,0.289825,19,249200
19479,0.310297,17,249217
19480,0.258805,16,249233
19481,0.26727,17,249250
19482,0.258248,16,249266
19483,0.370623,20,249286
19484,0.287834,16,249302
19485,0.488986,31,249333
19486,0.342232,19,249352
19487,0.356204,20,249372
19488,0.412247,33,249405
19489,0.518035,30,249435
19490,0.459378,26,249461
19491,0.341385,19,249480
19492,0.311431,18,249498
19493,0.385118,34,249532
19494,0.330054,18,249550
19495,0.019381,1,249551
19496,0.224113,12,249563
19497,0.28313,17,249580
19498,0.123616,7,249587
19499,0.022203,1,249588
19500,0.400885,27,249615
19501,0.318737,19,249634
19502,0.204646,11,249645
19503,0.418174,25,249670
19504,0.297647,16,249686
19505,0.317698,22,249708
19506,0.601393,36,249744
19507,0.37483,22,249766
19508,0.273127,15,249781
19509,0.253891,15,249796
19510,0.351729,23,249819
19511,0.273215,15,249834
19512,0.418255,23,249857
19513,0.256288,14,249871
19514,0.226971,15,249886
19515,0.353478,19,249905
19516,0.545342,32,249937
19517,0.356623,21,249958
19518,0.34226,20,249978
19519,0.385767,24,250002
19520,0.334916,25,250027
19521,0.317159,23,250050
19522,0.313588,17,250067
19523,0.280036,15,250082
19524,0.244406,14,250096
19525,0.351154,22,250118
19526,0.386186,28,250146
19527,0.284756,16,250162
19528,0.290052,16,250178
19529,0.184512,10,250188
19530,0.222623,12,250200
19531,0.306779,17,250217
19532,0.284906,20,250237
19533,0.268653,18,250255
19534,0.276539,15,250270
19535,0.250594,14,250284
19536,0.019522,1,250285
19537,0.348492,22,250307
19538,0.431699,37,250344
19539,0.114197,6,250350
19540,0.277952,15,250365
19541,0.411869,25,250390
19542,0.369658,22,250412
19543,0.341985,22,250434
19544,0.288804,18,250452
19545,0.258105,14,250466
19546,0.241724,13,250479
19547,0.293673,18,250497
19548,0.358017,23,250520
19549,0.27749,15,250535
19550,0.350716,23,250558
19551,0.264858,15,250573
19552,0.329283,19,250592
19553,0.226085,12,250604
19554,0.29739,18,250622
19555,0.300274,18,250640
19556,0.310673,17,250657
19557,0.327256,21,250678
19558,0.372316,21,250699
19559,0.353149,20,250719
19560,0.396421,22,250741
19561,0.298263,16,250757
19562,0.432072,32,250789
19563,0.226316,13,250802
19564,0.151822,8,250810
19565,0.52578,30,250840
19566,0.370702,20,250860
19567,0.491419,27,250887
19568,0.281324,20,250907
19569,0.377848,23,250930
19570,0.35334,19,250949
19571,0.279738,16,250965
19572,0.252796,14,250979
19573,0.400846,26,251005
19574,0.379299,28,251033
19575,0.457686,25,251058
19576,0.277627,15,251073
19577,0.364424,30,251103
19578,0.306989,26,251129
19579,0.2304,13,251142
19580,0.54071,30,251172
19581,0.265564,16,251188
19582,0.32368,18,251206
19583,0.261169,14,251220
19584,0.278777,16,251236
19585,0.492074,27,251263
19586,0.199351,12,251275
19587,0.242122,14,251289
19588,0.391968,22,251311
19589,0.393479,29,251340
19590,0.234723,14,251354
19591,0.24837,17,251371
19592,0.37584,26,251397
19593,0.263949,18,251415
19594,0.329215,29,251444
19595,0.293899,22,251466
19596,0.260455,15,251481
19597,0.47943,26,251507
19598,0.463206,28,251535
19599,0.294491,22,251557
19600,0.400251,26,251583
19601,0.016502,1,251584
19602,0.281592,17,251601
19603,0.277921,16,251617
19604,0.328993,20,251637
19605,0.296187,18,251655
19606,0.277468,15,251670
19607,0.232365,13,251683
19608,0.270785,18,251701
19609,0.328783,19,251720
19610,0.316157,17,251737
19611,0.280264,17,251754
19612,0.214595,16,251770
19613,0.107865,6,251776
19614,0.320279,18,251794
19615,0.320958,20,251814
19616,0.267712,18,251832
19617,0.261183,15,251847
19618,0.40953,24,251871
19619,0.323994,18,251889
19620,0.328954,19,251908
19621,0.257321,14,251922
19622,0.251774,16,251938
19623,0.326066,19,251957
19624,0.22214,14,251971
19625,0.311691,17,251988
19626,0.212515,12,252000
19627,0.282629,19,252019
19628,0.354401,19,252038
19629,0.430501,28,252066
19630,0.264699,18,252084
19631,0.265809,18,252102
19632,0.262378,15,252117
19633,0.226648,12,252129
19634,0.346625,19,252148
19635,0.252827,14,252162
19636,0.375924,23,252185
19637,0.298818,24,252209
19638,-0.137753,26,252235
19639,0.290969,17,252252
19640,0.018264,1,252253
19641,0.262882,16,252269
19642,0.251822,16,252285
19643,0.295636,22,252307
19644,0.36837,21,252328
19645,0.427022,29,252357
19646,0.264873,19,252376
19647,0.35245,19,252395
19648,0.269663,15,252410
19649,0.368107,22,252432
19650,0.289437,19,252451
19651,0.392773,24,252475
19652,0.247255,14,252489
19653,0.334632,24,252513
19654,0.257453,16,252529
19655,0.278965,15,252544
19656,0.226665,12,252556
19657,0.013577,1,252557
19658,0.277516,15,252572
19659,0.293644,19,252591
19660,0.169803,9,252600
19661,0.253845,14,252614
19662,0.462143,27,252641
19663,0.242791,18,252659
19664,0.295331,16,252675
19665,0.396298,26,252701
19666,0.365973,28,252729
19667,0.286853,17,252746
19668,0.213223,16,252762
19669,0.281495,16,252778
19670,0.258807,16,252794
19671,0.400255,26,252820
19672,0.205628,11,252831
19673,0.329633,19,252850
19674,0.605569,35,252885
19675,0.017982,1,252886
19676,0.38152,25,252911
19677,0.312816,19,252930
19678,0.228148,13,252943
19679,0.297207,16,252959
19680,0.279077,15,252974
19681,0.281712,16,252990
19682,0.24167,14,253004
19683,0.236845,13,253017
19684,0.372102,22,253039
19685,0.270748,16,253055
19686,0.426877,24,253079
19687,0.357095,20,253099
19688,0.487798,32,253131
19689,0.273677,15,253146
19690,0.320625,18,253164
19691,0.201848,11,253175
19692,0.306414,18,253193
19693,0.327654,19,253212
19694,0.258314,18,253230
19695,0.398988,37,253267
19696,0.404371,22,253289
19697,0.282522,19,253308
19698,0.253956,14,253322
19699,0.271484,15,253337
19700,0.403438,22,253359
19701,0.361209,21,253380
19702,0.272985,17,253397
19703,0.350601,23,253420
19704,0.311328,20,253440
19705,0.395514,23,253463
19706,0.288999,18,253481
19707,0.214257,12,253493
19708,0.390551,23,253516
19709,0.259617,16,253532
19710,0.297475,17,253549
19711,0.274745,19,253568
19712,0.300958,22,253590
19713,0.345848,21,253611
19714,0.266707,15,253626
19715,0.300041,17,253643
19716,0.327126,18,253661
19717,0.017087,1,253662
19718,0.420506,24,253686
19719,0.23694,13,253699
19720,0.278916,22,253721
19721,0.306134,17,253738
19722,0.404198,24,253762
19723,0.36185,22,253784
19724,0.293275,16,253800
19725,0.561465,31,253831
19726,0.308871,22,253853
19727,0.332591,22,253875
19728,0.281951,17,253892
19729,0.095283,5,253897
19730,0.239427,13,253910
19731,0.440987,28,253938
19732,0.364897,20,253958
19733,0.348244,19,253977
19734,0.01872,1,253978
19735,0.250938,14,253992
19736,0.406011,29,254021
19737,0.262758,16,254037
19738,0.252073,15,254052
19739,0.237566,13,254065
19740,0.27703,18,254083
19741,0.340885,22,254105
19742,0.01839,1,254106
19743,0.327931,19,254125
19744,0.237773,14,254139
19745,0.312852,17,254156
19746,0.294925,16,254172
19747,0.310167,18,254190
19748,0.437184,28,254218
19749,0.225823,12,254230
19750,0.354414,23,254253
19751,0.365213,20,254273
19752,0.363098,21,254294
19753,0.299391,17,254311
19754,0.384641,21,254332
19755,0.29215,16,254348
19756,0.310692,17,254365
19757,0.256768,14,254379
19758,0.470405,26,254405
19759,0.275009,15,254420
19760,0.381599,21,254441
19761,0.3625,20,254461
19762,0.478637,29,254490
19763,0.372522,22,254512
19764,0.22451,13,254525
19765,0.2468,15,254540
19766,0.258302,17,254557
19767,0.016111,1,254558
19768,0.41617,23,254581
19769,0.226471,14,254595
19770,0.285334,16,254611
19771,0.239614,16,254627
19772,0.278611,20,254647
19773,0.548144,30,254677
19774,0.148905,8,254685
19775,0.313773,17,254702
19776,0.352545,21,254723
19777,0.214597,12,254735
19778,0.417724,25,254760
19779,0.213835,12,254772
19780,0.377842,23,254795
19781,0.360284,29,254824
19782,0.315206,18,254842
19783,0.015242,1,254843
19784,0.321062,21,254864
19785,0.328908,18,254882
19786,0.37191,21,254903
19787,0.263214,14,254917
19788,0.24993,17,254934
19789,0.42619,23,254957
19790,0.223936,12,254969
19791,0.326322,21,254990
19792,0.275141,17,255007
19793,0.309893,17,255024
19794,0.014462,1,255025
19795,0.311008,17,255042
19796,0.352709,27,255069
19797,0.342511,20,255089
19798,0.296847,17,255106
19799,0.485149,27,255133
19800,0.240026,14,255147
19801,0.337839,19,255166
19802,0.278609,15,255181
19803,0.290395,17,255198
19804,0.318737,19,255217
19805,0.30906,17,255234
19806,0.482098,31,255265
19807,0.5682,31,255296
19808,0.359118,20,255316
19809,0.326511,22,255338
19810,0.308818,17,255355
19811,0.236924,13,255368
19812,0.348152,20,255388
19813,0.299608,19,255407
19814,0.416885,24,255431
19815,0.018761,1,255432
19816,0.226595,13,255445
19817,0.271321,15,255460
19818,0.382014,23,255483
19819,0.225962,21,255504
19820,0.348248,19,255523
19821,0.390704,27,255550
19822,0.330884,19,255569
19823,0.018555,1,255570
19824,0.310638,17,255587
19825,0.281415,16,255603
19826,0.237526,15,255618
19827,0.292885,18,255636
19828,0.257193,16,255652
19829,0.237142,16,255668
19830,0.498247,28,255696
19831,0.319032,18,255714
19832,0.358205,21,255735
19833,0.275304,16,255751
19834,0.358015,20,255771
19835,0.291286,16,255787
19836,0.422989,23,255810
19837,0.408119,30,255840
19838,0.239766,18,255858
19839,0.544158,30,255888
19840,0.272729,17,255905
19841,0.363966,21,255926
19842,0.282057,17,255943
19843,0.324575,20,255963
19844,0.293647,16,255979
19845,0.436587,24,256003
19846,0.254256,16,256019
19847,0.494803,29,256048
19848,0.269201,18,256066
19849,0.370552,20,256086
19850,0.262023,16,256102
19851,0.286677,18,256120
19852,0.328211,22,256142
19853,0.237578,15,256157
19854,0.019904,1,256158
19855,0.265639,17,256175
19856,0.257742,17,256192
19857,0.291015,16,256208
19858,0.261977,16,256224
19859,0.307301,17,256241
19860,0.294172,16,256257
19861,0.316949,19,256276
19862,0.41234,28,256304
19863,0.314761,19,256323
19864,0.660292,36,256359
19865,0.33149,19,256378
19866,0.245092,17,256395
19867,0.320269,20,256415
19868,0.328003,18,256433
19869,0.371946,22,256455
19870,0.268659,15,256470
19871,0.263315,15,256485
19872,0.224758,17,256502
19873,0.322669,18,256520
19874,0.397454,22,256542
19875,0.317481,29,256571
19876,0.259521,15,256586
19877,0.268229,15,256601
19878,0.453399,25,256626
19879,0.351043,22,256648
19880,-0.162442,24,256672
19881,0.240116,14,256686
19882,-0.048043,22,256708
19883,0.425311,26,256734
19884,0.205039,12,256746
19885,0.278512,21,256767
19886,0.029937,2,256769
19887,0.351132,19,256788
19888,0.353922,28,256816
19889,0.441233,25,256841
19890,0.356059,21,256862
19891,0.283324,18,256880
19892,0.250389,16,256896
19893,0.256646,20,256916
19894,0.306031,18,256934
19895,0.285822,16,256950
19896,0.271936,15,256965
19897,0.325824,19,256984
19898,0.480756,26,257010
19899,0.299592,17,257027
19900,0.315706,20,257047
19901,0.185577,10,257057
19902,0.416332,23,257080
19903,0.302355,20,257100
19904,0.356272,29,257129
19905,0.287339,19,257148
19906,0.294663,20,257168
19907,0.406705,22,257190
19908,0.327488,19,257209
19909,0.633881,41,257250
19910,0.275371,20,257270
19911,0.389316,22,257292
19912,0.287461,18,257310
19913,0.294414,22,257332
19914,0.319256,20,257352
19915,0.339647,23,257375
19916,0.017331,1,257376
19917,0.316891,17,257393
19918,0.426312,33,257426
19919,0.35115,19,257445
19920,0.373002,29,257474
19921,0.364514,27,257501
19922,0.169648,9,257510
19923,0.332479,18,257528
19924,0.284029,18,257546
19925,0.256025,14,257560
19926,0.290285,17,257577
19927,0.414926,24,257601
19928,0.2804,16,257617
19929,0.510053,32,257649
19930,0.402449,23,257672
19931,0.362032,22,257694
19932,0.494006,31,257725
19933,0.283674,18,257743
19934,0.018854,1,257744
19935,0.284125,16,257760
19936,0.312612,19,257779
19937,0.33364,21,257800
19938,0.220851,12,257812
19939,0.21677,12,257824
19940,0.375405,23,257847
19941,0.322168,19,257866
19942,0.315883,18,257884
19943,0.276066,17,257901
19944,0.612904,34,257935
19945,0.589005,35,257970
19946,0.318641,19,257989
19947,0.326857,19,258008
19948,0.343139,21,258029
19949,0.324447,18,258047
19950,0.496704,34,258081
19951,0.234222,20,258101
19952,0.570587,35,258136
19953,0.261841,16,258152
19954,0.312126,17,258169
19955,0.228775,17,258186
19956,0.308843,17,258203
19957,0.319158,18,258221
19958,0.284891,18,258239
19959,0.198139,12,258251
19960,0.251546,14,258265
19961,0.455725,28,258293
19962,0.618051,34,258327
19963,0.245699,15,258342
19964,0.21723,12,258354
19965,0.298726,16,258370
19966,0.273308,16,258386
19967,0.316243,18,258404
19968,0.195821,18,258422
19969,0.344618,20,258442
19970,0.32523,20,258462
19971,0.35095,23,258485
19972,0.514542,30,258515
19973,0.423725,24,258539
19974,0.339586,22,258561
19975,0.26211,16,258577
19976,0.311499,17,258594
19977,0.356103,21,258615
19978,0.216436,15,258630
19979,0.252281,14,258644
19980,0.29576,17,258661
19981,0.450295,26,258687
19982,0.319584,19,258706
19983,0.276917,16,258722
19984,0.640573,41,258763
19985,0.384825,22,258785
19986,0.017579,1,258786
19987,0.339997,20,258806
19988,0.405514,30,258836
19989,0.278875,15,258851
19990,0.309633,21,258872
19991,0.295487,17,258889
19992,0.355739,21,258910
19993,0.356485,21,258931
19994,0.304562,18,258949
19995,0.315668,17,258966
19996,0.290547,18,258984
19997,0.285594,16,259000
19998,0.534677,43,259043
19999,0.142623,8,259051
20000,0.341546,19,259070
20001,0.190947,11,259081
20002,0.330304,20,259101
20003,0.320046,20,259121
20004,0.281225,15,259136
20005,0.21852,12,259148
20006,0.240584,14,259162
20007,0.475954,30,259192
20008,0.346808,20,259212
20009,0.462142,27,259239
20010,0.452123,25,259264
20011,0.438676,30,259294
20012,0.560963,33,259327
20013,0.414749,24,259351
20014,0.367024,20,259371
20015,0.018423,1,259372
20016,0.345527,19,259391
20017,0.332558,20,259411
20018,0.334467,19,259430
20019,0.380473,23,259453
20020,0.24745,15,259468
20021,0.417444,33,259501
20022,0.273728,16,259517
20023,0.268719,15,259532
20024,0.29503,17,259549
20025,0.132947,7,259556
20026,0.382259,23,259579
20027,0.69161,38,259617
20028,0.241824,13,259630
20029,0.26322,15,259645
20030,0.018115,1,259646
20031,0.244816,14,259660
20032,0.385542,21,259681
20033,0.213349,14,259695
20034,0.295363,16,259711
20035,0.038452,2,259713
20036,0.255735,14,259727
20037,0.268306,15,259742
20038,0.274522,15,259757
20039,0.407995,26,259783
20040,0.018624,1,259784
20041,0.413856,25,259809
20042,0.323686,18,259827
20043,0.460267,25,259852
20044,0.384497,22,259874
20045,0.260694,14,259888
20046,0.323877,25,259913
20047,0.333505,18,259931
20048,0.391896,21,259952
20049,0.276251,16,259968
20050,0.413617,23,259991
20051,0.24762,15,260006
20052,0.280329,17,260023
20053,0.250051,14,260037
20054,0.223376,12,260049
20055,0.291089,16,260065
20056,0.237868,13,260078
20057,0.260582,17,260095
20058,0.415731,26,260121
20059,0.250547,22,260143
20060,0.289618,17,260160
20061,0.324025,22,260182
20062,0.345694,20,260202
20063,0.335414,21,260223
20064,0.344186,19,260242
20065,0.267319,16,260258
20066,0.421425,24,260282
20067,0.38293,22,260304
20068,0.259898,15,260319
20069,0.29044,16,260335
20070,0.390479,22,260357
20071,0.01224,1,260358
20072,0.280152,15,260373
20073,0.46988,26,260399
20074,0.134252,7,260406
20075,0.362925,20,260426
20076,0.261302,14,260440
20077,0.375105,22,260462
20078,0.28998,16,260478
20079,0.273373,16,260494
20080,0.017586,1,260495
20081,0.299575,20,260515
20082,0.624358,37,260552
20083,0.258617,14,260566
20084,0.304541,19,260585
20085,0.251879,15,260600
20086,0.356733,29,260629
20087,0.37172,21,260650
20088,0.452745,38,260688
20089,0.480694,27,260715
20090,0.158571,9,260724
20091,0.262235,18,260742
20092,0.39983,22,260764
20093,0.310186,18,260782
20094,0.233958,14,260796
20095,0.342344,23,260819
20096,0.355439,20,260839
20097,0.294029,17,260856
20098,0.348548,20,260876
20099,0.297126,18,260894
20100,0.259794,20,260914
20101,0.258015,15,260929
20102,0.226975,14,260943
20103,0.012402,1,260944
20104,0.275166,21,260965
20105,0.293013,20,260985
20106,0.252812,14,260999
20107,0.355874,23,261022
20108,0.771844,45,261067
20109,0.277517,16,261083
20110,0.236436,17,261100
20111,0.547196,43,261143
20112,0.32273,18,261161
20113,0.387348,21,261182
20114,0.335767,19,261201
20115,0.267429,18,261219
20116,0.130698,7,261226
20117,0.324091,20,261246
20118,0.245024,14,261260
20119,0.298365,16,261276
20120,0.256164,15,261291
20121,0.261185,14,261305
20122,0.367626,29,261334
20123,0.397309,22,261356
20124,0.289707,20,261376
20125,0.28611,21,261397
20126,0.383073,23,261420
20127,0.602244,34,261454
20128,0.280188,23,261477
20129,0.402686,22,261499
20130,0.348053,20,261519
20131,0.345873,29,261548
20132,0.255648,14,261562
20133,0.329601,21,261583
20134,0.252468,14,261597
20135,0.535302,31,261628
20136,0.37738,22,261650
20137,0.328351,18,261668
20138,0.337708,21,261689
20139,0.350652,21,261710
20140,0.234978,15,261725
20141,0.317597,21,261746
20142,0.277031,15,261761
20143,0.255691,14,261775
20144,0.309221,20,261795
20145,0.267784,15,261810
20146,0.294335,16,261826
20147,0.266741,20,261846
20148,0.295414,17,261863
20149,0.265746,17,261880
20150,0.581489,32,261912
20151,0.295793,17,261929
20152,0.424476,26,261955
20153,0.30848,22,261977
20154,0.361667,33,262010
20155,0.421948,25,262035
20156,0.298865,17,262052
20157,0.298599,16,262068
20158,0.354007,19,262087
20159,0.246586,14,262101
20160,0.017853,1,262102
20161,0.365036,20,262122
20162,0.392987,22,262144
20163,0.347821,21,262165
20164,0.141768,8,262173
20165,0.316123,23,262196
20166,0.369354,21,262217
20167,0.578392,45,262262
20168,0.390063,22,262284
20169,0.313174,17,262301
20170,0.258499,14,262315
20171,0.274682,18,262333
20172,0.506673,39,262372
20173,0.206817,11,262383
20174,0.27565,16,262399
20175,0.256355,14,262413
20176,0.271835,17,262430
20177,0.327328,19,262449
20178,0.151655,8,262457
20179,0.256484,14,262471
20180,0.319073,18,262489
20181,0.281513,15,262504
20182,0.340855,21,262525
20183,0.281521,16,262541
20184,0.230549,13,262554
20185,0.268878,17,262571
20186,0.272402,15,262586
20187,0.259373,16,262602
20188,0.349252,19,262621
20189,0.128321,8,262629
20190,0.217521,12,262641
20191,0.281612,15,262656
20192,0.019488,1,262657
20193,0.16772,9,262666
20194,0.21211,15,262681
20195,0.294452,21,262702
20196,0.520265,30,262732
20197,0.325793,18,262750
20198,0.267633,16,262766
20199,0.315803,21,262787
20200,0.242882,13,262800
20201,0.242734,14,262814
20202,0.36632,20,262834
20203,0.219591,13,262847
20204,0.344798,20,262867
20205,0.347703,19,262886
20206,0.339491,20,262906
20207,0.330952,18,262924
20208,0.366611,20,262944
20209,0.397101,27,262971
20210,0.166537,12,262983
20211,0.34323,24,263007
20212,0.352668,22,263029
20213,0.148856,8,263037
20214,0.317017,17,263054
20215,0.350686,24,263078
20216,0.703338,39,263117
20217,0.256569,14,263131
20218,0.238667,13,263144
20219,0.22202,16,263160
20220,0.228318,13,263173
20221,0.366536,20,263193
20222,0.42152,25,263218
20223,0.188594,10,263228
20224,0.264222,15,263243
20225,0.312075,17,263260
20226,0.381133,26,263286
20227,0.363179,23,263309
20228,0.347187,19,263328
20229,0.33193,20,263348
20230,0.19478,12,263360
20231,0.371042,20,263380
20232,0.261217,14,263394
20233,0.249466,15,263409
20234,0.363132,20,263429
20235,0.368621,22,263451
20236,0.403684,22,263473
20237,0.417642,23,263496
20238,0.259607,14,263510
20239,0.347648,22,263532
20240,0.15203,8,263540
20241,0.316977,17,263557
20242,0.200648,13,263570
20243,0.34964,23,263593
20244,0.261323,16,263609
20245,0.365959,21,263630
20246,0.251385,14,263644
20247,0.273891,15,263659
20248,0.193875,11,263670
20249,0.226805,14,263684
20250,0.328203,19,263703
20251,0.285621,17,263720
20252,0.316774,17,263737
20253,0.21643,12,263749
20254,0.509892,33,263782
20255,0.332246,19,263801
20256,0.40472,22,263823
20257,0.348515,19,263842
20258,0.30763,19,263861
20259,0.383956,21,263882
20260,0.328357,18,263900
20261,0.261488,15,263915
20262,0.274413,15,263930
20263,0.461837,28,263958
20264,0.286956,26,263984
20265,0.268792,17,264001
20266,0.321029,21,264022
20267,0.557521,34,264056
20268,0.218976,12,264068
20269,0.482127,33,264101
20270,0.298881,26,264127
20271,0.385592,28,264155
20272,0.423614,23,264178
20273,0.3176,18,264196
20274,0.019056,1,264197
20275,0.469014,26,264223
20276,0.296964,17,264240
20277,0.393449,22,264262
20278,0.213949,12,264274
20279,0.405686,23,264297
20280,0.329674,18,264315
20281,0.409293,23,264338
20282,0.316769,18,264356
20283,0.24957,16,264372
20284,0.289744,19,264391
20285,0.342096,19,264410
20286,0.325145,18,264428
20287,0.324021,19,264447
20288,0.290393,17,264464
20289,0.269034,21,264485
20290,0.316639,17,264502
20291,0.307011,25,264527
20292,0.344856,21,264548
20293,0.233804,18,264566
20294,0.018694,1,264567
20295,0.221283,15,264582
20296,0.418337,31,264613
20297,0.328556,19,264632
20298,0.251419,24,264656
20299,0.250674,14,264670
20300,0.22666,13,264683
20301,0.332281,18,264701
20302,0.306753,17,264718
20303,0.343183,20,264738
20304,0.345762,21,264759
20305,0.272724,15,264774
20306,0.405139,32,264806
20307,0.288795,17,264823
20308,0.222358,12,264835
20309,0.367414,20,264855
20310,0.324312,21,264876
20311,0.280738,15,264891
20312,0.40678,27,264918
20313,0.339392,21,264939
20314,0.339438,21,264960
20315,0.149349,8,264968
20316,0.344631,23,264991
20317,0.280382,18,265009
20318,0.334911,19,265028
20319,0.360761,24,265052
20320,0.371334,27,265079
20321,0.313303,22,265101
20322,0.456712,27,265128
20323,0.2985,20,265148
20324,0.546195,31,265179
20325,0.653692,36,265215
20326,0.180071,10,265225
20327,0.251422,17,265242
20328,0.287132,16,265258
20329,0.32611,18,265276
20330,0.366429,25,265301
20331,0.235582,13,265314
20332,0.262542,16,265330
20333,0.279104,16,265346
20334,0.267623,21,265367
20335,0.442154,24,265391
20336,0.342259,20,265411
20337,0.25418,17,265428
20338,0.275267,17,265445
20339,0.276872,20,265465
20340,0.259071,21,265486
20341,0.238542,15,265501
20342,0.402727,23,265524
20343,0.489793,28,265552
20344,0.363155,24,265576
20345,0.225009,12,265588
20346,0.306583,18,265606
20347,0.215739,12,265618
20348,0.245654,15,265633
20349,0.395909,22,265655
20350,0.284867,19,265674
20351,0.535749,31,265705
20352,0.25298,19,265724
20353,0.271871,15,265739
20354,0.497513,27,265766
20355,0.287674,17,265783
20356,0.291932,16,265799
20357,0.347109,21,265820
20358,0.272885,15,265835
20359,0.276851,15,265850
20360,0.315698,17,265867
20361,0.301586,18,265885
20362,0.014204,1,265886
20363,0.286588,17,265903
20364,0.277953,20,265923
20365,0.417338,29,265952
20366,0.230264,14,265966
20367,-0.040467,21,265987
20368,0.341405,19,266006
20369,0.347176,22,266028
20370,0.504025,28,266056
20371,0.170123,10,266066
20372,0.409481,24,266090
20373,0.281478,22,266112
20374,0.217067,14,266126
20375,0.276176,16,266142
20376,0.341516,19,266161
20377,0.509584,30,266191
20378,0.234637,13,266204
20379,0.270579,15,266219
20380,0.473224,28,266247
20381,0.23065,14,266261
20382,0.497429,28,266289
20383,0.312883,17,266306
20384,0.237326,15,266321
20385,0.310262,19,266340
20386,0.449845,25,266365
20387,0.347136,20,266385
20388,0.290329,16,266401
20389,0.532915,32,266433
20390,0.259409,18,266451
20391,0.241174,15,266466
20392,0.322676,19,266485
20393,0.38202,21,266506
20394,0.314637,19,266525
20395,0.018842,1,266526
20396,0.369337,20,266546
20397,0.210157,12,266558
20398,0.306378,17,266575
20399,0.323191,18,266593
20400,0.367776,21,266614
20401,0.01672,1,266615
20402,0.205674,11,266626
20403,0.278142,15,266641
20404,0.424873,24,266665
20405,0.23286,19,266684
20406,0.240398,20,266704
20407,0.31402,19,266723
20408,0.303663,18,266741
20409,0.273581,22,266763
20410,0.495567,27,266790
20411,0.247906,19,266809
20412,0.242794,15,266824
20413,0.47635,28,266852
20414,0.18064,10,266862
20415,0.39692,22,266884
20416,0.278631,16,266900
20417,0.310816,20,266920
20418,0.169089,9,266929
20419,0.296541,17,266946
20420,0.245456,13,266959
20421,0.242768,14,266973
20422,0.398282,22,266995
20423,0.305627,18,267013
20424,0.020469,1,267014
20425,0.454953,27,267041
20426,0.265038,16,267057
20427,0.266949,16,267073
20428,0.337291,20,267093
20429,0.276728,16,267109
20430,0.284428,17,267126
20431,0.478606,27,267153
20432,0.242112,13,267166
20433,0.309693,17,267183
20434,0.347987,19,267202
20435,0.266923,16,267218
20436,-0.071836,23,267241
20437,0.405771,35,267276
20438,0.350712,19,267295
20439,0.319814,19,267314
20440,0.554291,36,267350
20441,0.336449,22,267372
20442,0.239564,13,267385
20443,0.350206,19,267404
20444,0.253096,16,267420
20445,0.309892,21,267441
20446,0.303253,17,267458
20447,0.248387,14,267472
20448,0.294386,16,267488
20449,0.323365,25,267513
20450,0.290191,16,267529
20451,0.347238,28,267557
20452,0.35255,20,267577
20453,0.273778,15,267592
20454,0.276841,15,267607
20455,0.300049,19,267626
20456,0.017834,1,267627
20457,0.273269,15,267642
20458,0.250974,14,267656
20459,0.303629,21,267677
20460,0.256372,14,267691
20461,0.319935,19,267710
20462,0.290291,16,267726
20463,0.307719,17,267743
20464,0.302196,17,267760
20465,0.384461,27,267787
20466,0.472379,26,267813
20467,0.216765,12,267825
20468,0.533635,29,267854
20469,0.310702,18,267872
20470,0.227023,14,267886
20471,-0.035102,21,267907
20472,0.394785,22,267929
20473,0.265981,16,267945
20474,0.386052,26,267971
20475,0.296362,17,267988
20476,0.223609,12,268000
20477,0.185036,10,268010
20478,0.45357,25,268035
20479,0.29354,22,268057
20480,0.23796,15,268072
20481,0.316229,19,268091
20482,0.274035,16,268107
20483,0.018757,1,268108
20484,0.47744,26,268134
20485,0.459891,29,268163
20486,0.352303,19,268182
20487,0.324444,19,268201
20488,0.401629,32,268233
20489,0.439225,24,268257
20490,0.287598,16,268273
20491,0.508737,28,268301
20492,-0.048326,19,268320
20493,0.260848,21,268341
20494,0.449279,26,268367
20495,0.286047,16,268383
20496,0.306608,17,268400
20497,0.306705,18,268418
20498,0.303709,17,268435
20499,0.276433,23,268458
20500,0.28344,16,268474
20501,0.31554,18,268492
20502,0.35185,19,268511
20503,0.323566,19,268530
20504,0.241321,13,268543
20505,0.304188,20,268563
20506,0.414556,27,268590
20507,0.262786,15,268605
20508,0.576002,32,268637
20509,0.254176,15,268652
20510,0.308925,17,268669
20511,0.229683,17,268686
20512,0.338741,20,268706
20513,0.251912,16,268722
20514,0.224441,12,268734
20515,0.016198,1,268735
20516,0.400974,22,268757
20517,0.388733,22,268779
20518,0.262187,18,268797
20519,0.426791,25,268822
20520,0.29213,18,268840
20521,0.291895,17,268857
20522,0.286972,23,268880
20523,0.32316,18,268898
20524,0.241034,15,268913
20525,0.477497,26,268939
20526,0.406459,22,268961
20527,0.332145,18,268979
20528,0.316483,19,268998
20529,0.349604,20,269018
20530,0.270137,17,269035
20531,0.367082,28,269063
20532,0.325899,19,269082
20533,0.270978,15,269097
20534,0.546666,33,269130
20535,0.231719,13,269143
20536,0.252351,14,269157
20537,0.220463,12,269169
20538,0.534952,31,269200
20539,0.360958,21,269221
20540,0.267903,15,269236
20541,0.238647,14,269250
20542,0.443458,25,269275
20543,0.477067,27,269302
20544,0.29953,18,269320
20545,0.278259,17,269337
20546,0.312686,23,269360
20547,0.279563,16,269376
20548,0.229683,16,269392
20549,0.346184,26,269418
20550,0.673731,41,269459
20551,0.312548,17,269476
20552,0.330323,22,269498
20553,0.131591,7,269505
20554,0.74531,41,269546
20555,0.168998,10,269556
20556,0.391774,25,269581
20557,0.307144,23,269604
20558,0.474936,28,269632
20559,0.401096,22,269654
20560,0.280911,18,269672
20561,0.378378,21,269693
20562,0.477742,26,269719
20563,0.377626,29,269748
20564,0.367773,24,269772
20565,0.268204,16,269788
20566,0.373811,21,269809
20567,0.336422,19,269828
20568,0.290367,19,269847
20569,0.407264,31,269878
20570,0.269076,15,269893
20571,0.317608,17,269910
20572,0.330891,19,269929
20573,0.468165,26,269955
20574,0.492472,27,269982
20575,0.457238,25,270007
20576,0.25091,15,270022
20577,0.259977,14,270036
20578,0.350194,20,270056
20579,0.215908,14,270070
20580,0.369601,24,270094
20581,0.407262,22,270116
20582,0.384071,21,270137
20583,0.219518,12,270149
20584,0.271815,19,270168
20585,0.209599,12,270180
20586,0.245153,16,270196
20587,0.321227,21,270217
20588,0.313355,20,270237
20589,0.29606,17,270254
20590,0.425255,23,270277
20591,0.367656,25,270302
20592,0.26756,19,270321
20593,0.270846,17,270338
20594,0.23706,14,270352
20595,0.356725,21,270373
20596,0.367085,22,270395
20597,0.436764,34,270429
20598,0.276676,15,270444
20599,0.398904,22,270466
20600,0.365865,26,270492
20601,0.348955,22,270514
20602,0.223468,12,270526
20603,0.224844,12,270538
20604,0.238172,13,270551
20605,0.181917,11,270562
20606,0.286431,19,270581
20607,0.306673,21,270602
20608,0.32749,19,270621
20609,0.283715,16,270637
20610,0.327112,25,270662
20611,0.265612,17,270679
20612,0.357056,24,270703
20613,0.351695,20,270723
20614,0.019039,1,270724
20615,0.257206,14,270738
20616,0.304814,18,270756
20617,0.320837,18,270774
20618,0.194756,18,270792
20619,0.37999,21,270813
20620,0.017198,1,270814
20621,0.45056,25,270839
20622,0.42593,23,270862
20623,0.319424,18,270880
20624,0.315158,21,270901
20625,0.247247,14,270915
20626,0.340581,20,270935
20627,0.281957,17,270952
20628,0.29404,20,270972
20629,0.47663,26,270998
20630,0.406678,27,271025
20631,0.214948,12,271037
20632,0.283969,25,271062
20633,0.244652,15,271077
20634,0.303839,29,271106
20635,0.349713,22,271128
20636,0.352916,23,271151
20637,0.251701,16,271167
20638,0.318027,17,271184
20639,0.241822,14,271198
20640,0.151255,10,271208
20641,0.278947,18,271226
20642,0.318745,19,271245
20643,0.281249,16,271261
20644,0.311102,19,271280
20645,0.277804,15,271295
20646,0.50008,33,271328
20647,0.329996,18,271346
20648,0.016915,1,271347
20649,0.222947,12,271359
20650,0.288183,16,271375
20651,0.343457,21,271396
20652,0.358461,25,271421
20653,0.37067,20,271441
20654,0.31255,17,271458
20655,0.310407,19,271477
20656,0.223278,13,271490
20657,0.319805,19,271509
20658,0.368969,20,271529
20659,0.052301,27,271556
20660,0.344008,20,271576
20661,0.275883,18,271594
20662,0.282607,16,271610
20663,0.254755,14,271624
20664,0.25841,18,271642
20665,0.408035,22,271664
20666,0.357172,27,271691
20667,0.582543,33,271724
20668,0.249109,19,271743
20669,0.266019,15,271758
20670,0.379476,22,271780
20671,0.237351,18,271798
20672,0.335058,21,271819
20673,0.384344,32,271851
20674,0.244037,17,271868
20675,0.25887,15,271883
20676,0.312223,17,271900
20677,0.430867,27,271927
20678,0.25935,15,271942
20679,0.44319,27,271969
20680,0.428155,23,271992
20681,0.280505,19,272011
20682,0.36157,22,272033
20683,0.417677,24,272057
20684,0.018272,1,272058
20685,0.297924,16,272074
20686,0.331396,18,272092
20687,0.354123,25,272117
20688,0.431403,26,272143
20689,0.238358,14,272157
20690,0.296749,18,272175
20691,0.429627,24,272199
20692,0.270099,19,272218
20693,0.342003,19,272237
20694,0.310568,20,272257
20695,0.081172,5,272262
20696,0.291499,16,272278
20697,0.333975,18,272296
20698,0.233471,15,272311
20699,0.29127,18,272329
20700,0.323899,18,272347
20701,0.250475,14,272361
20702,0.427035,29,272390
20703,0.279835,15,272405
20704,0.018315,1,272406
20705,0.234883,13,272419
20706,0.298677,16,272435
20707,0.269839,16,272451
20708,0.344109,19,272470
20709,0.308406,23,272493
20710,0.325635,19,272512
20711,0.568545,32,272544
20712,0.419924,25,272569
20713,0.230647,25,272594
20714,0.343679,19,272613
20715,0.371538,20,272633
20716,0.536456,30,272663
20717,0.275315,17,272680
20718,0.01918,1,272681
20719,0.289827,19,272700
20720,0.288996,17,272717
20721,0.206848,11,272728
20722,0.423652,28,272756
20723,0.240837,14,272770
20724,0.019473,1,272771
20725,0.431931,24,272795
20726,0.334257,19,272814
20727,0.389223,25,272839
20728,0.072321,5,272844
20729,0.231122,14,272858
20730,0.270644,17,272875
20731,0.350066,19,272894
20732,0.344072,19,272913
20733,0.424395,25,272938
20734,0.272963,18,272956
20735,0.439767,29,272985
20736,0.352949,21,273006
20737,0.294811,17,273023
20738,0.260162,17,273040
20739,0.323434,19,273059
20740,0.333135,18,273077
20741,0.362129,21,273098
20742,0.363097,20,273118
20743,0.315993,17,273135
20744,0.372047,21,273156
20745,0.257495,19,273175
20746,0.296439,16,273191
20747,0.408801,22,273213
20748,0.37682,21,273234
20749,0.25436,14,273248
20750,0.290846,16,273264
20751,0.423519,24,273288
20752,0.270007,15,273303
20753,0.316345,19,273322
20754,0.256362,19,273341
20755,0.347246,25,273366
20756,0.211182,14,273380
20757,0.357049,20,273400
20758,0.361492,21,273421
20759,0.313052,22,273443
20760,0.283769,17,273460
20761,0.369687,31,273491
20762,0.323277,21,273512
20763,0.284719,17,273529
20764,0.384959,22,273551
20765,0.299716,17,273568
20766,0.336624,23,273591
20767,0.303875,20,273611
20768,0.312842,17,273628
20769,0.269963,15,273643
20770,0.329149,18,273661
20771,0.447158,27,273688
20772,0.306351,17,273705
20773,0.462783,26,273731
20774,0.246055,15,273746
20775,0.598906,36,273782
20776,0.300031,18,273800
20777,0.194702,11,273811
20778,0.335552,19,273830
20779,0.018401,1,273831
20780,0.298292,17,273848
20781,0.281619,18,273866
20782,0.3382,20,273886
20783,0.277621,15,273901
20784,0.387065,25,273926
20785,0.556884,32,273958
20786,0.361767,25,273983
20787,0.306087,19,274002
20788,0.289393,17,274019
20789,0.347041,23,274042
20790,0.307682,17,274059
20791,0.34088,22,274081
20792,0.415707,41,274122
20793,0.169857,9,274131
20794,0.535559,29,274160
20795,0.409539,24,274184
20796,0.290837,16,274200
20797,0.019228,1,274201
20798,0.281562,17,274218
20799,0.244371,15,274233
20800,0.403701,26,274259
20801,0.279444,21,274280
20802,0.375973,21,274301
20803,0.253866,15,274316
20804,0.273987,17,274333
20805,0.295611,19,274352
20806,0.417291,25,274377
20807,0.395897,26,274403
20808,0.276672,15,274418
20809,0.220554,13,274431
20810,0.27588,15,274446
20811,0.252893,14,274460
20812,0.526599,31,274491
20813,0.206146,11,274502
20814,0.233139,13,274515
20815,0.111984,6,274521
20816,0.336528,22,274543
20817,0.351634,28,274571
20818,0.276529,30,274601
20819,0.272914,16,274617
20820,0.323192,18,274635
20821,0.297765,18,274653
20822,0.388244,21,274674
20823,0.280061,18,274692
20824,0.169719,9,274701
20825,0.317997,19,274720
20826,0.260394,14,274734
20827,0.018198,1,274735
20828,0.417333,23,274758
20829,0.499105,42,274800
20830,0.367202,25,274825
20831,0.234859,13,274838
20832,0.403968,24,274862
20833,0.017552,1,274863
20834,0.018208,1,274864
20835,0.46129,27,274891
20836,0.316593,26,274917
20837,0.450601,32,274949
20838,-0.163522,16,274965
20839,0.216523,16,274981
20840,0.270633,15,274996
20841,0.40754,23,275019
20842,0.320238,18,275037
20843,0.288933,17,275054
20844,0.303114,18,275072
20845,0.243459,13,275085
20846,0.304523,17,275102
20847,0.378178,25,275127
20848,0.331745,24,275151
20849,0.379705,21,275172
20850,0.261967,15,275187
20851,0.250162,14,275201
20852,0.295123,16,275217
20853,0.238452,13,275230
20854,0.520647,31,275261
20855,0.425662,24,275285
20856,0.385314,25,275310
20857,0.321426,18,275328
20858,0.534285,37,275365
20859,0.164669,10,275375
20860,0.318285,19,275394
20861,0.016919,1,275395
20862,0.391213,21,275416
20863,0.490541,28,275444
20864,0.35721,26,275470
20865,0.367547,23,275493
20866,0.245738,19,275512
20867,0.21449,12,275524
20868,0.284548,16,275540
20869,0.205254,11,275551
20870,0.298676,16,275567
20871,0.357604,21,275588
20872,0.36799,20,275608
20873,0.247595,16,275624
20874,0.327121,19,275643
20875,0.26395,17,275660
20876,0.405689,23,275683
20877,0.274087,19,275702
20878,0.800015,45,275747
20879,0.327897,19,275766
20880,0.307558,23,275789
20881,0.182509,10,275799
20882,0.339067,20,275819
20883,0.32114,18,275837
20884,0.337604,28,275865
20885,0.177127,11,275876
20886,0.301759,17,275893
20887,0.308008,29,275922
20888,0.279318,18,275940
20889,0.296741,16,275956
20890,0.388468,21,275977
20891,0.240633,14,275991
20892,0.334232,22,276013
20893,0.25309,15,276028
20894,0.262652,14,276042
20895,0.538939,32,276074
20896,0.433516,36,276110
20897,0.26225,14,276124
20898,0.455778,26,276150
20899,0.017616,1,276151
20900,0.400311,25,276176
20901,0.395237,22,276198
20902,0.381542,21,276219
20903,0.295355,16,276235
20904,0.448346,27,276262
20905,0.017074,1,276263
20906,0.207784,11,276274
20907,0.387936,26,276300
20908,0.370416,21,276321
20909,0.223572,12,276333
20910,0.352416,20,276353
20911,0.372277,24,276377
20912,0.302854,18,276395
20913,0.262639,15,276410
20914,0.366689,22,276432
20915,0.254029,18,276450
20916,0.383065,22,276472
20917,0.39501,23,276495
20918,0.322146,18,276513
20919,0.282457,18,276531
20920,0.281429,16,276547
20921,0.341466,19,276566
20922,0.291621,16,276582
20923,0.134824,9,276591
20924,0.260947,15,276606
20925,0.299987,18,276624
20926,0.292985,19,276643
20927,0.28179,16,276659
20928,0.493694,40,276699
20929,0.362909,20,276719
20930,0.274763,19,276738
20931,0.365316,24,276762
20932,0.317056,24,276786
20933,0.311122,25,276811
20934,0.314172,17,276828
20935,0.339761,26,276854
20936,0.30342,20,276874
20937,0.255865,16,276890
20938,0.261675,18,276908
20939,0.247452,15,276923
20940,0.338159,21,276944
20941,0.203896,12,276956
20942,0.275164,18,276974
20943,0.34551,20,276994
20944,0.347862,19,277013
20945,0.279881,16,277029
20946,0.290747,20,277049
20947,0.289019,17,277066
20948,0.352027,19,277085
20949,0.255529,15,277100
20950,0.343691,19,277119
20951,0.372502,21,277140
20952,0.28859,16,277156
20953,0.316403,18,277174
20954,0.469007,26,277200
20955,0.447113,30,277230
20956,0.01482,1,277231
20957,0.286971,17,277248
20958,0.245169,18,277266
20959,0.198831,11,277277
20960,0.312912,17,277294
20961,0.387703,21,277315
20962,0.38678,24,277339
20963,0.435342,27,277366
20964,0.26307,14,277380
20965,0.328523,18,277398
20966,0.30286,21,277419
20967,0.479672,27,277446
20968,0.169005,9,277455
20969,0.336025,18,277473
20970,0.323378,23,277496
20971,0.328197,20,277516
20972,0.387996,25,277541
20973,0.262376,16,277557
20974,0.278099,16,277573
20975,0.314475,21,277594
20976,0.303597,19,277613
20977,0.204113,19,277632
20978,0.365661,22,277654
20979,0.235844,13,277667
20980,0.256294,14,277681
20981,0.284144,16,277697
20982,0.66871,39,277736
20983,0.398651,25,277761
20984,0.289093,17,277778
20985,0.387962,30,277808
20986,0.345372,20,277828
20987,0.309029,17,277845
20988,0.841595,48,277893
20989,0.244672,13,277906
20990,0.251013,16,277922
20991,0.443901,25,277947
20992,0.190224,10,277957
20993,0.338747,23,277980
20994,0.270983,16,277996
20995,0.255472,16,278012
20996,0.490965,27,278039
20997,0.293542,17,278056
20998,0.224225,15,278071
20999,0.2739,17,278088
21000,0.442521,24,278112
21001,0.572309,31,278143
21002,0.277449,17,278160
21003,0.299686,19,278179
21004,0.018756,1,278180
21005,0.325841,20,278200
21006,0.293057,16,278216
21007,0.386872,29,278245
21008,0.36839,21,278266
21009,0.334949,18,278284
21010,0.262623,14,278298
21011,0.343281,20,278318
21012,0.316991,18,278336
21013,0.338959,19,278355
21014,0.254832,19,278374
21015,0.274429,15,278389
21016,0.266094,15,278404
21017,0.335782,19,278423
21018,0.232621,18,278441
21019,0.239388,16,278457
21020,0.282997,22,278479
21021,0.36863,20,278499
21022,0.297265,17,278516
21023,0.257242,14,278530
21024,0.40537,23,278553
21025,0.386282,22,278575
21026,0.342617,19,278594
21027,0.365379,21,278615
21028,0.306478,20,278635
21029,0.271836,15,278650
21030,0.326384,24,278674
21031,0.337615,29,278703
21032,0.307397,20,278723
21033,0.211719,13,278736
21034,0.333969,18,278754
21035,0.319517,19,278773
21036,0.381387,27,278800
21037,0.265986,16,278816
21038,0.750781,43,278859
21039,0.450127,26,278885
21040,0.376525,23,278908
21041,0.327931,19,278927
21042,0.338836,19,278946
21043,0.374523,21,278967
21044,0.195681,12,278979
21045,0.397688,24,279003
21046,0.233328,14,279017
21047,0.385907,21,279038
21048,0.262004,18,279056
21049,0.335907,18,279074
21050,0.229046,13,279087
21051,0.345937,21,279108
21052,0.236865,14,279122
21053,0.373845,22,279144
21054,0.22229,13,279157
21055,0.019032,1,279158
21056,0.251692,14,279172
21057,0.332182,19,279191
21058,0.553522,31,279222
21059,0.510247,28,279250
21060,0.019155,1,279251
21061,0.284284,20,279271
21062,0.352438,19,279290
21063,0.296159,16,279306
21064,0.017295,1,279307
21065,0.259473,15,279322
21066,0.223522,13,279335
21067,0.343411,20,279355
21068,0.303105,17,279372
21069,0.018764,1,279373
21070,0.350254,19,279392
21071,0.399337,24,279416
21072,0.249133,14,279430
21073,0.289235,17,279447
21074,0.40615,22,279469
21075,0.282551,17,279486
21076,0.455394,25,279511
21077,0.269959,17,279528
21078,0.432535,24,279552
21079,0.405336,23,279575
21080,0.278293,17,279592
21081,0.25936,15,279607
21082,0.331896,20,279627
21083,0.242887,18,279645
21084,0.316642,18,279663
21085,0.619703,39,279702
21086,0.344212,21,279723
21087,0.362213,27,279750
21088,0.277916,15,279765
21089,0.204948,11,279776
21090,0.2995,20,279796
21091,0.349352,25,279821
21092,0.261204,14,279835
21093,0.303016,19,279854
21094,0.391106,22,279876
21095,0.288115,16,279892
21096,0.228118,15,279907
21097,0.207132,11,279918
21098,0.160274,11,279929
21099,0.545498,32,279961
21100,0.459091,25,279986
21101,0.368174,20,280006
21102,0.294984,18,280024
21103,0.338406,21,280045
21104,0.359885,23,280068
21105,0.347006,22,280090
21106,0.366665,28,280118
21107,0.32188,19,280137
21108,0.361293,20,280157
21109,0.249763,15,280172
21110,0.223856,14,280186
21111,0.394268,22,280208
21112,0.208872,13,280221
21113,0.479641,41,280262
21114,0.279308,15,280277
21115,0.017015,1,280278
21116,0.018548,1,280279
21117,0.237096,18,280297
21118,0.568159,31,280328
21119,0.269079,17,280345
21120,0.237258,15,280360
21121,0.435237,24,280384
21122,0.448888,39,280423
21123,0.407854,24,280447
21124,0.24247,15,280462
21125,0.302738,17,280479
21126,0.417207,24,280503
21127,0.013549,1,280504
21128,0.283871,19,280523
21129,0.547019,34,280557
21130,0.212898,12,280569
21131,0.312252,18,280587
21132,0.019117,1,280588
21133,0.376528,23,280611
21134,0.018577,1,280612
21135,0.336984,20,280632
21136,0.30311,17,280649
21137,0.480798,28,280677
21138,0.301704,17,280694
21139,0.48624,31,280725
21140,0.199268,12,280737
21141,0.436277,24,280761
21142,0.3539,20,280781
21143,0.35132,19,280800
21144,0.26851,16,280816
21145,0.324416,18,280834
21146,0.268174,15,280849
21147,0.721942,40,280889
21148,0.332518,20,280909
21149,0.388635,21,280930
21150,0.466565,26,280956
21151,0.316635,20,280976
21152,0.340281,20,280996
21153,0.282394,21,281017
21154,0.019011,1,281018
21155,0.295085,21,281039
21156,0.280229,15,281054
21157,0.273179,20,281074
21158,0.299444,17,281091
21159,0.225989,13,281104
21160,0.42948,34,281138
21161,0.243396,15,281153
21162,0.27619,15,281168
21163,0.345305,22,281190
21164,0.35802,25,281215
21165,0.305905,17,281232
21166,0.379895,23,281255
21167,0.293232,16,281271
21168,0.312785,17,281288
21169,0.452727,25,281313
21170,0.360691,22,281335
21171,0.036592,2,281337
21172,0.321952,18,281355
21173,0.310116,18,281373
21174,0.386163,22,281395
21175,0.279169,16,281411
21176,0.245372,13,281424
21177,0.358505,21,281445
21178,0.204718,13,281458
21179,0.279966,15,281473
21180,0.260419,15,281488
21181,0.254544,17,281505
21182,0.293963,16,281521
21183,0.203629,11,281532
21184,0.648493,36,281568
21185,0.31445,17,281585
21186,0.314645,20,281605
21187,0.235135,13,281618
21188,0.271987,15,281633
21189,0.345633,21,281654
21190,0.317223,20,281674
21191,0.262539,15,281689
21192,0.388727,21,281710
21193,0.190154,11,281721
21194,0.265567,17,281738
21195,0.411227,23,281761
21196,0.369955,26,281787
21197,0.352481,20,281807
21198,0.514662,29,281836
21199,0.338791,25,281861
21200,0.270193,16,281877
21201,0.270826,16,281893
21202,0.382578,24,281917
21203,0.313405,19,281936
21204,0.15021,8,281944
21205,0.377019,22,281966
21206,0.384834,21,281987
21207,0.355775,20,282007
21208,0.016043,1,282008
21209,0.303212,18,282026
21210,0.331077,19,282045
21211,0.235818,16,282061
21212,0.239939,15,282076
21213,0.285473,16,282092
21214,0.30487,18,282110
21215,0.310602,29,282139
21216,0.240978,13,282152
21217,0.474592,26,282178
21218,0.35835,26,282204
21219,0.343757,31,282235
21220,0.353247,20,282255
21221,0.310323,17,282272
21222,0.242546,16,282288
21223,0.250466,17,282305
21224,0.25885,14,282319
21225,0.462663,26,282345
21226,0.393616,22,282367
21227,0.463818,26,282393
21228,0.365983,21,282414
21229,0.330065,23,282437
21230,0.332622,18,282455
21231,0.434762,25,282480
21232,0.30772,17,282497
21233,0.263335,14,282511
21234,0.346799,20,282531
21235,0.410266,29,282560
21236,0.322033,30,282590
21237,0.283038,16,282606
21238,0.29877,18,282624
21239,0.392138,23,282647
21240,0.24799,15,282662
21241,0.240119,14,282676
21242,0.326919,18,282694
21243,0.290014,17,282711
21244,0.412948,23,282734
21245,0.298619,19,282753
21246,0.378101,21,282774
21247,0.399144,22,282796
21248,0.285416,19,282815
21249,0.276605,18,282833
21250,0.332443,26,282859
21251,0.516301,33,282892
21252,0.019773,1,282893
21253,0.315523,19,282912
21254,0.425129,26,282938
21255,0.445799,25,282963
21256,0.019613,1,282964
21257,0.255609,14,282978
21258,0.17035,16,282994
21259,0.602263,35,283029
21260,0.378557,26,283055
21261,0.255699,16,283071
21262,0.016406,1,283072
21263,0.266115,16,283088
21264,0.239928,15,283103
21265,0.358178,22,283125
21266,0.192508,12,283137
21267,0.341045,19,283156
21268,0.320229,19,283175
21269,0.305627,25,283200
21270,0.288729,16,283216
21271,0.290404,18,283234
21272,0.425278,23,283257
21273,0.399485,22,283279
21274,0.371335,22,283301
21275,0.350345,24,283325
21276,0.018869,1,283326
21277,0.132048,7,283333
21278,0.288699,16,283349
21279,0.019179,1,283350
21280,0.316636,18,283368
21281,0.279807,18,283386
21282,0.239894,15,283401
21283,0.173947,10,283411
21284,0.350156,25,283436
21285,0.257589,16,283452
21286,0.237146,14,283466
21287,0.26287,15,283481
21288,0.401856,22,283503
21289,0.427565,25,283528
21290,0.27528,16,283544
21291,0.330875,19,283563
21292,0.282314,18,283581
21293,0.326641,25,283606
21294,0.40051,23,283629
21295,0.277793,18,283647
21296,0.560484,32,283679
21297,0.333352,18,283697
21298,0.343059,20,283717
21299,0.343722,25,283742
21300,0.332977,19,283761
21301,0.253559,14,283775
21302,0.255936,17,283792
21303,0.444404,30,283822
21304,0.019651,1,283823
21305,0.375672,21,283844
21306,0.306947,18,283862
21307,0.283499,19,283881
21308,0.33393,19,283900
21309,0.556025,31,283931
21310,0.33544,19,283950
21311,0.333166,21,283971
21312,0.425247,24,283995
21313,0.228074,14,284009
21314,0.334585,18,284027
21315,0.384109,25,284052
21316,0.329533,18,284070
21317,0.288924,22,284092
21318,0.263085,15,284107
21319,0.221995,17,284124
21320,0.338773,24,284148
21321,0.25425,21,284169
21322,0.291158,18,284187
21323,0.249308,16,284203
21324,0.44389,26,284229
21325,0.366915,21,284250
21326,0.311199,17,284267
21327,0.316732,27,284294
21328,0.623929,35,284329
21329,0.409477,22,284351
21330,0.312885,21,284372
21331,0.258257,16,284388
21332,0.283888,16,284404
21333,0.334062,18,284422
21334,0.275488,16,284438
21335,0.26166,15,284453
21336,0.317281,20,284473
21337,0.329104,21,284494
21338,0.343379,21,284515
21339,0.311491,20,284535
21340,0.426582,26,284561
21341,0.430784,26,284587
21342,0.607506,33,284620
21343,0.287911,16,284636
21344,0.28,18,284654
21345,0.344635,28,284682
21346,0.219953,12,284694
21347,0.408035,29,284723
21348,0.319573,20,284743
21349,0.30048,22,284765
21350,0.300666,17,284782
21351,0.227157,17,284799
21352,0.157266,9,284808
21353,0.327027,18,284826
21354,0.320362,18,284844
21355,0.300953,18,284862
21356,0.392328,22,284884
21357,0.298167,19,284903
21358,0.25536,16,284919
21359,0.236368,14,284933
21360,0.318743,19,284952
21361,0.309478,19,284971
21362,0.293777,18,284989
21363,0.018786,1,284990
21364,0.221512,16,285006
21365,0.427339,26,285032
21366,0.400703,26,285058
21367,0.251594,16,285074
21368,0.389615,21,285095
21369,0.175427,10,285105
21370,0.412755,23,285128
21371,0.288332,17,285145
21372,0.393273,23,285168
21373,0.32966,19,285187
21374,0.249873,15,285202
21375,0.256982,14,285216
21376,0.34459,21,285237
21377,0.316745,23,285260
21378,0.27954,27,285287
21379,0.332346,21,285308
21380,0.261848,17,285325
21381,0.443254,33,285358
21382,0.2896,17,285375
21383,0.5656,32,285407
21384,0.36588,24,285431
21385,0.244312,14,285445
21386,0.347775,19,285464
21387,0.019259,1,285465
21388,0.333337,18,285483
21389,0.343986,21,285504
21390,0.324912,19,285523
21391,0.282898,16,285539
21392,0.342032,19,285558
21393,0.405471,22,285580
21394,0.495377,33,285613
21395,0.215753,13,285626
21396,0.297155,23,285649
21397,0.257467,14,285663
21398,0.230855,13,285676
21399,0.353281,19,285695
21400,0.379694,21,285716
21401,0.200965,11,285727
21402,0.016865,1,285728
21403,0.287177,17,285745
21404,0.552104,30,285775
21405,0.355092,22,285797
21406,0.304815,20,285817
21407,0.323709,18,285835
21408,0.607034,35,285870
21409,0.355912,21,285891
21410,0.652032,36,285927
21411,0.236137,13,285940
21412,0.256213,14,285954
21413,0.461782,32,285986
21414,0.356975,24,286010
21415,0.472914,33,286043
21416,0.277303,15,286058
21417,0.322986,19,286077
21418,0.299117,22,286099
21419,0.425292,24,286123
21420,0.279031,16,286139
21421,0.237657,14,286153
21422,0.311738,18,286171
21423,0.333995,20,286191
21424,0.336227,24,286215
21425,0.216979,17,286232
21426,0.275308,17,286249
21427,0.259094,14,286263
21428,0.379118,26,286289
21429,0.290658,19,286308
21430,0.232452,15,286323
21431,0.257789,16,286339
21432,0.500111,36,286375
21433,0.244638,13,286388
21434,0.426062,24,286412
21435,0.321644,18,286430
21436,0.261594,16,286446
21437,0.256662,15,286461
21438,0.366986,21,286482
21439,0.307313,19,286501
21440,0.380467,21,286522
21441,0.229463,16,286538
21442,0.272644,16,286554
21443,0.272476,19,286573
21444,0.575966,32,286605
21445,0.212061,12,286617
21446,0.518784,29,286646
21447,0.281714,18,286664
21448,0.398196,23,286687
21449,0.376899,21,286708
21450,0.266184,17,286725
21451,0.295138,18,286743
21452,0.288479,18,286761
21453,0.230512,16,286777
21454,0.322993,18,286795
21455,0.320534,18,286813
21456,0.317552,18,286831
21457,0.250451,20,286851
21458,0.355425,30,286881
21459,0.298057,16,286897
21460,0.347503,19,286916
21461,0.246088,19,286935
21462,0.303772,21,286956
21463,0.326614,19,286975
21464,0.316796,18,286993
21465,0.248711,15,287008
21466,0.406326,22,287030
21467,0.393934,27,287057
21468,0.410764,26,287083
21469,0.433263,31,287114
21470,0.289501,17,287131
21471,0.531006,29,287160
21472,0.39708,30,287190
21473,0.361683,20,287210
21474,0.273085,16,287226
21475,0.377535,24,287250
21476,0.369064,20,287270
21477,0.346167,19,287289
21478,0.227903,15,287304
21479,0.317197,25,287329
21480,0.311521,17,287346
21481,0.371173,27,287373
21482,0.373199,22,287395
21483,0.220743,12,287407
21484,0.371906,26,287433
21485,0.22504,12,287445
21486,0.349692,20,287465
21487,0.32701,22,287487
21488,0.385084,28,287515
21489,0.361268,20,287535
21490,0.341531,20,287555
21491,0.411427,24,287579
21492,0.268669,15,287594
21493,0.283995,19,287613
21494,0.22303,12,287625
21495,0.330412,20,287645
21496,0.329792,19,287664
21497,0.317976,18,287682
21498,0.458205,35,287717
21499,0.22601,12,287729
21500,0.303914,18,287747
21501,0.411203,25,287772
21502,0.435146,24,287796
21503,0.25985,17,287813
21504,0.315872,18,287831
21505,0.259647,17,287848
21506,0.315962,17,287865
21507,0.323329,19,287884
21508,0.289287,17,287901
21509,0.312773,17,287918
21510,0.260882,15,287933
21511,0.404467,25,287958
21512,0.277186,17,287975
21513,0.280013,19,287994
21514,0.424254,23,288017
21515,0.375596,21,288038
21516,0.172215,11,288049
21517,0.245288,15,288064
21518,0.26863,21,288085
21519,0.310801,20,288105
21520,0.452216,28,288133
21521,0.248974,14,288147
21522,0.225242,17,288164
21523,0.3188,19,288183
21524,0.331917,21,288204
21525,0.251644,14,288218
21526,0.577429,37,288255
21527,0.425325,31,288286
21528,0.25393,18,288304
21529,0.442424,28,288332
21530,0.360123,20,288352
21531,0.282882,18,288370
21532,0.249854,16,288386
21533,0.403244,22,288408
21534,0.498397,27,288435
21535,0.251026,17,288452
21536,-1.766967,24,288476
21537,0.332954,18,288494
21538,0.277173,16,288510
21539,0.452602,25,288535
21540,0.26578,22,288557
21541,0.37492,22,288579
21542,0.478737,26,288605
21543,0.32421,19,288624
21544,0.389518,34,288658
21545,0.290071,17,288675
21546,0.347406,19,288694
21547,0.243424,16,288710
21548,0.281303,19,288729
21549,0.294965,18,288747
21550,0.346803,28,288775
21551,0.407058,31,288806
21552,0.225282,12,288818
21553,0.092842,6,288824
21554,0.466992,40,288864
21555,0.325484,30,288894
21556,0.424472,25,288919
21557,0.019474,1,288920
21558,0.377515,32,288952
21559,0.315552,17,288969
21560,0.278239,15,288984
21561,0.265572,16,289000
21562,0.286591,22,289022
21563,0.324702,18,289040
21564,0.317532,20,289060
21565,0.516633,30,289090
21566,0.282025,19,289109
21567,0.298341,16,289125
21568,0.505523,30,289155
21569,0.337794,25,289180
21570,0.016164,1,289181
21571,0.325626,18,289199
21572,0.324364,24,289223
21573,0.299383,21,289244
21574,0.460237,28,289272
21575,0.323592,23,289295
21576,0.289655,22,289317
21577,0.475451,28,289345
21578,0.40454,22,289367
21579,0.344318,28,289395
21580,0.346696,20,289415
21581,0.330612,18,289433
21582,0.280283,16,289449
21583,0.29428,20,289469
21584,0.346665,21,289490
21585,0.299554,20,289510
21586,0.205197,11,289521
21587,0.017699,1,289522
21588,0.271363,18,289540
21589,0.23904,18,289558
21590,0.2665,16,289574
21591,0.569429,44,289618
21592,0.241343,13,289631
21593,0.404717,23,289654
21594,0.22938,14,289668
21595,0.281203,16,289684
21596,0.413256,27,289711
21597,-1.61752,23,289734
21598,0.474228,30,289764
21599,0.29104,17,289781
21600,0.235048,14,289795
21601,0.329268,18,289813
21602,0.250647,15,289828
21603,0.347379,23,289851
21604,0.389153,26,289877
21605,0.55229,31,289908
21606,0.351043,20,289928
21607,0.302916,17,289945
21608,0.596101,44,289989
21609,0.368356,20,290009
21610,0.262155,14,290023
21611,0.257275,14,290037
21612,0.314032,17,290054
21613,0.355796,20,290074
21614,0.409281,24,290098
21615,0.326289,19,290117
21616,0.015765,1,290118
21617,0.018805,1,290119
21618,0.582404,44,290163
21619,0.212289,14,290177
21620,0.344159,23,290200
21621,0.340663,20,290220
21622,0.438735,25,290245
21623,0.160232,9,290254
21624,0.256018,18,290272
21625,0.456014,29,290301
21626,0.019452,1,290302
21627,0.018761,1,290303
21628,0.464873,29,290332
21629,0.28916,16,290348
21630,0.404884,26,290374
21631,0.299672,17,290391
21632,0.362117,26,290417
21633,0.019059,1,290418
21634,0.487748,30,290448
21635,0.019362,1,290449
21636,0.335701,21,290470
21637,0.367291,20,290490
21638,0.347534,19,290509
21639,0.25139,16,290525
21640,0.348223,19,290544
21641,0.310224,18,290562
21642,0.291039,19,290581
21643,0.444742,24,290605
21644,0.288047,19,290624
21645,0.280858,15,290639
21646,0.278596,15,290654
21647,0.563303,34,290688
21648,0.36928,20,290708
21649,0.407921,22,290730
21650,0.384111,21,290751
21651,0.2688,15,290766
21652,0.303123,17,290783
21653,0.28,16,290799
21654,0.267735,19,290818
21655,0.269912,24,290842
21656,0.295554,16,290858
21657,0.370918,20,290878
21658,0.297306,18,290896
21659,0.326708,18,290914
21660,0.334612,21,290935
21661,0.286879,16,290951
21662,0.292214,18,290969
21663,0.281144,18,290987
21664,0.29156,16,291003
21665,0.273379,15,291018
21666,0.30915,18,291036
21667,0.531254,29,291065
21668,0.320782,18,291083
21669,0.21434,12,291095
21670,0.308118,17,291112
21671,0.28866,17,291129
21672,0.595186,40,291169
21673,0.271288,15,291184
21674,0.313111,17,291201
21675,0.347854,19,291220
21676,0.574419,33,291253
21677,0.31339,17,291270
21678,0.333092,20,291290
21679,0.357452,20,291310
21680,0.414898,23,291333
21681,0.237963,13,291346
21682,0.295449,19,291365
21683,0.314821,17,291382
21684,0.270389,15,291397
21685,0.27422,17,291414
21686,0.250652,15,291429
21687,0.018731,1,291430
21688,0.298257,17,291447
21689,0.233317,13,291460
21690,0.29044,20,291480
21691,0.429128,24,291504
21692,0.018603,1,291505
21693,0.013253,1,291506
21694,0.4249,25,291531
21695,0.280547,15,291546
21696,0.019093,1,291547
21697,0.387881,28,291575
21698,0.290002,18,291593
21699,0.286979,17,291610
21700,0.205414,13,291623
21701,0.271757,18,291641
21702,0.305179,17,291658
21703,0.27707,17,291675
21704,0.360777,21,291696
21705,0.286161,17,291713
21706,0.407232,24,291737
21707,0.304475,17,291754
21708,0.342251,24,291778
21709,0.26058,14,291792
21710,0.494181,31,291823
21711,0.250959,17,291840
21712,0.29992,18,291858
21713,0.304034,17,291875
21714,0.188808,10,291885
21715,0.434326,24,291909
21716,0.40865,26,291935
21717,0.318186,20,291955
21718,0.216521,15,291970
21719,0.285878,17,291987
21720,0.310077,19,292006
21721,0.205591,11,292017
21722,0.283948,16,292033
21723,0.34746,20,292053
21724,0.265163,19,292072
21725,0.347824,19,292091
21726,0.470083,29,292120
21727,0.340385,21,292141
21728,0.310418,17,292158
21729,0.32337,18,292176
21730,0.574368,35,292211
21731,0.220477,17,292228
21732,0.406834,22,292250
21733,0.314182,20,292270
21734,0.446287,25,292295
21735,0.284986,19,292314
21736,0.428924,24,292338
21737,0.25392,14,292352
21738,0.240475,15,292367
21739,0.301408,19,292386
21740,0.393821,26,292412
21741,0.260326,17,292429
21742,0.150864,8,292437
21743,0.400332,22,292459
21744,0.293069,21,292480
21745,0.472771,32,292512
21746,0.251072,21,292533
21747,0.485028,36,292569
21748,0.276932,15,292584
21749,0.305191,17,292601
21750,0.34535,23,292624
21751,0.258623,14,292638
21752,0.111191,6,292644
21753,0.369716,21,292665
21754,0.416035,25,292690
21755,0.278307,15,292705
21756,0.351267,19,292724
21757,0.277683,19,292743
21758,0.38993,22,292765
21759,0.209923,22,292787
21760,0.477743,33,292820
21761,0.31658,17,292837
21762,0.315344,17,292854
21763,0.442312,25,292879
21764,0.018836,1,292880
21765,0.016647,1,292881
21766,0.300114,17,292898
21767,0.252011,20,292918
21768,0.320436,29,292947
21769,0.019272,1,292948
21770,0.314373,18,292966
21771,0.296423,18,292984
21772,0.294767,23,293007
21773,0.293592,16,293023
21774,0.253497,15,293038
21775,0.018555,1,293039
21776,0.277014,16,293055
21777,0.449654,26,293081
21778,0.265402,17,293098
21779,0.301261,18,293116
21780,0.34353,19,293135
21781,0.238591,16,293151
21782,0.54518,34,293185
21783,0.450833,28,293213
21784,0.271037,15,293228
21785,0.019953,1,293229
21786,0.456811,26,293255
21787,0.332378,18,293273
21788,0.090912,5,293278
21789,0.327143,19,293297
21790,0.473923,37,293334
21791,0.205426,11,293345
21792,0.294956,21,293366
21793,0.259139,14,293380
21794,0.466501,34,293414
21795,0.341962,19,293433
21796,0.491625,29,293462
21797,0.238881,13,293475
21798,0.276238,17,293492
21799,0.304821,17,293509
21800,0.231114,15,293524
21801,0.378047,24,293548
21802,0.20828,11,293559
21803,0.270989,17,293576
21804,0.272699,17,293593
21805,0.303493,18,293611
21806,0.472376,26,293637
21807,0.271239,15,293652
21808,0.44655,27,293679
21809,0.510104,30,293709
21810,0.416459,23,293732
21811,0.368883,29,293761
21812,0.285471,18,293779
21813,0.343045,25,293804
21814,0.278445,18,293822
21815,0.252095,16,293838
21816,0.446232,27,293865
21817,0.271402,17,293882
21818,0.300317,19,293901
21819,0.284455,18,293919
21820,0.371377,21,293940
21821,0.355283,21,293961
21822,0.41048,32,293993
21823,0.246727,14,294007
21824,0.056437,3,294010
21825,0.363593,32,294042
21826,0.319106,21,294063
21827,0.305826,18,294081
21828,0.371093,24,294105
21829,0.767417,42,294147
21830,0.241518,14,294161
21831,0.395496,23,294184
21832,0.334601,20,294204
21833,0.418717,25,294229
21834,0.292638,18,294247
21835,0.271403,19,294266
21836,0.314518,17,294283
21837,0.307009,17,294300
21838,0.38681,21,294321
21839,0.261394,18,294339
21840,0.413628,23,294362
21841,0.267613,15,294377
21842,0.381926,24,294401
21843,0.277359,16,294417
21844,0.298044,18,294435
21845,0.306935,17,294452
21846,0.354152,21,294473
21847,0.261608,17,294490
21848,0.40197,25,294515
21849,0.243326,14,294529
21850,0.248493,15,294544
21851,0.235695,15,294559
21852,0.017176,1,294560
21853,0.014017,1,294561
21854,0.231314,13,294574
21855,0.261659,15,294589
21856,0.257084,14,294603
21857,0.308372,17,294620
21858,0.350322,19,294639
21859,0.248401,14,294653
21860,0.454733,30,294683
21861,0.291202,19,294702
21862,0.356234,20,294722
21863,0.419753,26,294748
21864,0.346827,19,294767
21865,0.113626,6,294773
21866,0.271849,15,294788
21867,0.371783,22,294810
21868,0.322102,20,294830
21869,0.222855,14,294844
21870,0.332658,19,294863
21871,0.192669,17,294880
21872,0.438846,24,294904
21873,0.486581,27,294931
21874,0.344096,32,294963
21875,0.018655,1,294964
21876,0.351922,19,294983
21877,0.369989,23,295006
21878,0.391669,22,295028
21879,0.162531,9,295037
21880,0.310189,22,295059
21881,0.206112,15,295074
21882,0.351332,21,295095
21883,0.014178,1,295096
21884,0.254853,15,295111
21885,0.270421,16,295127
21886,0.267749,15,295142
21887,0.378057,22,295164
21888,0.581504,35,295199
21889,0.266346,15,295214
21890,0.325114,21,295235
21891,0.316012,17,295252
21892,0.313821,17,295269
21893,0.298957,19,295288
21894,0.28605,21,295309
21895,0.224221,12,295321
21896,0.357616,20,295341
21897,0.295537,20,295361
21898,0.354353,21,295382
21899,0.291503,16,295398
21900,0.585538,32,295430
21901,0.28884,20,295450
21902,0.317233,21,295471
21903,0.281631,22,295493
21904,0.329186,20,295513
21905,0.297404,18,295531
21906,0.357114,27,295558
21907,0.385826,21,295579
21908,0.281842,16,295595
21909,0.450035,25,295620
21910,0.340072,21,295641
21911,0.285652,17,295658
21912,0.470983,26,295684
21913,0.382139,21,295705
21914,0.258417,15,295720
21915,0.296855,18,295738
21916,0.508097,31,295769
21917,0.400433,33,295802
21918,0.462548,26,295828
21919,0.370653,22,295850
21920,0.370515,21,295871
21921,0.372429,22,295893
21922,0.309364,17,295910
21923,0.293161,16,295926
21924,0.291257,16,295942
21925,0.474462,26,295968
21926,0.360955,21,295989
21927,0.522482,32,296021
21928,0.233517,13,296034
21929,0.27291,15,296049
21930,0.332536,18,296067
21931,0.315073,19,296086
21932,0.318926,28,296114
21933,0.018814,1,296115
21934,0.307801,19,296134
21935,0.254296,14,296148
21936,0.228918,13,296161
21937,0.216395,18,296179
21938,0.296368,18,296197
21939,0.188929,11,296208
21940,0.320262,18,296226
21941,0.470798,28,296254
21942,0.465184,28,296282
21943,0.488197,30,296312
21944,0.34,20,296332
21945,0.51516,29,296361
21946,0.296137,17,296378
21947,0.334193,18,296396
21948,0.402431,24,296420
21949,0.299061,16,296436
21950,0.67033,37,296473
21951,0.230436,14,296487
21952,0.270555,16,296503
21953,0.305039,17,296520
21954,0.337488,19,296539
21955,0.484068,27,296566
21956,0.424879,25,296591
21957,0.379212,27,296618
21958,0.373645,24,296642
21959,0.299808,18,296660
21960,0.248142,15,296675
21961,0.297031,16,296691
21962,0.250784,14,296705
21963,0.304588,17,296722
21964,0.603392,43,296765
21965,0.349079,20,296785
21966,0.263227,16,296801
21967,0.32059,25,296826
21968,0.244403,15,296841
21969,0.215205,14,296855
21970,0.282857,16,296871
21971,0.392938,22,296893
21972,0.328361,23,296916
21973,0.300282,16,296932
21974,0.494741,27,296959
21975,0.394925,23,296982
21976,0.495756,28,297010
21977,0.370888,20,297030
21978,0.283761,17,297047
21979,0.267504,15,297062
21980,0.340946,28,297090
21981,0.347431,20,297110
21982,0.492567,32,297142
21983,0.281965,15,297157
21984,0.329119,19,297176
21985,0.328951,19,297195
21986,-0.060643,28,297223
21987,0.361318,21,297244
21988,0.245214,14,297258
21989,0.332849,22,297280
21990,0.239491,13,297293
21991,0.261832,17,297310
21992,0.019303,1,297311
21993,0.16339,9,297320
21994,0.378619,26,297346
21995,0.286037,30,297376
21996,0.347386,19,297395
21997,0.291634,18,297413
21998,0.219877,12,297425
21999,0.243994,14,297439
22000,0.344528,19,297458
22001,0.258884,16,297474
22002,0.018833,1,297475
22003,0.314638,18,297493
22004,0.278153,16,297509
22005,0.402142,22,297531
22006,0.406403,22,297553
22007,0.254237,14,297567
22008,0.32859,22,297589
22009,0.296043,19,297608
22010,0.3085,18,297626
22011,0.391847,23,297649
22012,0.303267,19,297668
22013,0.380659,23,297691
22014,0.334077,22,297713
22015,0.26298,16,297729
22016,0.396828,23,297752
22017,0.518779,32,297784
22018,0.337449,19,297803
22019,0.261307,14,297817
22020,0.269343,16,297833
22021,0.425762,23,297856
22022,0.283364,19,297875
22023,0.019146,1,297876
22024,0.321442,21,297897
22025,0.36838,21,297918
22026,0.288089,18,297936
22027,0.605035,37,297973
22028,0.340133,20,297993
22029,0.351693,19,298012
22030,0.312708,23,298035
22031,0.543932,30,298065
22032,0.329077,18,298083
22033,0.231183,16,298099
22034,0.409441,29,298128
22035,0.275458,16,298144
22036,0.018053,1,298145
22037,0.239867,13,298158
22038,0.15063,8,298166
22039,0.383261,24,298190
22040,0.274026,15,298205
22041,0.240869,13,298218
22042,0.25742,14,298232
22043,0.385782,23,298255
22044,0.200329,11,298266
22045,0.375053,21,298287
22046,0.316691,19,298306
22047,0.372212,32,298338
22048,0.388794,21,298359
22049,0.395715,26,298385
22050,0.391289,22,298407
22051,0.362401,21,298428
22052,0.280477,15,298443
22053,0.428468,25,298468
22054,0.280168,15,298483
22055,0.240562,13,298496
22056,0.302695,17,298513
22057,0.373998,27,298540
22058,0.402143,32,298572
22059,0.317402,19,298591
22060,0.472256,29,298620
22061,0.291373,17,298637
22062,0.3925,30,298667
22063,0.300336,19,298686
22064,0.367407,20,298706
22065,0.019198,1,298707
22066,0.475838,28,298735
22067,0.290584,16,298751
22068,0.216958,12,298763
22069,0.268554,18,298781
22070,0.302628,18,298799
22071,0.304885,17,298816
22072,0.271656,17,298833
22073,0.401157,22,298855
22074,0.017911,1,298856
22075,0.293553,16,298872
22076,0.304738,17,298889
22077,0.317403,21,298910
22078,0.199323,11,298921
22079,0.568802,31,298952
22080,0.355696,23,298975
22081,0.313461,19,298994
22082,0.430201,24,299018
22083,0.260251,14,299032
22084,0.417256,23,299055
22085,0.289433,16,299071
22086,0.306055,18,299089
22087,0.308194,17,299106
22088,0.344276,21,299127
22089,0.375422,23,299150
22090,0.353678,19,299169
22091,0.372292,22,299191
22092,0.29945,18,299209
22093,0.380054,22,299231
22094,0.388022,21,299252
22095,0.411892,25,299277
22096,0.509325,29,299306
22097,0.335367,20,299326
22098,0.54442,31,299357
22099,0.28988,16,299373
22100,0.334591,27,299400
22101,0.260645,14,299414
22102,0.299421,16,299430
22103,0.343775,27,299457
22104,0.472822,28,299485
22105,0.265946,17,299502
22106,0.410906,29,299531
22107,0.462358,25,299556
22108,0.401043,23,299579
22109,0.418625,26,299605
22110,0.285384,16,299621
22111,0.253492,14,299635
22112,0.01919,1,299636
22113,0.335033,20,299656
22114,0.300958,19,299675
22115,0.432348,28,299703
22116,0.287929,19,299722
22117,0.282239,19,299741
22118,0.347154,22,299763
22119,0.296053,20,299783
22120,0.349225,23,299806
22121,0.208509,11,299817
22122,0.2031,13,299830
22123,0.294923,17,299847
22124,0.30818,18,299865
22125,0.318657,17,299882
22126,0.400103,22,299904
22127,0.293293,19,299923
22128,0.311357,21,299944
22129,0.267012,17,299961
22130,0.435564,24,299985
22131,0.363188,20,300005
22132,0.267994,18,300023
22133,0.414632,33,300056
22134,0.262281,14,300070
22135,0.331713,20,300090
22136,0.323992,29,300119
22137,0.296503,26,300145
22138,0.302228,19,300164
22139,0.370726,24,300188
22140,0.289325,17,300205
22141,0.638138,35,300240
22142,0.350528,24,300264
22143,0.255445,16,300280
22144,0.354447,21,300301
22145,0.297238,16,300317
22146,0.243417,15,300332
22147,0.308877,22,300354
22148,0.374396,21,300375
22149,0.38656,21,300396
22150,0.3767,24,300420
22151,0.3475,19,300439
22152,0.307325,17,300456
22153,0.312359,22,300478
22154,0.278594,16,300494
22155,0.434597,24,300518
22156,0.332062,18,300536
22157,0.328663,20,300556
22158,0.367764,21,300577
22159,0.385688,21,300598
22160,0.247085,14,300612
22161,0.33739,21,300633
22162,0.286068,22,300655
22163,0.356598,21,300676
22164,0.342818,30,300706
22165,0.359935,25,300731
22166,0.292293,20,300751
22167,0.423772,25,300776
22168,0.289441,22,300798
22169,0.300217,18,300816
22170,0.27957,17,300833
22171,0.320544,18,300851
22172,0.279063,15,300866
22173,0.40661,22,300888
22174,0.272305,16,300904
22175,0.349128,20,300924
22176,0.299067,17,300941
22177,0.550199,30,300971
22178,0.314305,18,300989
22179,0.336354,21,301010
22180,0.335114,18,301028
22181,0.689318,39,301067
22182,0.340837,19,301086
22183,0.299354,17,301103
22184,0.296599,16,301119
22185,0.237787,13,301132
22186,0.600377,34,301166
22187,0.407997,23,301189
22188,0.362729,25,301214
22189,0.292578,16,301230
22190,0.377451,23,301253
22191,0.415394,23,301276
22192,0.361761,23,301299
22193,0.359719,20,301319
22194,0.553121,31,301350
22195,0.353,20,301370
22196,0.34811,20,301390
22197,0.309735,17,301407
22198,0.569419,31,301438
22199,0.400759,23,301461
22200,0.494538,34,301495
22201,0.313538,17,301512
22202,0.31067,17,301529
22203,0.353212,26,301555
22204,0.405715,26,301581
22205,0.250001,20,301601
22206,0.212543,14,301615
22207,0.237783,13,301628
22208,0.302006,17,301645
22209,0.33451,20,301665
22210,0.015978,1,301666
22211,0.242537,14,301680
22212,1.058856,62,301742
22213,0.274703,17,301759
22214,0.434762,29,301788
22215,0.289293,16,301804
22216,0.346386,20,301824
22217,0.389926,27,301851
22218,0.258588,20,301871
22219,0.458498,28,301899
22220,0.340452,19,301918
22221,0.339692,21,301939
22222,0.354706,21,301960
22223,0.291078,19,301979
22224,0.353174,19,301998
22225,0.536429,38,302036
22226,-0.216282,35,302071
22227,0.496447,27,302098
22228,0.408389,31,302129
22229,0.518766,31,302160
22230,0.260778,14,302174
22231,0.449485,25,302199
22232,0.272343,18,302217
22233,0.310615,18,302235
22234,0.259198,14,302249
22235,0.018926,1,302250
22236,0.399172,24,302274
22237,0.383614,27,302301
22238,0.309866,19,302320
22239,0.214048,13,302333
22240,0.385747,22,302355
22241,0.313488,18,302373
22242,0.297481,27,302400
22243,0.309978,19,302419
22244,0.289747,18,302437
22245,0.279846,15,302452
22246,0.334464,19,302471
22247,0.508839,31,302502
22248,0.261331,19,302521
22249,0.273387,16,302537
22250,0.256257,14,302551
22251,0.2764,16,302567
22252,0.406987,22,302589
22253,0.340543,19,302608
22254,0.262005,14,302622
22255,0.373262,26,302648
22256,0.349404,21,302669
22257,0.274105,15,302684
22258,0.300099,18,302702
22259,0.296891,23,302725
22260,0.349866,20,302745
22261,0.27253,15,302760
22262,0.358526,20,302780
22263,0.017332,1,302781
22264,0.312816,20,302801
22265,0.285381,17,302818
22266,0.310795,21,302839
22267,0.28847,24,302863
22268,0.329891,22,302885
22269,0.334804,18,302903
22270,0.303219,20,302923
22271,0.321682,21,302944
22272,0.258413,16,302960
22273,0.348079,22,302982
22274,0.320267,19,303001
22275,0.306683,18,303019
22276,0.29723,20,303039
22277,0.32018,21,303060
22278,0.335385,18,303078
22279,0.282108,15,303093
22280,0.01672,1,303094
22281,0.299626,17,303111
22282,0.227853,13,303124
22283,0.318942,19,303143
22284,0.44976,25,303168
22285,0.018567,1,303169
22286,0.313104,18,303187
22287,0.311637,17,303204
22288,0.209901,14,303218
22289,0.391324,26,303244
22290,0.334595,20,303264
22291,0.304242,17,303281
22292,0.275542,15,303296
22293,0.625806,35,303331
22294,0.343322,19,303350
22295,0.269951,16,303366
22296,0.309248,17,303383
22297,0.432829,24,303407
22298,0.348967,20,303427
22299,0.302103,19,303446
22300,0.415929,23,303469
22301,0.365516,20,303489
22302,0.514001,29,303518
22303,0.226377,12,303530
22304,0.335116,19,303549
22305,0.321091,18,303567
22306,0.331904,19,303586
22307,0.332145,18,303604
22308,0.315797,17,303621
22309,0.30318,18,303639
22310,0.219369,14,303653
22311,0.418197,25,303678
22312,0.340649,25,303703
22313,0.270494,25,303728
22314,0.559409,32,303760
22315,0.65665,36,303796
22316,0.373867,23,303819
22317,0.336725,19,303838
22318,0.303191,17,303855
22319,0.019744,1,303856
22320,0.276651,16,303872
22321,0.235357,18,303890
22322,0.241205,19,303909
22323,0.372572,20,303929
22324,0.280651,18,303947
22325,0.600111,37,303984
22326,0.349755,21,304005
22327,0.291426,22,304027
22328,0.237194,17,304044
22329,0.346443,20,304064
22330,0.277821,15,304079
22331,0.290229,17,304096
22332,0.347956,21,304117
22333,0.328649,18,304135
22334,0.218798,12,304147
22335,0.371408,22,304169
22336,0.260597,16,304185
22337,0.337431,20,304205
22338,0.317902,18,304223
22339,0.289818,20,304243
22340,0.289259,16,304259
22341,0.018845,1,304260
22342,0.136454,8,304268
22343,0.210822,12,304280
22344,0.274655,18,304298
22345,0.288773,19,304317
22346,0.469184,26,304343
22347,0.35486,20,304363
22348,0.248352,14,304377
22349,0.20825,12,304389
22350,0.266827,17,304406
22351,0.323357,18,304424
22352,0.492754,27,304451
22353,0.388045,21,304472
22354,0.370786,21,304493
22355,0.360557,22,304515
22356,0.387164,21,304536
22357,0.250568,14,304550
22358,0.331952,22,304572
22359,0.297431,16,304588
22360,0.391938,22,304610
22361,0.425516,36,304646
22362,0.318017,18,304664
22363,0.393098,22,304686
22364,0.459187,34,304720
22365,0.350739,22,304742
22366,0.229382,13,304755
22367,0.262102,15,304770
22368,0.220619,12,304782
22369,0.442389,24,304806
22370,0.351098,21,304827
22371,0.303249,17,304844
22372,0.277627,15,304859
22373,0.271157,15,304874
22374,0.346462,20,304894
22375,0.221654,13,304907
22376,0.492117,31,304938
22377,0.3529,24,304962
22378,0.311316,18,304980
22379,0.266093,16,304996
22380,0.276265,15,305011
22381,0.353557,22,305033
22382,0.308397,17,305050
22383,0.473936,26,305076
22384,0.31561,18,305094
22385,0.274663,16,305110
22386,0.387548,21,305131
22387,0.426248,23,305154
22388,0.374857,22,305176
22389,0.371628,20,305196
22390,0.354957,19,305215
22391,0.395287,22,305237
22392,0.482419,28,305265
22393,0.292387,16,305281
22394,0.20141,16,305297
22395,0.326036,18,305315
22396,0.244384,13,305328
22397,0.296683,28,305356
22398,0.206808,11,305367
22399,0.498899,32,305399
22400,0.454156,27,305426
22401,0.375306,21,305447
22402,0.384174,21,305468
22403,0.364367,21,305489
22404,0.445747,25,305514
22405,0.29937,16,305530
22406,0.417872,27,305557
22407,0.294261,25,305582
22408,0.331423,18,305600
22409,0.018491,1,305601
22410,0.413223,26,305627
22411,0.3599,21,305648
22412,0.386329,29,305677
22413,0.356632,25,305702
22414,0.341771,21,305723
22415,0.337136,20,305743
22416,0.501669,34,305777
22417,0.018481,1,305778
22418,0.26462,17,305795
22419,0.318679,17,305812
22420,0.541775,37,305849
22421,0.323228,19,305868
22422,0.351731,21,305889
22423,0.271466,16,305905
22424,0.314927,18,305923
22425,0.323434,19,305942
22426,0.206897,11,305953
22427,0.390212,30,305983
22428,0.274364,18,306001
22429,0.516312,28,306029
22430,0.382271,28,306057
22431,0.243593,13,306070
22432,0.354406,24,306094
22433,0.432154,28,306122
22434,0.314672,19,306141
22435,0.375008,21,306162
22436,0.300817,17,306179
22437,0.388522,23,306202
22438,0.325912,20,306222
22439,0.439407,26,306248
22440,0.323066,18,306266
22441,0.347465,20,306286
22442,0.294142,16,306302
22443,0.304807,18,306320
22444,0.332453,18,306338
22445,0.327666,25,306363
22446,0.329827,19,306382
22447,0.238614,13,306395
22448,0.411257,28,306423
22449,0.380529,25,306448
22450,0.018722,1,306449
22451,0.225145,17,306466
22452,0.313378,18,306484
22453,0.439705,26,306510
22454,0.4536,28,306538
22455,0.338236,24,306562
22456,0.336917,19,306581
22457,0.018004,1,306582
22458,0.248745,18,306600
22459,0.331931,20,306620
22460,0.471002,32,306652
22461,0.301082,16,306668
22462,0.542577,34,306702
22463,0.115028,6,306708
22464,0.437428,27,306735
22465,0.357852,23,306758
22466,0.353085,25,306783
22467,0.295765,18,306801
22468,0.360913,20,306821
22469,0.373537,25,306846
22470,0.446265,29,306875
22471,0.339496,20,306895
22472,0.255237,16,306911
22473,0.374712,25,306936
22474,0.2162,12,306948
22475,0.328978,18,306966
22476,0.288119,18,306984
22477,0.273841,16,307000
22478,0.340667,19,307019
22479,0.66583,41,307060
22480,0.26311,15,307075
22481,0.251746,16,307091
22482,0.27486,18,307109
22483,0.43192,24,307133
22484,0.46854,26,307159
22485,0.335592,18,307177
22486,0.341313,19,307196
22487,0.355634,19,307215
22488,0.245079,17,307232
22489,0.287558,16,307248
22490,0.36479,20,307268
22491,0.284762,17,307285
22492,0.474314,27,307312
22493,0.018952,1,307313
22494,0.271553,15,307328
22495,0.274766,20,307348
22496,0.528958,38,307386
22497,0.309243,18,307404
22498,0.311243,18,307422
22499,0.474367,31,307453
22500,0.605627,34,307487
22501,0.240585,13,307500
22502,0.478198,26,307526
22503,0.403339,22,307548
22504,0.293634,16,307564
22505,0.236753,15,307579
22506,0.219829,13,307592
22507,0.54872,34,307626
22508,0.360398,20,307646
22509,0.283602,17,307663
22510,0.387318,22,307685
22511,0.331055,18,307703
22512,0.018774,1,307704
22513,0.309792,20,307724
22514,0.404762,23,307747
22515,0.309122,20,307767
22516,0.271323,15,307782
22517,0.411579,32,307814
22518,0.256314,18,307832
22519,0.461954,27,307859
22520,0.267522,17,307876
22521,0.017364,1,307877
22522,0.374675,21,307898
22523,0.377493,21,307919
22524,0.421764,23,307942
22525,0.445485,25,307967
22526,0.318026,22,307989
22527,0.321991,20,308009
22528,0.384796,21,308030
22529,0.016229,1,308031
22530,0.32584,18,308049
22531,0.399783,27,308076
22532,0.300265,16,308092
22533,0.335512,18,308110
22534,0.360296,20,308130
22535,0.29233,16,308146
22536,0.357523,20,308166
22537,0.256734,15,308181
22538,0.248784,15,308196
22539,0.22069,13,308209
22540,0.380575,22,308231
22541,0.407015,29,308260
22542,0.405383,24,308284
22543,0.357934,20,308304
22544,0.463018,26,308330
22545,0.383444,22,308352
22546,0.317412,19,308371
22547,0.293235,19,308390
22548,0.238122,13,308403
22549,0.279454,16,308419
22550,0.296077,16,308435
22551,0.320504,23,308458
22552,0.280458,15,308473
22553,0.298008,19,308492
22554,0.461171,38,308530
22555,0.387506,21,308551
22556,0.332201,19,308570
22557,0.383959,21,308591
22558,0.283941,21,308612
22559,0.306865,18,308630
22560,0.389625,21,308651
22561,0.175332,10,308661
22562,0.481583,26,308687
22563,0.298321,17,308704
22564,0.378513,22,308726
22565,0.298781,16,308742
22566,0.325526,19,308761
22567,0.370743,24,308785
22568,0.016076,1,308786
22569,0.302827,22,308808
22570,0.383042,24,308832
22571,0.407676,23,308855
22572,0.315207,18,308873
22573,0.359418,21,308894
22574,0.57275,32,308926
22575,0.347475,19,308945
22576,0.629431,35,308980
22577,0.395421,24,309004
22578,0.36526,22,309026
22579,0.287213,18,309044
22580,0.393133,22,309066
22581,0.315356,17,309083
22582,0.246519,14,309097
22583,0.454424,34,309131
22584,0.283167,16,309147
22585,0.257682,15,309162
22586,0.306139,18,309180
22587,0.322887,18,309198
22588,0.314571,20,309218
22589,0.297218,16,309234
22590,0.312537,22,309256
22591,0.264273,19,309275
22592,0.461287,25,309300
22593,0.447488,25,309325
22594,0.248456,17,309342
22595,0.570678,33,309375
22596,0.257825,23,309398
22597,0.323984,18,309416
22598,0.072902,4,309420
22599,0.401084,32,309452
22600,0.462771,30,309482
22601,0.255051,16,309498
22602,0.343302,25,309523
22603,0.170282,10,309533
22604,0.490409,27,309560
22605,0.272181,18,309578
22606,0.377939,22,309600
22607,0.233192,13,309613
22608,0.226351,13,309626
22609,0.338088,18,309644
22610,0.281606,16,309660
22611,0.299193,20,309680
22612,0.019414,1,309681
22613,0.298478,19,309700
22614,0.317151,17,309717
22615,0.400026,22,309739
22616,0.527913,29,309768
22617,0.298792,19,309787
22618,0.383346,21,309808
22619,0.243874,13,309821
22620,0.337769,23,309844
22621,0.357609,33,309877
22622,0.37749,28,309905
22623,0.36919,21,309926
22624,0.411802,23,309949
22625,0.516588,32,309981
22626,0.349614,20,310001
22627,0.242091,14,310015
22628,0.500469,28,310043
22629,0.354441,21,310064
22630,0.329898,20,310084
22631,0.270754,15,310099
22632,0.292997,16,310115
22633,0.018495,1,310116
22634,0.323361,20,310136
22635,0.355168,20,310156
22636,0.399811,30,310186
22637,0.312243,18,310204
22638,0.54102,35,310239
22639,0.454263,25,310264
22640,0.396882,23,310287
22641,0.372215,22,310309
22642,0.383547,21,310330
22643,0.28495,20,310350
22644,0.500936,28,310378
22645,0.270484,16,310394
22646,0.371576,20,310414
22647,0.385826,23,310437
22648,0.289278,19,310456
22649,0.27575,16,310472
22650,0.319136,20,310492
22651,0.289339,16,310508
22652,0.4187,24,310532
22653,0.109213,6,310538
22654,0.283816,19,310557
22655,0.303628,21,310578
22656,0.444902,24,310602
22657,0.276662,17,310619
22658,0.254516,16,310635
22659,0.240335,13,310648
22660,0.363816,20,310668
22661,0.381212,33,310701
22662,0.380546,24,310725
22663,0.355194,19,310744
22664,0.391705,22,310766
22665,0.347352,19,310785
22666,0.017817,1,310786
22667,0.239549,13,310799
22668,0.320965,20,310819
22669,0.278261,19,310838
22670,0.443071,30,310868
22671,0.388115,21,310889
22672,0.196352,16,310905
22673,0.018965,1,310906
22674,0.436576,24,310930
22675,0.334109,18,310948
22676,0.018762,1,310949
22677,0.246293,14,310963
22678,0.297383,16,310979
22679,0.349471,19,310998
22680,0.299761,17,311015
22681,0.584799,32,311047
22682,0.295193,16,311063
22683,0.269414,15,311078
22684,0.295032,18,311096
22685,0.286513,18,311114
22686,0.326649,20,311134
22687,0.335007,23,311157
22688,0.289664,18,311175
22689,0.019408,1,311176
22690,0.394322,22,311198
22691,0.217415,12,311210
22692,0.331427,18,311228
22693,0.25728,14,311242
22694,0.292129,16,311258
22695,0.377369,21,311279
22696,0.26811,16,311295
22697,0.366802,20,311315
22698,0.157007,9,311324
22699,0.579505,36,311360
22700,0.295929,19,311379
22701,0.495823,39,311418
22702,0.017817,1,311419
22703,0.615667,38,311457
22704,0.343233,21,311478
22705,0.319056,19,311497
22706,0.30935,23,311520
22707,0.244633,23,311543
22708,0.269642,17,311560
22709,0.265541,16,311576
22710,0.441381,28,311604
22711,0.294914,17,311621
22712,0.2447,16,311637
22713,0.280711,16,311653
22714,-0.466706,18,311671
22715,0.383075,22,311693
22716,0.339988,19,311712
22717,0.241931,13,311725
22718,0.273766,19,311744
22719,0.202805,15,311759
22720,0.4923,29,311788
22721,0.018905,1,311789
22722,0.016952,1,311790
22723,0.280807,28,311818
22724,0.406649,24,311842
22725,0.299058,18,311860
22726,0.317772,23,311883
22727,0.30017,20,311903
22728,0.280376,17,311920
22729,0.383584,23,311943
22730,0.410682,26,311969
22731,0.334066,20,311989
22732,0.308599,19,312008
22733,0.299803,16,312024
22734,0.347591,19,312043
22735,0.323559,19,312062
22736,0.018707,1,312063
22737,0.252305,22,312085
22738,0.563612,39,312124
22739,0.344228,22,312146
22740,0.429189,33,312179
22741,0.309979,17,312196
22742,0.447126,32,312228
22743,0.248961,15,312243
22744,0.383549,21,312264
22745,0.289197,17,312281
22746,0.398966,29,312310
22747,0.238123,13,312323
22748,0.319816,21,312344
22749,0.269602,15,312359
22750,0.400601,24,312383
22751,0.388726,21,312404
22752,0.290985,16,312420
22753,0.271843,17,312437
22754,0.290781,17,312454
22755,0.018849,1,312455
22756,0.376934,22,312477
22757,0.281226,17,312494
22758,0.380199,22,312516
22759,0.276463,15,312531
22760,0.280401,15,312546
22761,0.389235,22,312568
22762,0.389025,21,312589
22763,0.650244,39,312628
22764,0.292155,18,312646
22765,0.291218,19,312665
22766,0.332819,20,312685
22767,0.539663,30,312715
22768,0.334478,18,312733
22769,0.322082,20,312753
22770,0.366078,20,312773
22771,0.020064,1,312774
22772,0.326464,26,312800
22773,0.366282,20,312820
22774,0.350214,19,312839
22775,0.017597,1,312840
22776,0.285621,20,312860
22777,0.306168,19,312879
22778,0.340273,21,312900
22779,0.494134,29,312929
22780,0.294542,16,312945
22781,0.277147,22,312967
22782,0.43019,28,312995
22783,0.4183,23,313018
22784,0.259359,14,313032
22785,0.409445,22,313054
22786,0.381422,21,313075
22787,0.338003,19,313094
22788,0.35015,20,313114
22789,0.396988,24,313138
22790,0.282898,20,313158
22791,0.285285,17,313175
22792,0.404623,22,313197
22793,0.311857,17,313214
22794,0.326111,18,313232
22795,0.342111,19,313251
22796,0.573013,37,313288
22797,0.28668,17,313305
22798,0.303749,18,313323
22799,0.299937,16,313339
22800,0.318886,21,313360
22801,0.305682,22,313382
22802,0.347958,23,313405
22803,0.332802,18,313423
22804,0.189401,10,313433
22805,0.452848,25,313458
22806,0.325,18,313476
22807,0.017232,1,313477
22808,0.42419,23,313500
22809,0.146194,8,313508
22810,0.498121,28,313536
22811,0.453356,26,313562
22812,0.33435,20,313582
22813,0.199212,13,313595
22814,0.302913,19,313614
22815,0.476264,28,313642
22816,0.400736,22,313664
22817,0.389224,25,313689
22818,0.273965,15,313704
22819,0.419033,24,313728
22820,0.28575,16,313744
22821,0.343008,19,313763
22822,0.242483,14,313777
22823,0.23984,14,313791
22824,0.442209,29,313820
22825,0.308236,17,313837
22826,0.330449,19,313856
22827,0.323766,19,313875
22828,0.369609,21,313896
22829,0.426499,23,313919
22830,0.323075,24,313943
22831,0.068097,4,313947
22832,0.336935,29,313976
22833,0.248885,15,313991
22834,0.33467,21,314012
22835,0.393479,23,314035
22836,0.271569,15,314050
22837,0.398338,22,314072
22838,0.056802,3,314075
22839,0.017936,1,314076
22840,0.307025,18,314094
22841,0.350623,19,314113
22842,0.24847,15,314128
22843,0.015222,37,314165
22844,0.382273,21,314186
22845,0.284584,19,314205
22846,0.408993,28,314233
22847,0.467636,28,314261
22848,0.339221,19,314280
22849,0.443967,25,314305
22850,0.438621,27,314332
22851,0.354322,20,314352
22852,0.386845,21,314373
22853,0.341824,19,314392
22854,0.277184,20,314412
22855,0.204447,11,314423
22856,0.350242,22,314445
22857,0.331379,18,314463
22858,0.296822,19,314482
22859,0.40481,22,314504
22860,0.423589,24,314528
22861,0.427341,23,314551
22862,0.306651,17,314568
22863,0.302705,18,314586
22864,0.260468,14,314600
22865,0.35862,20,314620
22866,0.311656,23,314643
22867,0.334885,24,314667
22868,0.297822,16,314683
22869,0.306096,20,314703
22870,0.247026,15,314718
22871,0.374042,23,314741
22872,0.297746,16,314757
22873,0.018196,1,314758
22874,0.398007,22,314780
22875,0.29613,17,314797
22876,0.148226,9,314806
22877,0.445606,27,314833
22878,0.247588,19,314852
22879,0.333978,21,314873
22880,0.259664,17,314890
22881,0.443901,26,314916
22882,0.34099,20,314936
22883,0.129928,7,314943
22884,0.478379,29,314972
22885,0.271562,17,314989
22886,0.268627,17,315006
22887,0.325411,18,315024
22888,0.334325,20,315044
22889,0.455439,30,315074
22890,0.337808,19,315093
22891,0.431295,28,315121
22892,0.237331,13,315134
22893,0.353605,20,315154
22894,0.305747,17,315171
22895,0.317736,21,315192
22896,0.516161,38,315230
22897,0.399224,31,315261
22898,0.310487,17,315278
22899,0.389427,32,315310
22900,0.26093,14,315324
22901,0.367472,20,315344
22902,0.320963,19,315363
22903,0.432123,24,315387
22904,0.428525,26,315413
22905,0.354134,24,315437
22906,0.289051,16,315453
22907,0.315037,21,315474
22908,0.275843,15,315489
22909,0.33326,21,315510
22910,0.31545,18,315528
22911,0.357989,23,315551
22912,0.311632,18,315569
22913,0.509388,30,315599
22914,0.390044,21,315620
22915,0.309962,18,315638
22916,0.378789,21,315659
22917,0.262729,14,315673
22918,0.538349,40,315713
22919,0.323554,20,315733
22920,0.535545,33,315766
22921,0.251024,14,315780
22922,0.226978,15,315795
22923,0.017146,1,315796
22924,0.414471,31,315827
22925,0.403481,22,315849
22926,0.33413,19,315868
22927,0.18401,10,315878
22928,0.229357,17,315895
22929,0.301713,19,315914
22930,0.312728,19,315933
22931,0.414787,29,315962
22932,0.404019,23,315985
22933,0.334117,22,316007
22934,0.313931,23,316030
22935,0.289524,17,316047
22936,0.279412,20,316067
22937,0.410657,23,316090
22938,0.368144,21,316111
22939,0.019078,1,316112
22940,0.283442,17,316129
22941,0.37097,20,316149
22942,0.352002,22,316171
22943,0.341092,19,316190
22944,0.018949,1,316191
22945,0.321387,28,316219
22946,0.243061,16,316235
22947,0.385887,22,316257
22948,0.309856,19,316276
22949,0.385043,21,316297
22950,0.572441,33,316330
22951,0.385092,22,316352
22952,0.2779,15,316367
22953,0.365501,21,316388
22954,0.403271,24,316412
22955,0.296858,20,316432
22956,0.282381,16,316448
22957,0.291539,20,316468
22958,0.41821,24,316492
22959,0.263008,14,316506
22960,0.368868,20,316526
22961,0.515726,34,316560
22962,0.313687,17,316577
22963,0.288594,18,316595
22964,0.34521,22,316617
22965,0.368293,20,316637
22966,0.214306,14,316651
22967,0.259,15,316666
22968,0.252274,14,316680
22969,0.309663,25,316705
22970,0.307825,17,316722
22971,0.412671,32,316754
22972,0.418015,24,316778
22973,0.393972,27,316805
22974,0.569531,34,316839
22975,0.258125,14,316853
22976,0.356177,27,316880
22977,0.292286,17,316897
22978,0.400527,22,316919
22979,0.347803,23,316942
22980,0.436084,25,316967
22981,0.34633,25,316992
22982,0.314361,17,317009
22983,0.29032,16,317025
22984,0.771352,43,317068
22985,0.307142,21,317089
22986,0.276642,17,317106
22987,0.386365,21,317127
22988,0.31696,17,317144
22989,0.338507,19,317163
22990,0.463087,35,317198
22991,0.320761,24,317222
22992,0.372567,23,317245
22993,0.330306,20,317265
22994,0.361452,20,317285
22995,0.452529,25,317310
22996,0.228463,15,317325
22997,0.330254,18,317343
22998,0.349948,23,317366
22999,0.262219,16,317382
23000,0.333892,22,317404
23001,0.424442,34,317438
23002,0.322599,30,317468
23003,0.415113,23,317491
23004,0.423558,26,317517
23005,0.358208,23,317540
23006,0.530798,32,317572
23007,0.339648,19,317591
23008,0.367169,20,317611
23009,0.018022,1,317612
23010,0.371775,22,317634
23011,0.335084,19,317653
23012,0.340502,19,317672
23013,0.016856,1,317673
23014,0.359046,20,317693
23015,0.367244,23,317716
23016,0.28489,17,317733
23017,0.288793,17,317750
23018,0.183421,10,317760
23019,0.247507,16,317776
23020,0.370455,20,317796
23021,0.256776,15,317811
23022,0.235667,25,317836
23023,0.426504,30,317866
23024,0.346682,25,317891
23025,0.174988,11,317902
23026,0.319166,24,317926
23027,0.262584,16,317942
23028,0.017958,1,317943
23029,0.300935,17,317960
23030,0.239058,15,317975
23031,0.279508,18,317993
23032,0.163867,9,318002
23033,0.233886,13,318015
23034,0.183956,10,318025
23035,0.417264,23,318048
23036,0.017364,1,318049
23037,0.307264,17,318066
23038,0.293104,17,318083
23039,0.435618,24,318107
23040,0.30484,20,318127
23041,0.403329,23,318150
23042,0.016601,1,318151
23043,0.325883,20,318171
23044,0.382967,21,318192
23045,0.349398,29,318221
23046,0.341466,21,318242
23047,0.358499,31,318273
23048,0.216982,17,318290
23049,0.199681,17,318307
23050,0.526512,31,318338
23051,0.251783,14,318352
23052,0.365984,20,318372
23053,0.242983,19,318391
23054,0.288699,16,318407
23055,0.234432,20,318427
23056,0.366471,20,318447
23057,0.347069,25,318472
23058,0.262171,14,318486
23059,0.231002,16,318502
23060,0.360509,23,318525
23061,0.339043,23,318548
23062,0.245668,14,318562
23063,0.012621,1,318563
23064,0.305886,18,318581
23065,0.303792,21,318602
23066,0.602496,34,318636
23067,0.353862,20,318656
23068,0.282439,18,318674
23069,0.465663,31,318705
23070,0.39408,22,318727
23071,0.317322,17,318744
23072,0.495572,27,318771
23073,0.458491,25,318796
23074,0.283131,15,318811
23075,0.513088,28,318839
23076,0.39312,26,318865
23077,0.372215,24,318889
23078,0.294244,16,318905
23079,0.31119,27,318932
23080,0.279127,17,318949
23081,0.299124,16,318965
23082,0.294969,17,318982
23083,0.015011,1,318983
23084,0.384204,21,319004
23085,0.314881,17,319021
23086,0.397136,27,319048
23087,0.289593,17,319065
23088,0.472108,32,319097
23089,0.394059,22,319119
23090,0.374089,20,319139
23091,0.657471,40,319179
23092,0.296195,17,319196
23093,0.391496,23,319219
23094,0.360331,24,319243
23095,0.225326,17,319260
23096,0.33671,22,319282
23097,0.314947,20,319302
23098,0.417218,23,319325
23099,0.235828,16,319341
23100,0.287502,18,319359
23101,0.340286,19,319378
23102,0.330025,19,319397
23103,0.317338,26,319423
23104,0.56678,35,319458
23105,0.257982,14,319472
23106,0.333373,32,319504
23107,0.366802,20,319524
23108,0.394516,23,319547
23109,0.264847,15,319562
23110,0.362746,20,319582
23111,0.263227,14,319596
23112,0.236669,15,319611
23113,0.439172,25,319636
23114,0.216852,12,319648
23115,0.283643,16,319664
23116,0.223939,14,319678
23117,0.334468,21,319699
23118,0.286582,17,319716
23119,0.367521,20,319736
23120,0.335702,18,319754
23121,0.44461,36,319790
23122,0.275337,15,319805
23123,0.278352,15,319820
23124,0.242354,14,319834
23125,0.414167,24,319858
23126,0.339163,19,319877
23127,0.391951,22,319899
23128,0.438748,24,319923
23129,0.131623,7,319930
23130,0.36321,20,319950
23131,0.348908,20,319970
23132,0.336293,19,319989
23133,0.317808,18,320007
23134,0.360723,20,320027
23135,0.320379,20,320047
23136,0.013841,1,320048
23137,0.295618,16,320064
23138,0.240003,13,320077
23139,0.36208,23,320100
23140,0.288209,16,320116
23141,0.420742,23,320139
23142,0.01563,1,320140
23143,0.423836,29,320169
23144,0.015459,1,320170
23145,0.016374,1,320171
23146,0.214198,14,320185
23147,0.327929,26,320211
23148,0.22745,15,320226
23149,0.29748,20,320246
23150,0.204342,13,320259
23151,0.433052,24,320283
23152,0.226785,12,320295
23153,0.360567,27,320322
23154,0.258979,18,320340
23155,0.017602,1,320341
23156,0.053247,3,320344
23157,0.3083,24,320368
23158,0.357268,23,320391
23159,0.377579,28,320419
23160,0.352977,20,320439
23161,0.313727,17,320456
23162,0.327267,18,320474
23163,0.267371,19,320493
23164,0.336139,22,320515
23165,0.375412,26,320541
23166,0.316607,19,320560
23167,0.379697,21,320581
23168,0.171566,9,320590
23169,0.329426,18,320608
23170,0.438287,24,320632
23171,0.295303,16,320648
23172,0.292665,16,320664
23173,0.360932,23,320687
23174,0.311746,17,320704
23175,0.297944,16,320720
23176,0.296488,18,320738
23177,0.317126,17,320755
23178,0.250068,14,320769
23179,0.392695,24,320793
23180,0.310923,17,320810
23181,0.241962,19,320829
23182,0.286095,17,320846
23183,0.300406,19,320865
23184,0.169474,10,320875
23185,0.216415,15,320890
23186,0.340389,21,320911
23187,0.259976,17,320928
23188,0.168435,13,320941
23189,0.305261,17,320958
23190,0.197669,11,320969
23191,0.386486,23,320992
23192,-0.02074,34,321026
23193,0.150327,8,321034
23194,0.393509,23,321057
23195,0.224226,13,321070
23196,0.364608,20,321090
23197,0.28309,16,321106
23198,0.263536,16,321122
23199,0.69703,42,321164
23200,0.526819,29,321193
23201,0.361792,21,321214
23202,0.233044,14,321228
23203,0.331753,19,321247
23204,0.409802,26,321273
23205,0.214325,12,321285
23206,0.458511,28,321313
23207,0.392065,24,321337
23208,0.176816,12,321349
23209,0.284558,16,321365
23210,0.335669,21,321386
23211,0.354824,19,321405
23212,0.335105,24,321429
23213,0.546606,30,321459
23214,0.303905,22,321481
23215,0.019251,1,321482
23216,0.427011,25,321507
23217,0.260655,26,321533
23218,0.3766,23,321556
23219,0.377122,21,321577
23220,0.289042,17,321594
23221,0.269045,15,321609
23222,0.399951,24,321633
23223,0.325014,19,321652
23224,0.321114,18,321670
23225,0.245809,14,321684
23226,0.209199,14,321698
23227,0.361025,21,321719
23228,0.343951,19,321738
23229,0.240547,16,321754
23230,0.453179,25,321779
23231,0.379829,24,321803
23232,0.349309,22,321825
23233,0.367287,20,321845
23234,0.409252,24,321869
23235,0.295861,16,321885
23236,0.597359,33,321918
23237,0.292015,18,321936
23238,0.281195,17,321953
23239,0.354414,22,321975
23240,0.184635,10,321985
23241,0.317986,20,322005
23242,0.498183,30,322035
23243,0.494661,27,322062
23244,0.504561,30,322092
23245,0.267281,15,322107
23246,0.267626,19,322126
23247,0.364954,20,322146
23248,0.425146,23,322169
23249,0.380843,24,322193
23250,0.182308,10,322203
23251,0.252138,14,322217
23252,0.288066,19,322236
23253,0.286693,21,322257
23254,0.326814,20,322277
23255,0.317307,18,322295
23256,0.647099,37,322332
23257,0.296712,17,322349
23258,0.263877,16,322365
23259,0.313854,21,322386
23260,0.395984,28,322414
23261,0.286387,22,322436
23262,0.500314,30,322466
23263,0.365996,20,322486
23264,0.413282,23,322509
23265,0.394462,24,322533
23266,0.361151,20,322553
23267,0.35078,21,322574
23268,0.311881,18,322592
23269,0.337598,20,322612
23270,0.239054,16,322628
23271,0.387887,23,322651
23272,0.240623,13,322664
23273,0.289732,22,322686
23274,0.352178,19,322705
23275,0.017131,1,322706
23276,0.300641,17,322723
23277,0.3652,20,322743
23278,0.370568,26,322769
23279,0.398706,24,322793
23280,0.520347,29,322822
23281,0.306866,21,322843
23282,0.487569,27,322870
23283,0.388362,21,322891
23284,0.255838,15,322906
23285,0.308739,23,322929
23286,0.415996,26,322955
23287,0.598521,42,322997
23288,0.303874,17,323014
23289,0.34723,19,323033
23290,0.283187,21,323054
23291,0.209885,12,323066
23292,0.380234,21,323087
23293,0.299272,17,323104
23294,0.359453,29,323133
23295,0.282931,15,323148
23296,0.410816,22,323170
23297,0.398829,36,323206
23298,0.254369,16,323222
23299,0.368163,20,323242
23300,0.478434,32,323274
23301,0.339564,21,323295
23302,0.371313,20,323315
23303,0.38689,22,323337
23304,0.299937,16,323353
23305,0.517967,33,323386
23306,0.2902,16,323402
23307,0.635001,36,323438
23308,0.330452,19,323457
23309,0.300435,17,323474
23310,0.266169,16,323490
23311,0.52774,36,323526
23312,0.31758,24,323550
23313,0.095825,5,323555
23314,0.343861,24,323579
23315,0.364166,20,323599
23316,0.367435,20,323619
23317,0.300644,24,323643
23318,0.479753,26,323669
23319,0.220152,12,323681
23320,0.462619,26,323707
23321,0.34676,21,323728
23322,0.440035,30,323758
23323,0.016996,1,323759
23324,0.381648,21,323780
23325,0.57629,33,323813
23326,0.309764,19,323832
23327,0.413671,23,323855
23328,0.299795,16,323871
23329,0.293938,17,323888
23330,0.239192,16,323904
23331,0.33554,18,323922
23332,0.473761,27,323949
23333,0.532532,33,323982
23334,0.309767,17,323999
23335,0.244737,15,324014
23336,0.403168,25,324039
23337,0.386528,23,324062
23338,0.310399,17,324079
23339,0.279098,15,324094
23340,0.531334,30,324124
23341,0.238357,14,324138
23342,0.018961,1,324139
23343,0.470871,26,324165
23344,0.434634,25,324190
23345,0.441432,24,324214
23346,0.326221,20,324234
23347,0.273172,15,324249
23348,0.27343,20,324269
23349,0.379765,21,324290
23350,0.306832,23,324313
23351,0.393283,24,324337
23352,0.503206,28,324365
23353,0.328315,27,324392
23354,0.340565,21,324413
23355,0.473428,32,324445
23356,0.379761,23,324468
23357,0.345026,29,324497
23358,0.385585,22,324519
23359,0.407287,24,324543
23360,0.245687,14,324557
23361,0.270624,16,324573
23362,0.45494,27,324600
23363,0.38553,21,324621
23364,0.307748,19,324640
23365,0.252564,14,324654
23366,0.300197,16,324670
23367,0.263841,21,324691
23368,0.259285,15,324706
23369,0.478633,38,324744
23370,0.609846,42,324786
23371,0.318117,18,324804
23372,0.263433,14,324818
23373,0.4052,22,324840
23374,0.427875,24,324864
23375,0.314657,25,324889
23376,0.318273,20,324909
23377,0.366025,20,324929
23378,0.330709,18,324947
23379,0.340066,19,324966
23380,0.312237,24,324990
23381,0.41518,25,325015
23382,0.395086,34,325049
23383,0.259015,16,325065
23384,0.338752,20,325085
23385,0.326368,23,325108
23386,0.312665,19,325127
23387,0.465866,27,325154
23388,0.405324,22,325176
23389,0.352069,31,325207
23390,0.258833,16,325223
23391,0.384456,22,325245
23392,0.366373,26,325271
23393,0.315978,25,325296
23394,0.279722,20,325316
23395,0.30874,18,325334
23396,0.364811,20,325354
23397,0.369521,31,325385
23398,0.41956,25,325410
23399,0.38785,22,325432
23400,0.046509,25,325457
23401,0.333379,18,325475
23402,0.01853,1,325476
23403,0.391087,22,325498
23404,0.444048,24,325522
23405,0.363051,20,325542
23406,0.416524,30,325572
23407,0.240043,13,325585
23408,0.517711,29,325614
23409,0.488033,30,325644
23410,0.251788,14,325658
23411,0.33598,18,325676
23412,0.206001,11,325687
23413,0.388797,21,325708
23414,0.284342,18,325726
23415,0.31284,17,325743
23416,0.389384,22,325765
23417,0.246459,17,325782
23418,0.224941,12,325794
23419,0.271844,15,325809
23420,0.244099,13,325822
23421,0.244651,14,325836
23422,0.302188,19,325855
23423,0.43458,24,325879
23424,0.257311,19,325898
23425,0.302099,19,325917
23426,0.390016,25,325942
23427,0.523612,35,325977
23428,0.316719,17,325994
23429,0.409871,26,326020
23430,0.348756,22,326042
23431,0.36316,20,326062
23432,0.272399,16,326078
23433,0.35916,21,326099
23434,0.281565,18,326117
23435,0.309095,17,326134
23436,0.886062,49,326183
23437,0.245225,13,326196
23438,0.281835,17,326213
23439,0.348852,21,326234
23440,0.276314,16,326250
23441,0.252684,15,326265
23442,0.278851,15,326280
23443,0.280657,20,326300
23444,0.209,15,326315
23445,0.312833,26,326341
23446,0.321602,20,326361
23447,0.331641,20,326381
23448,0.311393,19,326400
23449,0.365539,21,326421
23450,0.464167,27,326448
23451,0.281276,18,326466
23452,0.192091,11,326477
23453,0.44058,26,326503
23454,0.292127,17,326520
23455,0.015064,1,326521
23456,0.262557,15,326536
23457,0.381965,22,326558
23458,0.346534,22,326580
23459,0.253467,16,326596
23460,0.192392,11,326607
23461,0.252655,14,326621
23462,0.254691,15,326636
23463,0.310608,23,326659
23464,0.263865,21,326680
23465,0.619851,34,326714
23466,0.289731,22,326736
23467,0.016353,1,326737
23468,0.786013,48,326785
23469,0.305889,17,326802
23470,0.328607,18,326820
23471,0.211095,16,326836
23472,0.377287,23,326859
23473,0.29453,16,326875
23474,0.223839,12,326887
23475,0.384529,21,326908
23476,0.422515,25,326933
23477,0.417361,25,326958
23478,0.311274,18,326976
23479,0.566509,31,327007
23480,0.472429,28,327035
23481,0.165352,9,327044
23482,0.424526,23,327067
23483,0.327233,21,327088
23484,0.350252,20,327108
23485,0.309405,18,327126
23486,0.566285,31,327157
23487,0.4526,28,327185
23488,0.618596,34,327219
23489,0.356212,26,327245
23490,0.288851,16,327261
23491,0.294134,16,327277
23492,0.360002,23,327300
23493,0.296744,16,327316
23494,0.366069,20,327336
23495,0.330657,24,327360
23496,0.343346,25,327385
23497,0.335306,19,327404
23498,0.330444,18,327422
23499,0.420605,23,327445
23500,0.35414,24,327469
23501,0.279636,17,327486
23502,0.391052,26,327512
23503,0.292132,16,327528
23504,0.374076,22,327550
23505,0.365921,20,327570
23506,0.364314,20,327590
23507,0.326883,18,327608
23508,0.295912,18,327626
23509,0.274254,15,327641
23510,0.313724,17,327658
23511,0.289332,17,327675
23512,0.186223,10,327685
23513,0.258442,17,327702
23514,0.459371,26,327728
23515,0.441278,26,327754
23516,0.01646,1,327755
23517,0.247645,14,327769
23518,0.436293,24,327793
23519,0.36663,22,327815
23520,0.015141,1,327816
23521,0.389488,21,327837
23522,0.445275,26,327863
23523,0.488203,35,327898
23524,0.356004,20,327918
23525,0.255073,16,327934
23526,0.313085,17,327951
23527,0.339714,22,327973
23528,0.291245,23,327996
23529,0.458097,30,328026
23530,0.487309,29,328055
23531,0.410053,28,328083
23532,0.379911,23,328106
23533,0.544316,30,328136
23534,0.326224,23,328159
23535,0.275776,15,328174
23536,0.401772,23,328197
23537,0.358066,22,328219
23538,0.292731,17,328236
23539,0.208165,13,328249
23540,0.321815,21,328270
23541,0.274238,16,328286
23542,0.536639,31,328317
23543,0.368902,20,328337
23544,0.267646,19,328356
23545,0.267088,17,328373
23546,0.305849,19,328392
23547,0.380335,23,328415
23548,0.349134,23,328438
23549,0.337767,19,328457
23550,0.351401,21,328478
23551,0.400755,22,328500
23552,0.318797,18,328518
23553,0.30226,17,328535
23554,0.383384,30,328565
23555,0.243496,14,328579
23556,0.304636,17,328596
23557,0.309275,18,328614
23558,0.295228,18,328632
23559,0.245187,15,328647
23560,0.342548,20,328667
23561,0.247699,15,328682
23562,0.318,17,328699
23563,0.547757,30,328729
23564,0.369123,24,328753
23565,0.240543,16,328769
23566,0.182917,16,328785
23567,0.296874,19,328804
23568,0.246241,19,328823
23569,0.358006,20,328843
23570,0.339361,20,328863
23571,0.333121,20,328883
23572,0.35339,24,328907
23573,0.365627,20,328927
23574,0.491132,27,328954
23575,0.457616,27,328981
23576,0.304208,17,328998
23577,0.26631,20,329018
23578,0.42924,27,329045
23579,0.480059,29,329074
23580,0.247651,17,329091
23581,0.018946,1,329092
23582,0.420394,24,329116
23583,0.018517,1,329117
23584,0.226345,12,329129
23585,0.455158,26,329155
23586,0.352512,26,329181
23587,0.279549,19,329200
23588,0.287536,16,329216
23589,0.249366,19,329235
23590,0.327769,18,329253
23591,0.319554,18,329271
23592,0.377593,21,329292
23593,0.325171,19,329311
23594,0.296274,16,329327
23595,0.412673,23,329350
23596,0.222648,12,329362
23597,0.303362,19,329381
23598,0.414875,23,329404
23599,0.296767,16,329420
23600,0.492846,29,329449
23601,0.28148,17,329466
23602,0.280695,17,329483
23603,0.018977,1,329484
23604,0.438858,28,329512
23605,0.253525,14,329526
23606,0.015885,1,329527
23607,0.244607,15,329542
23608,0.419381,30,329572
23609,0.455425,34,329606
23610,0.419708,23,329629
23611,0.291593,17,329646
23612,0.390996,21,329667
23613,0.32688,19,329686
23614,0.35862,20,329706
23615,0.251362,14,329720
23616,0.304454,22,329742
23617,0.364718,20,329762
23618,0.364194,24,329786
23619,0.265114,16,329802
23620,0.416322,23,329825
23621,0.326411,19,329844
23622,0.244303,15,329859
23623,0.403214,23,329882
23624,0.305388,19,329901
23625,0.299107,18,329919
23626,0.27718,15,329934
23627,0.187213,10,329944
23628,0.502125,31,329975
23629,0.438372,24,329999
23630,0.301864,18,330017
23631,0.330376,18,330035
23632,0.338799,20,330055
23633,0.37406,22,330077
23634,0.26528,16,330093
23635,0.338814,21,330114
23636,0.367802,28,330142
23637,0.254323,18,330160
23638,0.246921,16,330176
23639,0.295144,17,330193
23640,0.290487,16,330209
23641,0.378416,22,330231
23642,0.263834,19,330250
23643,0.344631,19,330269
23644,0.629497,38,330307
23645,0.321713,21,330328
23646,0.3888,24,330352
23647,0.303929,17,330369
23648,0.330946,18,330387
23649,0.259825,17,330404
23650,0.496366,28,330432
23651,0.239539,14,330446
23652,0.019114,1,330447
23653,0.455779,35,330482
23654,0.541615,30,330512
23655,0.128332,7,330519
23656,0.458362,26,330545
23657,0.21528,16,330561
23658,0.289641,17,330578
23659,0.496348,27,330605
23660,0.272868,19,330624
23661,0.422703,23,330647
23662,0.388796,21,330668
23663,0.385358,21,330689
23664,0.323324,18,330707
23665,0.315761,17,330724
23666,0.518631,48,330772
23667,0.41308,23,330795
23668,0.291141,17,330812
23669,0.349016,24,330836
23670,0.329158,19,330855
23671,0.015546,1,330856
23672,0.273672,16,330872
23673,0.398513,22,330894
23674,0.355594,22,330916
23675,0.222148,12,330928
23676,0.281545,20,330948
23677,0.280252,19,330967
23678,0.536415,36,331003
23679,0.266788,15,331018
23680,0.303873,17,331035
23681,0.508544,29,331064
23682,0.267988,16,331080
23683,0.601294,33,331113
23684,0.259284,18,331131
23685,0.23157,16,331147
23686,0.239083,18,331165
23687,0.273327,16,331181
23688,0.237846,13,331194
23689,0.460788,29,331223
23690,0.254855,14,331237
23691,0.365246,20,331257
23692,0.018373,1,331258
23693,0.413641,24,331282
23694,0.187484,10,331292
23695,0.425137,26,331318
23696,0.505295,31,331349
23697,0.343185,19,331368
23698,0.301315,18,331386
23699,0.584351,34,331420
23700,0.261484,20,331440
23701,0.513185,30,331470
23702,0.288892,16,331486
23703,0.368395,33,331519
23704,0.391502,26,331545
23705,0.265797,16,331561
23706,0.249719,15,331576
23707,0.393965,24,331600
23708,0.329463,19,331619
23709,0.349978,19,331638
23710,0.300881,18,331656
23711,0.362918,23,331679
23712,0.339777,25,331704
23713,0.262191,14,331718
23714,0.31442,19,331737
23715,0.292309,16,331753
23716,0.337209,20,331773
23717,0.594069,34,331807
23718,0.318297,19,331826
23719,0.112867,6,331832
23720,0.019875,1,331833
23721,0.490502,28,331861
23722,0.263423,15,331876
23723,0.282674,16,331892
23724,0.297875,17,331909
23725,0.31639,23,331932
23726,0.248815,14,331946
23727,0.229998,15,331961
23728,0.291549,17,331978
23729,0.281856,21,331999
23730,0.452698,25,332024
23731,0.144752,8,332032
23732,0.398677,22,332054
23733,0.286809,16,332070
23734,0.295327,16,332086
23735,0.323841,18,332104
23736,0.536515,32,332136
23737,0.234813,13,332149
23738,0.272456,15,332164
23739,0.33005,20,332184
23740,0.317215,17,332201
23741,0.263994,15,332216
23742,0.237896,15,332231
23743,0.299361,16,332247
23744,0.239633,15,332262
23745,0.25812,20,332282
23746,0.423139,23,332305
23747,0.359541,22,332327
23748,0.307209,20,332347
23749,0.366127,20,332367
23750,0.231279,15,332382
23751,0.23428,15,332397
23752,0.073918,4,332401
23753,0.298453,16,332417
23754,0.019791,1,332418
23755,0.259237,14,332432
23756,0.392571,36,332468
23757,0.31383,17,332485
23758,0.487272,28,332513
23759,0.299829,16,332529
23760,0.340464,24,332553
23761,0.581298,32,332585
23762,0.335235,19,332604
23763,0.401861,23,332627
23764,0.344032,23,332650
23765,0.329404,18,332668
23766,0.195241,15,332683
23767,0.315149,17,332700
23768,0.38983,29,332729
23769,0.305293,19,332748
23770,0.435263,25,332773
23771,0.440304,26,332799
23772,0.409862,26,332825
23773,0.352829,22,332847
23774,0.329585,18,332865
23775,0.405674,23,332888
23776,0.349795,20,332908
23777,0.360032,31,332939
23778,0.321007,21,332960
23779,0.318973,19,332979
23780,0.24034,14,332993
23781,0.095033,5,332998
23782,0.348416,20,333018
23783,0.354499,19,333037
23784,0.378335,21,333058
23785,0.277404,16,333074
23786,0.316351,17,333091
23787,0.271146,15,333106
23788,0.225192,12,333118
23789,0.164559,9,333127
23790,0.28258,16,333143
23791,0.265576,16,333159
23792,0.369531,20,333179
23793,0.301836,17,333196
23794,0.209888,15,333211
23795,0.322021,20,333231
23796,0.454862,26,333257
23797,0.223369,15,333272
23798,0.261629,14,333286
23799,0.388721,21,333307
23800,0.378079,23,333330
23801,0.451259,25,333355
23802,0.295572,18,333373
23803,0.019639,1,333374
23804,0.279458,15,333389
23805,0.305639,19,333408
23806,0.323901,24,333432
23807,0.221145,13,333445
23808,0.309459,17,333462
23809,0.34853,24,333486
23810,0.360329,23,333509
23811,0.312721,17,333526
23812,0.22295,12,333538
23813,0.315349,18,333556
23814,0.333025,18,333574
23815,0.015263,1,333575
23816,0.404415,24,333599
23817,0.281032,15,333614
23818,0.384445,23,333637
23819,0.298072,17,333654
23820,0.335758,20,333674
23821,0.313887,17,333691
23822,0.356136,19,333710
23823,0.352199,19,333729
23824,0.483001,29,333758
23825,0.445675,32,333790
23826,0.09593,5,333795
23827,0.313081,26,333821
23828,0.323221,21,333842
23829,0.296093,17,333859
23830,0.238228,16,333875
23831,0.380265,27,333902
23832,0.317432,18,333920
23833,0.247847,16,333936
23834,0.399496,34,333970
23835,0.350493,27,333997
23836,0.382783,22,334019
23837,0.487087,27,334046
23838,0.283107,20,334066
23839,0.37288,20,334086
23840,0.347338,20,334106
23841,0.294764,18,334124
23842,0.584935,40,334164
23843,0.346243,27,334191
23844,0.289122,17,334208
23845,0.813245,49,334257
23846,0.407192,22,334279
23847,0.372303,26,334305
23848,0.353468,20,334325
23849,0.404796,22,334347
23850,0.345434,22,334369
23851,0.361084,20,334389
23852,0.223022,19,334408
23853,0.495608,27,334435
23854,0.275385,16,334451
23855,0.369384,22,334473
23856,0.637717,36,334509
23857,0.389273,27,334536
23858,0.017677,1,334537
23859,0.433862,24,334561
23860,0.018058,1,334562
23861,0.472137,26,334588
23862,0.019149,1,334589
23863,0.303713,19,334608
23864,0.353751,19,334627
23865,0.308611,19,334646
23866,0.327449,23,334669
23867,0.339625,20,334689
23868,0.412376,23,334712
23869,0.276938,16,334728
23870,0.261397,14,334742
23871,0.299117,16,334758
23872,0.309554,19,334777
23873,0.309472,23,334800
23874,0.306217,17,334817
23875,0.272787,17,334834
23876,0.381006,21,334855
23877,0.442479,25,334880
23878,0.38466,22,334902
23879,0.22807,15,334917
23880,0.320503,22,334939
23881,0.37269,24,334963
23882,0.280793,15,334978
23883,0.372184,20,334998
23884,0.297898,17,335015
23885,0.473652,36,335051
23886,0.395326,22,335073
23887,0.22558,12,335085
23888,0.363838,20,335105
23889,0.384467,21,335126
23890,0.018048,1,335127
23891,0.324593,31,335158
23892,0.38221,21,335179
23893,0.278425,16,335195
23894,0.370588,20,335215
23895,0.339256,20,335235
23896,0.43,27,335262
23897,0.273335,15,335277
23898,0.37187,21,335298
23899,0.389939,21,335319
23900,0.462174,34,335353
23901,0.364582,20,335373
23902,0.361967,21,335394
23903,0.501238,32,335426
23904,0.41595,23,335449
23905,0.331668,27,335476
23906,0.280208,16,335492
23907,0.382905,31,335523
23908,0.233427,20,335543
23909,0.282145,17,335560
23910,0.278357,19,335579
23911,0.305601,28,335607
23912,0.383597,21,335628
23913,0.346637,19,335647
23914,0.299581,17,335664
23915,0.216662,19,335683
23916,0.638996,35,335718
23917,0.320582,23,335741
23918,0.551248,32,335773
23919,0.397473,23,335796
23920,0.265541,15,335811
23921,0.302977,17,335828
23922,0.625045,54,335882
23923,0.477643,34,335916
23924,0.270562,16,335932
23925,0.404951,26,335958
23926,0.346472,19,335977
23927,0.302009,18,335995
23928,0.257375,22,336017
23929,0.302243,21,336038
23930,0.374143,23,336061
23931,0.311739,17,336078
23932,0.320036,20,336098
23933,0.286808,16,336114
23934,0.292592,17,336131
23935,0.235557,13,336144
23936,0.389499,23,336167
23937,0.588546,32,336199
23938,0.016819,1,336200
23939,0.41787,24,336224
23940,0.300541,16,336240
23941,0.404431,22,336262
23942,0.327382,19,336281
23943,0.391527,22,336303
23944,0.480354,29,336332
23945,0.229147,14,336346
23946,0.316794,19,336365
23947,0.341608,22,336387
23948,0.349282,25,336412
23949,0.241212,15,336427
23950,0.342177,19,336446
23951,0.378251,21,336467
23952,0.276285,15,336482
23953,0.247752,15,336497
23954,0.018414,1,336498
23955,0.018755,1,336499
23956,0.403342,23,336522
23957,0.36212,20,336542
23958,0.423746,23,336565
23959,0.017531,1,336566
23960,0.289957,16,336582
23961,0.319515,21,336603
23962,0.302546,18,336621
23963,0.207205,11,336632
23964,0.446533,31,336663
23965,0.370386,24,336687
23966,0.544994,30,336717
23967,0.527422,30,336747
23968,0.515923,28,336775
23969,0.46574,27,336802
23970,0.328845,18,336820
23971,0.270259,23,336843
23972,0.571713,35,336878
23973,0.245164,16,336894
23974,0.315169,18,336912
23975,0.432159,24,336936
23976,0.365824,21,336957
23977,0.371523,24,336981
23978,0.361806,21,337002
23979,0.360934,21,337023
23980,0.019095,1,337024
23981,0.317436,20,337044
23982,0.399751,25,337069
23983,0.265501,15,337084
23984,0.405042,28,337112
23985,0.314316,19,337131
23986,0.3257,19,337150
23987,0.194144,12,337162
23988,0.013174,1,337163
23989,0.268706,18,337181
23990,0.366078,20,337201
23991,0.284155,16,337217
23992,0.31563,18,337235
23993,0.276438,21,337256
23994,0.464957,26,337282
23995,0.316775,19,337301
23996,0.287594,16,337317
23997,0.382013,22,337339
23998,0.312886,17,337356
23999,0.293709,16,337372
24000,0.106511,6,337378
24001,0.36909,22,337400
24002,0.265297,15,337415
24003,0.385137,22,337437
24004,0.015445,1,337438
24005,0.281852,21,337459
24006,0.289028,17,337476
24007,0.018306,1,337477
24008,0.399589,22,337499
24009,0.316575,18,337517
24010,0.226873,14,337531
24011,0.392268,22,337553
24012,0.30086,16,337569
24013,0.384378,22,337591
24014,0.350991,19,337610
24015,0.482524,29,337639
24016,0.425802,23,337662
24017,0.247356,17,337679
24018,0.356881,20,337699
24019,0.362294,30,337729
24020,0.411295,23,337752
24021,0.248416,16,337768
24022,0.295443,17,337785
24023,0.423143,27,337812
24024,0.242733,13,337825
24025,0.412769,23,337848
24026,0.340955,26,337874
24027,0.245567,14,337888
24028,0.448302,25,337913
24029,0.327727,21,337934
24030,0.29463,16,337950
24031,0.50045,29,337979
24032,0.017811,1,337980
24033,0.357142,20,338000
24034,0.382821,24,338024
24035,0.315212,17,338041
24036,0.290206,22,338063
24037,0.454245,28,338091
24038,0.019268,1,338092
24039,0.261557,14,338106
24040,0.364824,21,338127
24041,0.364171,25,338152
24042,0.401793,30,338182
24043,0.354065,19,338201
24044,0.379928,24,338225
24045,0.3047,20,338245
24046,0.262913,17,338262
24047,0.223608,12,338274
24048,0.437854,25,338299
24049,0.392507,25,338324
24050,0.292914,19,338343
24051,0.382101,22,338365
24052,0.388448,30,338395
24053,0.401478,27,338422
24054,0.224958,14,338436
24055,0.363992,29,338465
24056,0.311158,23,338488
24057,0.271433,15,338503
24058,0.244203,13,338516
24059,0.327976,18,338534
24060,0.300618,18,338552
24061,0.366824,20,338572
24062,0.416613,23,338595
24063,0.016542,1,338596
24064,0.504142,31,338627
24065,0.287687,16,338643
24066,0.394747,22,338665
24067,0.382596,21,338686
24068,0.301422,18,338704
24069,0.335899,18,338722
24070,0.3187,18,338740
24071,0.017221,1,338741
24072,0.420323,23,338764
24073,0.231941,13,338777
24074,0.075007,4,338781
24075,0.389012,21,338802
24076,0.385716,26,338828
24077,0.02055,1,338829
24078,0.289898,16,338845
24079,0.293282,17,338862
24080,0.318729,21,338883
24081,0.387156,23,338906
24082,0.402645,25,338931
24083,0.368003,25,338956
24084,0.383924,21,338977
24085,0.36392,20,338997
24086,0.274968,19,339016
24087,0.648176,36,339052
24088,0.401152,23,339075
24089,0.382011,33,339108
24090,0.272086,21,339129
24091,0.204093,11,339140
24092,0.31951,18,339158
24093,0.329494,19,339177
24094,0.243704,13,339190
24095,0.344797,23,339213
24096,0.446382,26,339239
24097,0.306513,18,339257
24098,0.391533,23,339280
24099,0.385676,21,339301
24100,0.509649,37,339338
24101,0.309532,17,339355
24102,0.016253,1,339356
24103,0.373599,21,339377
24104,0.329286,18,339395
24105,0.325114,18,339413
24106,0.271685,21,339434
24107,0.240366,14,339448
24108,0.333008,19,339467
24109,0.348519,21,339488
24110,0.018386,1,339489
24111,0.427213,25,339514
24112,0.31974,18,339532
24113,0.349833,19,339551
24114,0.394098,23,339574
24115,0.258841,20,339594
24116,0.240934,13,339607
24117,0.293005,21,339628
24118,0.349738,28,339656
24119,0.331917,18,339674
24120,0.334546,19,339693
24121,0.516975,29,339722
24122,0.33648,24,339746
24123,0.32996,18,339764
24124,0.20308,18,339782
24125,0.257627,14,339796
24126,0.50638,32,339828
24127,0.462514,25,339853
24128,0.310337,19,339872
24129,0.252852,18,339890
24130,0.330167,20,339910
24131,0.394349,23,339933
24132,0.270706,17,339950
24133,0.391184,23,339973
24134,0.329744,18,339991
24135,0.272945,18,340009
24136,0.476056,26,340035
24137,0.308716,18,340053
24138,0.305168,30,340083
24139,0.369427,29,340112
24140,0.502014,35,340147
24141,0.314222,17,340164
24142,0.347265,19,340183
24143,0.249573,15,340198
24144,0.589494,32,340230
24145,0.288886,17,340247
24146,0.364701,21,340268
24147,0.333743,28,340296
24148,0.247926,16,340312
24149,0.376176,22,340334
24150,0.3349,22,340356
24151,0.375135,23,340379
24152,0.260929,17,340396
24153,0.348926,19,340415
24154,0.290712,16,340431
24155,0.01798,1,340432
24156,0.356543,20,340452
24157,0.300491,18,340470
24158,0.408963,25,340495
24159,0.324715,22,340517
24160,0.460683,27,340544
24161,0.262989,17,340561
24162,0.290686,17,340578
24163,0.319203,18,340596
24164,0.319733,21,340617
24165,0.502655,29,340646
24166,0.474819,26,340672
24167,0.350525,22,340694
24168,0.298638,26,340720
24169,0.371481,20,340740
24170,0.346698,19,340759
24171,0.406694,25,340784
24172,-0.135323,27,340811
24173,0.219905,12,340823
24174,0.330697,23,340846
24175,0.497715,29,340875
24176,0.018019,1,340876
24177,0.279527,20,340896
24178,0.017341,1,340897
24179,0.338496,19,340916
24180,0.349425,20,340936
24181,0.213943,12,340948
24182,0.012402,1,340949
24183,0.296295,16,340965
24184,0.363344,25,340990
24185,0.414414,24,341014
24186,0.310699,20,341034
24187,0.374977,24,341058
24188,0.30181,24,341082
24189,0.325471,24,341106
24190,0.258995,14,341120
24191,0.294159,16,341136
24192,0.429172,26,341162
24193,0.240894,14,341176
24194,0.406192,29,341205
24195,0.4196,24,341229
24196,0.328886,19,341248
24197,0.341303,19,341267
24198,0.281615,25,341292
24199,0.431318,28,341320
24200,0.32531,21,341341
24201,0.310371,21,341362
24202,0.018586,1,341363
24203,0.724911,40,341403
24204,0.609175,36,341439
24205,0.303984,18,341457
24206,0.637382,39,341496
24207,0.370991,29,341525
24208,0.26972,16,341541
24209,0.375051,28,341569
24210,0.330546,22,341591
24211,0.330538,30,341621
24212,0.276927,16,341637
24213,0.018539,1,341638
24214,0.481094,26,341664
24215,0.152296,8,341672
24216,0.226114,13,341685
24217,0.290435,28,341713
24218,0.39634,28,341741
24219,0.531727,29,341770
24220,0.443833,24,341794
24221,0.259205,15,341809
24222,0.353255,19,341828
24223,0.470404,27,341855
24224,0.257887,14,341869
24225,0.365975,21,341890
24226,0.214002,12,341902
24227,0.219956,15,341917
24228,0.056991,3,341920
24229,0.29442,17,341937
24230,0.373964,22,341959
24231,0.341748,26,341985
24232,0.308767,18,342003
24233,0.426637,23,342026
24234,0.277512,15,342041
24235,0.303998,21,342062
24236,0.240579,13,342075
24237,0.316493,17,342092
24238,0.376657,22,342114
24239,0.4134,27,342141
24240,0.295534,17,342158
24241,0.343371,22,342180
24242,0.35136,19,342199
24243,0.346406,19,342218
24244,0.336084,18,342236
24245,0.017596,1,342237
24246,0.266987,18,342255
24247,0.417184,29,342284
24248,0.397973,22,342306
24249,0.30553,17,342323
24250,0.299354,20,342343
24251,0.266365,16,342359
24252,0.391576,21,342380
24253,0.31689,17,342397
24254,0.350405,20,342417
24255,0.397446,31,342448
24256,0.358466,20,342468
24257,0.240979,13,342481
24258,0.399725,23,342504
24259,0.256031,18,342522
24260,0.333432,22,342544
24261,0.312738,17,342561
24262,0.355568,20,342581
24263,0.329101,19,342600
24264,0.152542,8,342608
24265,0.318961,22,342630
24266,0.359946,24,342654
24267,0.299699,18,342672
24268,0.341869,23,342695
24269,0.25926,15,342710
24270,0.423313,31,342741
24271,0.332302,18,342759
24272,0.571348,32,342791
24273,0.301901,22,342813
24274,0.295808,22,342835
24275,0.311914,17,342852
24276,0.243482,13,342865
24277,0.275551,22,342887
24278,0.354385,25,342912
24279,0.384854,21,342933
24280,0.350316,20,342953
24281,0.63375,51,343004
24282,0.256712,14,343018
24283,0.487852,33,343051
24284,0.500707,30,343081
24285,0.294675,16,343097
24286,0.321925,18,343115
24287,0.232517,18,343133
24288,0.375409,23,343156
24289,0.296815,16,343172
24290,0.338725,22,343194
24291,0.01796,1,343195
24292,0.322815,19,343214
24293,0.316417,20,343234
24294,0.252807,14,343248
24295,0.253987,15,343263
24296,0.328784,18,343281
24297,0.283166,16,343297
24298,0.015745,1,343298
24299,0.313536,18,343316
24300,0.162829,9,343325
24301,0.334044,28,343353
24302,0.395897,25,343378
24303,0.300031,23,343401
24304,0.289689,17,343418
24305,0.392327,28,343446
24306,0.344907,29,343475
24307,0.32291,18,343493
24308,0.27097,16,343509
24309,0.357206,20,343529
24310,0.385966,21,343550
24311,0.388204,21,343571
24312,0.01772,1,343572
24313,0.268206,17,343589
24314,0.018824,1,343590
24315,0.296093,16,343606
24316,0.017068,1,343607
24317,0.276495,15,343622
24318,0.459109,26,343648
24319,0.394369,24,343672
24320,0.33933,20,343692
24321,0.336131,19,343711
24322,0.272569,15,343726
24323,0.398703,23,343749
24324,0.457661,29,343778
24325,0.018425,1,343779
24326,0.465602,34,343813
24327,0.407202,24,343837
24328,0.336413,20,343857
24329,0.358051,21,343878
24330,0.302346,18,343896
24331,0.295229,19,343915
24332,0.548514,30,343945
24333,0.27364,17,343962
24334,0.270688,16,343978
24335,0.395049,24,344002
24336,0.392074,22,344024
24337,0.464901,33,344057
24338,0.339239,19,344076
24339,0.446245,25,344101
24340,0.548991,30,344131
24341,0.348346,21,344152
24342,0.391571,28,344180
24343,0.357607,23,344203
24344,0.370715,20,344223
24345,0.296916,16,344239
24346,0.272274,16,344255
24347,0.332679,18,344273
24348,0.353121,19,344292
24349,0.261666,16,344308
24350,0.439068,36,344344
24351,0.382477,21,344365
24352,0.297748,16,344381
24353,0.291568,16,344397
24354,0.287387,16,344413
24355,0.41815,24,344437
24356,0.287118,31,344468
24357,0.347332,20,344488
24358,0.262643,15,344503
24359,0.300966,17,344520
24360,0.371452,21,344541
24361,0.25298,15,344556
24362,0.342144,20,344576
24363,0.406429,26,344602
24364,0.277393,17,344619
24365,0.446332,29,344648
24366,0.313872,24,344672
24367,0.278812,15,344687
24368,0.273146,17,344704
24369,0.380286,25,344729
24370,0.416274,23,344752
24371,0.264774,15,344767
24372,0.234752,13,344780
24373,0.355096,19,344799
24374,0.309603,17,344816
24375,0.373261,22,344838
24376,0.34264,20,344858
24377,0.270559,15,344873
24378,0.385873,22,344895
24379,0.267881,17,344912
24380,0.344748,20,344932
24381,0.500462,29,344961
24382,0.312315,18,344979
24383,0.223752,14,344993
24384,0.313277,18,345011
24385,0.330946,21,345032
24386,0.343322,20,345052
24387,0.367016,21,345073
24388,0.295967,16,345089
24389,0.304697,26,345115
24390,0.565343,31,345146
24391,0.387363,26,345172
24392,0.392832,23,345195
24393,0.290996,16,345211
24394,0.47456,34,345245
24395,-0.181246,15,345260
24396,0.350756,23,345283
24397,0.399993,24,345307
24398,0.334067,23,345330
24399,0.375749,30,345360
24400,0.357228,20,345380
24401,0.281433,15,345395
24402,0.378756,23,345418
24403,0.016064,1,345419
24404,0.398461,24,345443
24405,0.294087,16,345459
24406,0.309783,25,345484
24407,0.315196,18,345502
24408,0.28526,17,345519
24409,0.305819,17,345536
24410,0.370847,25,345561
24411,0.261818,15,345576
24412,0.315676,18,345594
24413,0.285979,19,345613
24414,0.017858,1,345614
24415,0.383295,21,345635
24416,0.336682,29,345664
24417,0.301031,18,345682
24418,0.568038,37,345719
24419,0.359826,20,345739
24420,0.29379,16,345755
24421,0.262182,15,345770
24422,0.277633,17,345787
24423,0.383653,23,345810
24424,0.28061,18,345828
24425,0.27994,15,345843
24426,0.3371,24,345867
24427,0.330279,19,345886
24428,0.4201,25,345911
24429,0.496913,34,345945
24430,0.3521,20,345965
24431,0.343273,21,345986
24432,0.020207,1,345987
24433,0.267288,16,346003
24434,0.384503,21,346024
24435,0.403325,25,346049
24436,0.394346,22,346071
24437,0.432342,25,346096
24438,0.362779,20,346116
24439,0.355158,19,346135
24440,0.411635,23,346158
24441,0.392408,26,346184
24442,0.307866,17,346201
24443,0.297037,17,346218
24444,0.243577,13,346231
24445,0.315446,21,346252
24446,0.318889,18,346270
24447,0.319185,26,346296
24448,0.392048,22,346318
24449,0.487868,27,346345
24450,0.298272,21,346366
24451,0.290774,16,346382
24452,0.401873,24,346406
24453,0.16891,9,346415
24454,0.649757,37,346452
24455,0.386803,26,346478
24456,0.242965,13,346491
24457,0.397782,23,346514
24458,0.341131,20,346534
24459,0.347734,19,346553
24460,0.31682,19,346572
24461,0.332581,20,346592
24462,0.311721,22,346614
24463,0.394177,22,346636
24464,0.181537,12,346648
24465,0.332056,18,346666
24466,0.276627,16,346682
24467,0.429056,26,346708
24468,0.352946,19,346727
24469,0.385265,22,346749
24470,0.280568,16,346765
24471,0.24183,14,346779
24472,0.401363,28,346807
24473,0.349912,19,346826
24474,0.276086,15,346841
24475,0.413094,35,346876
24476,0.286507,18,346894
24477,0.419691,29,346923
24478,0.332495,19,346942
24479,0.478149,31,346973
24480,0.461294,25,346998
24481,0.344479,22,347020
24482,0.445238,30,347050
24483,0.560191,31,347081
24484,0.396365,22,347103
24485,0.436984,24,347127
24486,0.293957,19,347146
24487,0.327943,20,347166
24488,0.32732,21,347187
24489,0.297311,20,347207
24490,0.250147,14,347221
24491,0.672786,38,347259
24492,0.301794,21,347280
24493,0.342575,22,347302
24494,0.344215,19,347321
24495,0.454888,26,347347
24496,0.332137,18,347365
24497,0.239887,16,347381
24498,0.113374,8,347389
24499,0.413324,28,347417
24500,0.357802,20,347437
24501,0.72385,40,347477
24502,0.334693,21,347498
24503,0.235126,15,347513
24504,0.341247,20,347533
24505,0.493339,36,347569
24506,0.018504,1,347570
24507,0.399266,22,347592
24508,0.019196,1,347593
24509,0.402755,27,347620
24510,0.316097,17,347637
24511,0.396342,22,347659
24512,0.405339,22,347681
24513,0.684909,40,347721
24514,0.3902,21,347742
24515,0.323115,19,347761
24516,0.187488,10,347771
24517,0.24218,13,347784
24518,0.331868,18,347802
24519,0.306463,19,347821
24520,0.376022,22,347843
24521,0.428597,32,347875
24522,0.320077,18,347893
24523,0.443013,24,347917
24524,0.259184,15,347932
24525,0.289295,20,347952
24526,0.432976,25,347977
24527,0.319255,20,347997
24528,0.805765,47,348044
24529,0.31644,18,348062
24530,0.377051,23,348085
24531,0.336764,22,348107
24532,0.452167,25,348132
24533,0.425476,28,348160
24534,0.288587,16,348176
24535,0.468703,29,348205
24536,0.015949,1,348206
24537,0.257301,14,348220
24538,0.304995,18,348238
24539,0.292082,17,348255
24540,0.32223,19,348274
24541,0.419732,27,348301
24542,0.019069,1,348302
24543,0.486472,29,348331
24544,0.548098,30,348361
24545,0.418492,24,348385
24546,0.262159,14,348399
24547,0.30238,20,348419
24548,0.38967,26,348445
24549,0.334673,31,348476
24550,0.364494,22,348498
24551,0.251661,15,348513
24552,0.306945,17,348530
24553,0.278069,17,348547
24554,0.315839,17,348564
24555,0.334907,18,348582
24556,0.33605,20,348602
24557,0.255033,20,348622
24558,0.295701,20,348642
24559,0.309687,18,348660
24560,0.290532,16,348676
24561,0.318956,27,348703
24562,0.39817,23,348726
24563,0.460812,28,348754
24564,0.327925,30,348784
24565,0.328841,18,348802
24566,0.279269,17,348819
24567,0.358894,31,348850
24568,0.318137,17,348867
24569,0.413807,24,348891
24570,0.258738,14,348905
24571,0.394758,24,348929
24572,0.204175,12,348941
24573,0.328555,20,348961
24574,0.419093,33,348994
24575,0.327513,19,349013
24576,0.301456,17,349030
24577,0.416825,24,349054
24578,0.20684,11,349065
24579,0.226288,12,349077
24580,0.31024,18,349095
24581,0.338241,20,349115
24582,0.415719,26,349141
24583,0.282412,15,349156
24584,0.301427,21,349177
24585,0.405125,22,349199
24586,0.257413,14,349213
24587,0.495385,31,349244
24588,0.218486,13,349257
24589,0.348293,23,349280
24590,0.360895,24,349304
24591,0.277228,16,349320
24592,0.259111,16,349336
24593,0.294252,16,349352
24594,0.280056,18,349370
24595,0.344019,20,349390
24596,0.017822,1,349391
24597,0.322992,21,349412
24598,0.36621,20,349432
24599,0.347583,19,349451
24600,0.603396,34,349485
24601,0.395208,26,349511
24602,0.47459,26,349537
24603,0.426827,24,349561
24604,0.246555,14,349575
24605,0.018094,1,349576
24606,0.418726,23,349599
24607,0.288516,17,349616
24608,0.355351,25,349641
24609,0.347219,20,349661
24610,0.346576,23,349684
24611,0.258696,16,349700
24612,0.314512,17,349717
24613,0.345125,19,349736
24614,0.438749,24,349760
24615,0.323357,18,349778
24616,0.3255,19,349797
24617,0.363299,22,349819
24618,0.308894,20,349839
24619,0.015787,1,349840
24620,0.342113,19,349859
24621,0.188587,10,349869
24622,0.665674,37,349906
24623,0.349058,21,349927
24624,0.417205,24,349951
24625,0.251749,17,349968
24626,0.015815,1,349969
24627,0.558454,32,350001
24628,0.31236,17,350018
24629,0.260859,14,350032
24630,0.420986,23,350055
24631,0.393571,22,350077
24632,0.324952,18,350095
24633,0.31302,17,350112
24634,0.496861,31,350143
24635,0.34376,19,350162
24636,0.279,16,350178
24637,0.351618,19,350197
24638,0.369919,20,350217
24639,0.310308,17,350234
24640,0.390234,22,350256
24641,0.330151,18,350274
24642,0.239877,13,350287
24643,0.439327,26,350313
24644,0.310978,17,350330
24645,0.017163,1,350331
24646,0.327078,22,350353
24647,0.322665,21,350374
24648,0.02041,1,350375
24649,0.260164,14,350389
24650,0.397028,22,350411
24651,0.398111,24,350435
24652,0.335683,18,350453
24653,0.201041,11,350464
24654,0.419891,23,350487
24655,0.698045,38,350525
24656,0.351677,24,350549
24657,0.278586,19,350568
24658,0.355094,22,350590
24659,0.257105,18,350608
24660,0.359459,20,350628
24661,0.354734,21,350649
24662,0.443632,27,350676
24663,0.376534,22,350698
24664,0.304175,17,350715
24665,0.261115,14,350729
24666,0.016397,1,350730
24667,0.338975,26,350756
24668,0.017772,1,350757
24669,0.362226,21,350778
24670,0.297182,22,350800
24671,0.365986,21,350821
24672,0.565329,34,350855
24673,0.356296,21,350876
24674,0.267409,20,350896
24675,0.332893,20,350916
24676,0.268218,15,350931
24677,0.277461,15,350946
24678,0.232647,13,350959
24679,0.335701,19,350978
24680,0.550102,31,351009
24681,0.387856,34,351043
24682,0.017363,1,351044
24683,0.352815,21,351065
24684,0.232078,17,351082
24685,0.60545,33,351115
24686,0.319294,28,351143
24687,0.304231,17,351160
24688,0.397217,22,351182
24689,0.295425,19,351201
24690,0.294822,22,351223
24691,0.319391,21,351244
24692,0.261663,16,351260
24693,0.445102,26,351286
24694,0.308921,21,351307
24695,0.352485,19,351326
24696,0.32842,18,351344
24697,0.113397,6,351350
24698,0.309212,18,351368
24699,0.681085,45,351413
24700,0.330299,18,351431
24701,0.392716,25,351456
24702,0.399637,22,351478
24703,0.514213,28,351506
24704,0.375441,22,351528
24705,0.459551,25,351553
24706,0.291318,16,351569
24707,0.409231,23,351592
24708,0.386517,21,351613
24709,0.361311,21,351634
24710,0.430163,25,351659
24711,0.38605,21,351680
24712,0.291445,16,351696
24713,0.320926,26,351722
24714,0.332406,18,351740
24715,0.294078,17,351757
24716,0.29678,16,351773
24717,0.436864,24,351797
24718,0.386876,23,351820
24719,0.458205,25,351845
24720,0.380012,22,351867
24721,0.302481,19,351886
24722,0.306775,18,351904
24723,0.489827,28,351932
24724,0.332923,20,351952
24725,0.497716,29,351981
24726,0.369906,20,352001
24727,0.390081,21,352022
24728,0.264113,15,352037
24729,0.28014,16,352053
24730,0.402771,23,352076
24731,0.376008,21,352097
24732,0.396968,25,352122
24733,0.286876,17,352139
24734,0.308743,17,352156
24735,0.343745,31,352187
24736,0.36703,22,352209
24737,0.371882,20,352229
24738,0.280234,17,352246
24739,0.212158,20,352266
24740,0.019111,1,352267
24741,0.300095,16,352283
24742,0.307354,28,352311
24743,0.306323,21,352332
24744,0.250767,14,352346
24745,0.482565,28,352374
24746,0.294083,16,352390
24747,0.387375,21,352411
24748,0.018335,1,352412
24749,0.422935,23,352435
24750,0.350081,23,352458
24751,0.019135,1,352459
24752,0.337616,19,352478
24753,0.257137,23,352501
24754,0.30663,19,352520
24755,0.257098,14,352534
24756,0.278027,15,352549
24757,0.301519,18,352567
24758,0.282331,17,352584
24759,0.344048,22,352606
24760,0.392068,25,352631
24761,0.392816,21,352652
24762,0.360801,25,352677
24763,0.380852,22,352699
24764,0.369897,20,352719
24765,0.32008,24,352743
24766,0.314637,26,352769
24767,0.211981,12,352781
24768,0.263479,21,352802
24769,0.330197,19,352821
24770,0.27268,15,352836
24771,0.018125,1,352837
24772,0.134779,8,352845
24773,0.294386,16,352861
24774,0.29006,19,352880
24775,0.4043,24,352904
24776,0.354413,20,352924
24777,0.297299,19,352943
24778,0.310769,18,352961
24779,0.338415,24,352985
24780,0.268081,15,353000
24781,0.379994,22,353022
24782,0.274516,16,353038
24783,0.386914,23,353061
24784,0.314106,17,353078
24785,0.43512,26,353104
24786,0.348719,21,353125
24787,0.289696,19,353144
24788,0.277961,16,353160
24789,0.290768,17,353177
24790,0.408105,27,353204
24791,0.390821,26,353230
24792,0.293297,17,353247
24793,0.540008,30,353277
24794,0.013853,1,353278
24795,0.383072,21,353299
24796,0.335062,19,353318
24797,0.34653,21,353339
24798,0.4443,24,353363
24799,0.019042,1,353364
24800,0.016419,1,353365
24801,0.276757,19,353384
24802,0.32414,18,353402
24803,0.26537,17,353419
24804,0.342555,19,353438
24805,0.317469,19,353457
24806,0.329448,23,353480
24807,0.31465,17,353497
24808,0.458601,36,353533
24809,0.33639,21,353554
24810,0.222043,12,353566
24811,0.225991,12,353578
24812,0.434341,24,353602
24813,0.40135,22,353624
24814,0.519829,31,353655
24815,0.33092,18,353673
24816,0.296978,19,353692
24817,0.422275,23,353715
24818,0.345841,20,353735
24819,0.296932,19,353754
24820,0.318553,17,353771
24821,0.347241,23,353794
24822,0.297028,17,353811
24823,0.271688,15,353826
24824,0.064218,4,353830
24825,0.316589,19,353849
24826,0.337645,20,353869
24827,0.244556,15,353884
24828,0.319647,17,353901
24829,0.257959,14,353915
24830,0.284898,18,353933
24831,0.293666,25,353958
24832,0.230927,15,353973
24833,0.459964,25,353998
24834,0.318959,22,354020
24835,0.575778,33,354053
24836,0.328969,19,354072
24837,0.372481,20,354092
24838,0.017584,1,354093
24839,0.367869,20,354113
24840,0.292427,17,354130
24841,0.254404,15,354145
24842,0.327878,19,354164
24843,0.362798,21,354185
24844,0.303304,17,354202
24845,0.284634,20,354222
24846,0.468761,28,354250
24847,0.273177,15,354265
24848,0.202319,11,354276
24849,0.345301,22,354298
24850,0.28738,17,354315
24851,0.363177,21,354336
24852,0.406081,28,354364
24853,0.28134,15,354379
24854,0.312901,19,354398
24855,-0.106321,21,354419
24856,0.293561,16,354435
24857,0.334664,20,354455
24858,0.432196,25,354480
24859,0.302775,22,354502
24860,0.254296,19,354521
24861,0.351059,19,354540
24862,0.368628,20,354560
24863,0.311389,17,354577
24864,0.327169,19,354596
24865,0.332268,18,354614
24866,0.47263,27,354641
24867,0.329888,18,354659
24868,0.312082,17,354676
24869,0.282493,17,354693
24870,0.303627,20,354713
24871,0.464608,26,354739
24872,0.233933,16,354755
24873,0.363677,30,354785
24874,0.389851,27,354812
24875,0.251073,18,354830
24876,0.332823,19,354849
24877,0.368431,23,354872
24878,0.361463,21,354893
24879,0.333147,20,354913
24880,0.016466,1,354914
24881,0.270002,16,354930
24882,0.012922,1,354931
24883,0.418014,23,354954
24884,0.315102,18,354972
24885,0.406072,22,354994
24886,0.32678,18,355012
24887,0.405049,22,355034
24888,0.468438,31,355065
24889,0.423561,24,355089
24890,0.563457,31,355120
24891,0.281772,15,355135
24892,0.494392,34,355169
24893,0.426191,24,355193
24894,0.324806,20,355213
24895,0.472908,34,355247
24896,0.272912,15,355262
24897,0.266784,15,355277
24898,0.221794,15,355292
24899,0.391894,22,355314
24900,0.374697,22,355336
24901,0.444774,25,355361
24902,0.369036,22,355383
24903,0.301447,17,355400
24904,0.384699,23,355423
24905,0.32018,19,355442
24906,0.44349,25,355467
24907,0.405191,26,355493
24908,0.334828,18,355511
24909,0.327281,22,355533
24910,0.371626,20,355553
24911,0.329421,22,355575
24912,0.278311,15,355590
24913,0.481813,27,355617
24914,0.329221,18,355635
24915,0.284041,16,355651
24916,0.358759,27,355678
24917,0.314846,19,355697
24918,0.40632,24,355721
24919,0.508978,31,355752
24920,0.017994,1,355753
24921,0.370676,21,355774
24922,0.506157,30,355804
24923,0.353651,22,355826
24924,0.461344,25,355851
24925,0.242788,13,355864
24926,0.237714,13,355877
24927,0.418361,23,355900
24928,0.343309,20,355920
24929,0.294207,16,355936
24930,0.227219,12,355948
24931,0.363739,20,355968
24932,0.395462,25,355993
24933,0.379627,23,356016
24934,0.45201,28,356044
24935,0.224898,12,356056
24936,0.409525,27,356083
24937,0.431076,36,356119
24938,0.318379,28,356147
24939,0.506125,28,356175
24940,0.328046,18,356193
24941,0.385688,21,356214
24942,0.394902,22,356236
24943,0.327123,20,356256
24944,0.299261,18,356274
24945,0.225326,12,356286
24946,0.328364,23,356309
24947,0.346597,26,356335
24948,0.630956,37,356372
24949,0.330576,18,356390
24950,0.586307,32,356422
24951,0.301064,18,356440
24952,0.421577,25,356465
24953,0.279567,15,356480
24954,0.337398,28,356508
24955,0.352373,21,356529
24956,0.359796,24,356553
24957,0.362361,20,356573
24958,0.29407,16,356589
24959,0.286876,20,356609
24960,0.320661,19,356628
24961,0.244309,13,356641
24962,0.362019,25,356666
24963,0.412923,23,356689
24964,0.473678,27,356716
24965,0.325065,21,356737
24966,0.385854,23,356760
24967,0.404349,22,356782
24968,0.226499,17,356799
24969,0.243899,13,356812
24970,0.30479,17,356829
24971,0.01755,1,356830
24972,0.306782,17,356847
24973,0.019917,1,356848
24974,0.277579,19,356867
24975,0.583789,36,356903
24976,0.392172,22,356925
24977,0.315516,17,356942
24978,0.372913,30,356972
24979,0.283144,16,356988
24980,0.267232,16,357004
24981,0.256117,14,357018
24982,0.318863,19,357037
24983,0.323977,24,357061
24984,0.552409,31,357092
24985,0.513717,29,357121
24986,0.277871,15,357136
24987,0.295119,17,357153
24988,0.465349,26,357179
24989,0.417188,33,357212
24990,0.261638,14,357226
24991,0.273551,15,357241
24992,0.32947,21,357262
24993,0.504378,36,357298
24994,0.31238,17,357315
24995,0.240066,13,357328
24996,0.290025,17,357345
24997,0.354934,20,357365
24998,0.497537,31,357396
24999,0.36297,21,357417
25000,0.325787,18,357435
25001,0.018319,1,357436
25002,0.314098,18,357454
25003,0.450289,25,357479
25004,0.37904,21,357500
25005,0.328194,23,357523
25006,0.340406,21,357544
25007,0.462747,25,357569
25008,0.368962,22,357591
25009,0.38145,22,357613
25010,0.444778,26,357639
25011,0.460749,25,357664
25012,-0.02667,30,357694
25013,0.256737,14,357708
25014,0.373885,22,357730
25015,0.312589,17,357747
25016,0.326113,19,357766
25017,0.269385,27,357793
25018,0.304184,20,357813
25019,0.017666,1,357814
25020,0.228785,13,357827
25021,0.499945,28,357855
25022,0.296911,16,357871
25023,0.365093,27,357898
25024,0.245362,13,357911
25025,0.30444,23,357934
25026,0.337348,19,357953
25027,0.252724,14,357967
25028,0.320855,18,357985
25029,0.281853,16,358001
25030,0.407451,27,358028
25031,0.316427,17,358045
25032,0.248795,14,358059
25033,0.22477,12,358071
25034,0.322534,18,358089
25035,0.379325,23,358112
25036,0.276738,15,358127
25037,0.329266,26,358153
25038,0.415395,23,358176
25039,0.665341,38,358214
25040,0.407137,22,358236
25041,0.248462,14,358250
25042,0.321137,25,358275
25043,0.324668,18,358293
25044,0.317159,17,358310
25045,0.016864,1,358311
25046,0.215995,12,358323
25047,0.45559,25,358348
25048,0.300067,21,358369
25049,0.311225,18,358387
25050,0.382639,21,358408
25051,0.396955,23,358431
25052,0.365141,27,358458
25053,0.348998,21,358479
25054,0.249837,14,358493
25055,0.383207,21,358514
25056,0.375816,21,358535
25057,0.360442,22,358557
25058,0.277296,18,358575
25059,0.264921,15,358590
25060,0.449065,25,358615
25061,0.275237,15,358630
25062,0.353232,19,358649
25063,0.321517,18,358667
25064,0.357543,25,358692
25065,0.312552,27,358719
25066,0.34412,32,358751
25067,0.297506,17,358768
25068,0.44353,24,358792
25069,0.327188,19,358811
25070,0.341536,20,358831
25071,0.462052,28,358859
25072,0.476633,26,358885
25073,0.224559,12,358897
25074,0.259141,16,358913
25075,0.223843,19,358932
25076,0.242473,13,358945
25077,0.346084,29,358974
25078,0.334251,29,359003
25079,0.302649,29,359032
25080,0.305981,19,359051
25081,0.314027,18,359069
25082,0.516885,36,359105
25083,0.257674,16,359121
25084,0.311627,18,359139
25085,0.236516,13,359152
25086,0.338681,19,359171
25087,0.277039,16,359187
25088,0.308809,21,359208
25089,0.434612,28,359236
25090,0.36655,20,359256
25091,0.412441,24,359280
25092,0.252072,18,359298
25093,0.017249,1,359299
25094,0.037164,2,359301
25095,0.339435,23,359324
25096,0.013878,1,359325
25097,0.381638,34,359359
25098,0.441815,24,359383
25099,0.408568,23,359406
25100,0.268426,15,359421
25101,0.252423,16,359437
25102,0.015743,1,359438
25103,0.544792,32,359470
25104,0.367286,20,359490
25105,0.433858,24,359514
25106,0.351182,20,359534
25107,0.350302,20,359554
25108,-0.14371,30,359584
25109,0.293725,22,359606
25110,0.366733,21,359627
25111,0.235054,13,359640
25112,0.50123,28,359668
25113,0.350392,19,359687
25114,0.018568,1,359688
25115,0.270937,15,359703
25116,0.335104,20,359723
25117,0.276132,19,359742
25118,0.323489,18,359760
25119,0.268953,17,359777
25120,0.392135,22,359799
25121,0.334812,19,359818
25122,0.018752,1,359819
25123,0.289719,16,359835
25124,0.426843,23,359858
25125,0.277094,23,359881
25126,0.260175,20,359901
25127,0.016104,1,359902
25128,0.474642,32,359934
25129,0.464262,30,359964
25130,0.019389,1,359965
25131,0.29101,16,359981
25132,0.583864,32,360013
25133,0.344846,20,360033
25134,0.742488,42,360075
25135,0.03708,2,360077
25136,0.64034,41,360118
25137,0.335406,19,360137
25138,0.413812,27,360164
25139,0.223954,12,360176
25140,0.210797,12,360188
25141,0.309236,17,360205
25142,0.474153,28,360233
25143,0.320321,19,360252
25144,0.313476,18,360270
25145,0.346481,19,360289
25146,0.336664,23,360312
25147,0.469251,28,360340
25148,0.368089,20,360360
25149,0.485966,31,360391
25150,0.373525,21,360412
25151,0.073533,4,360416
25152,0.328966,18,360434
25153,0.489469,28,360462
25154,0.282642,16,360478
25155,0.45804,28,360506
25156,0.387099,30,360536
25157,0.438836,28,360564
25158,0.345077,21,360585
25159,0.32727,23,360608
25160,0.309656,17,360625
25161,0.311816,17,360642
25162,0.404475,23,360665
25163,0.351535,19,360684
25164,-0.583128,37,360721
25165,0.517208,28,360749
25166,0.28667,16,360765
25167,0.263198,14,360779
25168,0.459089,25,360804
25169,0.31645,17,360821
25170,0.570925,31,360852
25171,0.34285,31,360883
25172,0.293731,16,360899
25173,0.300762,16,360915
25174,0.329922,18,360933
25175,0.24277,13,360946
25176,0.282744,19,360965
25177,0.478661,26,360991
25178,0.278442,20,361011
25179,0.325869,18,361029
25180,0.151787,8,361037
25181,0.388135,21,361058
25182,0.404359,24,361082
25183,0.296414,17,361099
25184,0.396472,23,361122
25185,0.015747,1,361123
25186,0.319416,24,361147
25187,0.037794,2,361149
25188,0.215227,14,361163
25189,0.270297,17,361180
25190,0.447029,46,361226
25191,0.442679,24,361250
25192,0.343353,29,361279
25193,0.185478,10,361289
25194,0.350059,19,361308
25195,0.322804,19,361327
25196,0.371986,20,361347
25197,0.206072,13,361360
25198,0.451566,25,361385
25199,0.506293,30,361415
25200,0.430138,24,361439
25201,0.363584,20,361459
25202,0.405063,22,361481
25203,0.365267,23,361504
25204,0.27679,16,361520
25205,0.29766,16,361536
25206,0.285609,16,361552
25207,0.259508,15,361567
25208,0.273953,20,361587
25209,0.407692,26,361613
25210,0.415269,26,361639
25211,0.342578,19,361658
25212,0.492952,28,361686
25213,0.391466,21,361707
25214,0.397202,22,361729
25215,0.346204,19,361748
25216,0.241511,14,361762
25217,0.376478,23,361785
25218,0.379851,22,361807
25219,0.492789,28,361835
25220,0.442967,25,361860
25221,0.293198,16,361876
25222,0.330557,19,361895
25223,0.318976,18,361913
25224,0.428547,25,361938
25225,0.348301,23,361961
25226,0.389216,22,361983
25227,0.377448,23,362006
25228,0.26683,15,362021
25229,0.441296,24,362045
25230,0.343751,20,362065
25231,0.409916,23,362088
25232,0.296115,21,362109
25233,0.328627,19,362128
25234,0.621014,34,362162
25235,0.412124,27,362189
25236,0.312467,24,362213
25237,0.431536,24,362237
25238,0.466153,26,362263
25239,0.430206,35,362298
25240,0.41368,25,362323
25241,0.360859,22,362345
25242,0.528183,31,362376
25243,0.391461,24,362400
25244,0.385182,23,362423
25245,0.496958,28,362451
25246,0.317053,17,362468
25247,0.01318,1,362469
25248,0.385407,24,362493
25249,0.298761,16,362509
25250,0.44093,26,362535
25251,0.361555,20,362555
25252,0.149978,9,362564
25253,0.519087,37,362601
25254,0.072667,4,362605
25255,0.50945,28,362633
25256,0.279011,15,362648
25257,0.430781,25,362673
25258,0.350615,19,362692
25259,0.298568,17,362709
25260,0.390415,26,362735
25261,0.388426,21,362756
25262,0.279475,17,362773
25263,0.415956,23,362796
25264,0.015583,1,362797
25265,0.397179,22,362819
25266,0.297019,20,362839
25267,0.314005,24,362863
25268,0.356619,27,362890
25269,0.529748,29,362919
25270,0.014427,1,362920
25271,0.454689,25,362945
25272,0.33301,20,362965
25273,0.415583,23,362988
25274,0.40268,22,363010
25275,0.377778,33,363043
25276,0.204699,11,363054
25277,0.291229,17,363071
25278,0.336884,18,363089
25279,0.01817,1,363090
25280,0.496978,28,363118
25281,0.366714,26,363144
25282,0.374281,21,363165
25283,0.258473,14,363179
25284,0.372035,20,363199
25285,0.39723,22,363221
25286,0.388358,21,363242
25287,0.332341,20,363262
25288,0.145775,8,363270
25289,0.333438,18,363288
25290,0.536003,32,363320
25291,0.384128,21,363341
25292,0.296047,17,363358
25293,0.03868,2,363360
25294,0.232136,13,363373
25295,0.29103,17,363390
25296,0.336009,18,363408
25297,0.309874,17,363425
25298,0.287425,28,363453
25299,0.446626,30,363483
25300,0.340027,23,363506
25301,0.2229,13,363519
25302,0.306885,17,363536
25303,0.373529,22,363558
25304,0.388397,21,363579
25305,0.306936,17,363596
25306,0.387244,28,363624
25307,0.277007,15,363639
25308,0.02042,1,363640
25309,0.018337,1,363641
25310,0.197454,12,363653
25311,0.414611,24,363677
25312,0.528531,29,363706
25313,0.469642,27,363733
25314,0.278594,16,363749
25315,0.017444,1,363750
25316,0.259061,14,363764
25317,0.274691,16,363780
25318,0.184035,10,363790
25319,0.212389,12,363802
25320,0.277645,17,363819
25321,0.160299,9,363828
25322,0.33339,20,363848
25323,0.335629,18,363866
25324,0.405248,24,363890
25325,0.427353,26,363916
25326,0.333019,32,363948
25327,0.478518,27,363975
25328,0.474137,28,364003
25329,0.334054,18,364021
25330,0.363671,24,364045
25331,0.421123,30,364075
25332,0.315856,17,364092
25333,0.22817,13,364105
25334,0.474147,26,364131
25335,0.521461,30,364161
25336,0.351676,20,364181
25337,0.424112,23,364204
25338,0.339253,19,364223
25339,0.349697,19,364242
25340,0.355985,22,364264
25341,0.385821,22,364286
25342,0.302035,20,364306
25343,0.437169,24,364330
25344,0.458297,25,364355
25345,0.424172,26,364381
25346,0.433298,26,364407
25347,0.280749,15,364422
25348,0.275124,20,364442
25349,0.315429,21,364463
25350,0.383667,38,364501
25351,0.381963,25,364526
25352,0.592564,34,364560
25353,0.15057,8,364568
25354,0.31385,18,364586
25355,0.252804,25,364611
25356,0.454215,25,364636
25357,0.347001,21,364657
25358,0.406115,26,364683
25359,0.314508,21,364704
25360,0.207989,11,364715
25361,0.499204,31,364746
25362,0.478199,33,364779
25363,0.220392,13,364792
25364,0.264835,17,364809
25365,0.574147,33,364842
25366,0.353538,21,364863
25367,0.366394,25,364888
25368,0.369594,28,364916
25369,0.075455,4,364920
25370,0.446014,30,364950
25371,0.4075,22,364972
25372,0.781661,43,365015
25373,0.33466,23,365038
25374,0.373509,21,365059
25375,0.322523,20,365079
25376,0.298353,16,365095
25377,0.40467,23,365118
25378,0.296959,17,365135
25379,0.280273,16,365151
25380,0.380934,23,365174
25381,0.273812,19,365193
25382,0.36816,20,365213
25383,0.016749,1,365214
25384,0.291238,16,365230
25385,0.527802,37,365267
25386,0.245089,19,365286
25387,0.472252,26,365312
25388,0.264115,16,365328
25389,0.244013,13,365341
25390,0.422285,32,365373
25391,0.018542,1,365374
25392,0.31987,18,365392
25393,0.769903,44,365436
25394,0.337368,19,365455
25395,0.314311,24,365479
25396,0.318458,19,365498
25397,0.242097,14,365512
25398,0.2684,16,365528
25399,0.268258,15,365543
25400,0.28733,17,365560
25401,0.29635,25,365585
25402,0.328352,18,365603
25403,0.261309,16,365619
25404,0.504113,28,365647
25405,0.315276,27,365674
25406,0.240382,13,365687
25407,0.762206,42,365729
25408,0.375533,23,365752
25409,0.057644,3,365755
25410,0.352397,19,365774
25411,0.290943,17,365791
25412,0.310589,25,365816
25413,0.225597,12,365828
25414,0.364287,20,365848
25415,0.476736,26,365874
25416,0.361871,30,365904
25417,0.294527,16,365920
25418,0.206981,11,365931
25419,0.274604,17,365948
25420,0.384734,21,365969
25421,0.531981,31,366000
25422,0.400073,29,366029
25423,0.620106,35,366064
25424,0.316919,27,366091
25425,0.441726,27,366118
25426,0.335982,18,366136
25427,0.313665,17,366153
25428,0.321415,23,366176
25429,0.274826,24,366200
25430,0.367803,20,366220
25431,0.018119,1,366221
25432,0.325701,21,366242
25433,0.359807,21,366263
25434,0.339598,20,366283
25435,0.357205,20,366303
25436,0.389513,36,366339
25437,0.346373,20,366359
25438,0.298797,19,366378
25439,0.362364,20,366398
25440,0.35808,21,366419
25441,0.304043,17,366436
25442,0.358132,33,366469
25443,0.438063,30,366499
25444,0.47649,26,366525
25445,0.328018,20,366545
25446,0.264134,17,366562
25447,0.359639,21,366583
25448,0.503247,38,366621
25449,0.362073,27,366648
25450,0.281144,16,366664
25451,0.516191,28,366692
25452,0.327566,34,366726
25453,0.391738,21,366747
25454,0.394258,23,366770
25455,0.308042,20,366790
25456,0.037886,2,366792
25457,0.443379,24,366816
25458,0.311229,19,366835
25459,0.28725,17,366852
25460,0.358276,22,366874
25461,0.63024,43,366917
25462,0.423053,27,366944
25463,0.185076,10,366954
25464,0.191533,12,366966
25465,0.315604,22,366988
25466,0.434785,33,367021
25467,0.274675,19,367040
25468,0.423253,27,367067
25469,0.0386,2,367069
25470,0.382245,29,367098
25471,0.243177,13,367111
25472,0.242528,15,367126
25473,0.343282,22,367148
25474,0.420216,24,367172
25475,0.617325,34,367206
25476,0.398041,22,367228
25477,0.327044,18,367246
25478,0.320851,19,367265
25479,0.299655,17,367282
25480,0.412345,25,367307
25481,0.257242,14,367321
25482,0.035823,2,367323
25483,0.368827,21,367344
25484,0.514683,29,367373
25485,0.280227,16,367389
25486,0.307921,19,367408
25487,0.332773,18,367426
25488,-0.011913,23,367449
25489,0.342363,23,367472
25490,0.447551,25,367497
25491,0.338238,20,367517
25492,0.194088,11,367528
25493,0.537538,33,367561
25494,0.542104,30,367591
25495,0.433918,24,367615
25496,0.404302,24,367639
25497,0.269018,15,367654
25498,0.23994,13,367667
25499,0.371486,21,367688
25500,0.403051,22,367710
25501,0.416759,24,367734
25502,0.411685,23,367757
25503,0.942431,54,367811
25504,0.331394,20,367831
25505,0.31107,17,367848
25506,0.383125,22,367870
25507,-1.68191,18,367888
25508,0.396247,24,367912
25509,0.425865,24,367936
25510,0.40634,25,367961
25511,0.368368,21,367982
25512,0.344556,19,368001
25513,-0.107069,19,368020
25514,0.408698,23,368043
25515,0.285652,16,368059
25516,0.347548,20,368079
25517,0.369066,23,368102
25518,0.315965,17,368119
25519,0.30673,17,368136
25520,0.361424,29,368165
25521,0.018392,1,368166
25522,0.412432,25,368191
25523,0.322017,18,368209
25524,0.259479,14,368223
25525,0.274988,16,368239
25526,0.280858,16,368255
25527,0.431267,33,368288
25528,0.296936,19,368307
25529,0.356969,23,368330
25530,0.279744,18,368348
25531,0.389313,26,368374
25532,0.33252,24,368398
25533,0.272259,19,368417
25534,0.264909,15,368432
25535,0.115583,7,368439
25536,0.335136,24,368463
25537,0.568305,37,368500
25538,0.335478,18,368518
25539,0.260423,15,368533
25540,0.363689,21,368554
25541,0.351698,24,368578
25542,0.367607,23,368601
25543,0.310078,22,368623
25544,0.266139,15,368638
25545,0.354445,19,368657
25546,0.42143,24,368681
25547,0.307362,18,368699
25548,0.301439,19,368718
25549,0.345448,27,368745
25550,0.336421,19,368764
25551,0.396988,22,368786
25552,0.545361,32,368818
25553,0.511866,33,368851
25554,0.414272,23,368874
25555,0.515382,28,368902
25556,0.372041,27,368929
25557,0.506235,32,368961
25558,0.336421,18,368979
25559,0.481292,26,369005
25560,0.334677,18,369023
25561,0.315624,17,369040
25562,0.371515,21,369061
25563,0.439596,28,369089
25564,0.244213,13,369102
25565,0.323387,18,369120
25566,0.367902,23,369143
25567,0.386791,30,369173
25568,0.431797,31,369204
25569,0.31298,20,369224
25570,0.319635,19,369243
25571,0.328271,18,369261
25572,0.351496,20,369281
25573,0.459265,25,369306
25574,0.251525,14,369320
25575,0.244734,13,369333
25576,0.245522,13,369346
25577,0.379774,27,369373
25578,0.277048,15,369388
25579,0.370365,21,369409
25580,0.349225,19,369428
25581,0.318548,18,369446
25582,0.328952,20,369466
25583,0.485069,28,369494
25584,0.346601,20,369514
25585,0.350723,20,369534
25586,0.297123,16,369550
25587,0.512666,41,369591
25588,0.318233,19,369610
25589,0.448751,26,369636
25590,0.353455,19,369655
25591,0.151675,8,369663
25592,0.313985,18,369681
25593,0.088245,5,369686
25594,0.250606,14,369700
25595,0.35148,21,369721
25596,0.31731,18,369739
25597,0.406939,24,369763
25598,0.205292,11,369774
25599,0.541868,33,369807
25600,0.397949,24,369831
25601,0.382467,24,369855
25602,0.368227,21,369876
25603,0.392731,24,369900
25604,0.409175,25,369925
25605,0.347797,24,369949
25606,0.362292,20,369969
25607,0.339479,19,369988
25608,0.260631,16,370004
25609,0.368331,20,370024
25610,0.278362,15,370039
25611,0.289195,16,370055
25612,0.485152,30,370085
25613,0.337314,19,370104
25614,0.405381,23,370127
25615,0.559142,35,370162
25616,0.330411,21,370183
25617,0.300168,18,370201
25618,0.289523,17,370218
25619,0.371178,21,370239
25620,0.563188,31,370270
25621,0.488415,33,370303
25622,0.417408,29,370332
25623,0.312065,25,370357
25624,0.386823,22,370379
25625,0.41261,29,370408
25626,0.308086,19,370427
25627,0.459434,27,370454
25628,0.289614,17,370471
25629,0.29907,21,370492
25630,0.420742,24,370516
25631,0.150841,8,370524
25632,0.527736,29,370553
25633,0.131029,7,370560
25634,0.30322,25,370585
25635,0.387992,26,370611
25636,0.241225,13,370624
25637,0.335103,18,370642
25638,0.013836,1,370643
25639,0.224813,12,370655
25640,0.207726,12,370667
25641,0.311235,27,370694
25642,0.274503,15,370709
25643,0.256483,14,370723
25644,0.32008,18,370741
25645,0.376567,24,370765
25646,0.355964,23,370788
25647,0.313081,17,370805
25648,0.359073,27,370832
25649,0.457686,32,370864
25650,0.324901,18,370882
25651,0.207881,11,370893
25652,0.357124,22,370915
25653,0.076636,4,370919
25654,0.405887,29,370948
25655,0.322414,18,370966
25656,0.392032,32,370998
25657,0.395967,25,371023
25658,0.478004,35,371058
25659,0.301386,22,371080
25660,0.257234,14,371094
25661,0.336622,18,371112
25662,0.536929,30,371142
25663,0.413562,23,371165
25664,0.41352,24,371189
25665,0.019257,1,371190
25666,0.294265,16,371206
25667,0.371258,21,371227
25668,0.313635,18,371245
25669,0.33469,19,371264
25670,0.379147,24,371288
25671,0.301728,18,371306
25672,0.014835,1,371307
25673,0.215379,12,371319
25674,0.48609,32,371351
25675,0.430767,27,371378
25676,0.2611,14,371392
25677,0.383331,21,371413
25678,0.353026,26,371439
25679,0.326938,22,371461
25680,0.316373,17,371478
25681,0.353315,19,371497
25682,0.300957,17,371514
25683,0.353551,19,371533
25684,0.251856,14,371547
25685,0.376152,22,371569
25686,0.17051,9,371578
25687,0.340629,20,371598
25688,0.369947,21,371619
25689,0.315092,17,371636
25690,0.281109,16,371652
25691,0.333856,18,371670
25692,0.352291,19,371689
25693,0.310514,17,371706
25694,0.434596,25,371731
25695,0.371474,20,371751
25696,0.428936,24,371775
25697,0.312364,19,371794
25698,0.292968,16,371810
25699,0.378101,21,371831
25700,0.321315,19,371850
25701,0.397232,24,371874
25702,0.31567,17,371891
25703,0.313984,23,371914
25704,0.446151,24,371938
25705,0.486576,28,371966
25706,0.018262,1,371967
25707,0.557997,33,372000
25708,0.387139,38,372038
25709,0.282743,18,372056
25710,0.282069,18,372074
25711,0.276769,15,372089
25712,0.435827,29,372118
25713,0.311497,19,372137
25714,0.384892,23,372160
25715,0.284775,22,372182
25716,0.378963,21,372203
25717,0.280705,18,372221
25718,0.340999,35,372256
25719,0.342396,19,372275
25720,0.305639,17,372292
25721,0.3322,23,372315
25722,0.411757,23,372338
25723,0.458858,26,372364
25724,0.315716,20,372384
25725,0.314232,19,372403
25726,0.702559,38,372441
25727,0.311228,17,372458
25728,0.328691,19,372477
25729,0.297771,16,372493
25730,0.436287,24,372517
25731,0.312748,18,372535
25732,0.375716,22,372557
25733,0.281676,15,372572
25734,0.338621,21,372593
25735,0.324158,21,372614
25736,0.348435,20,372634
25737,0.320599,19,372653
25738,0.315434,17,372670
25739,0.341722,19,372689
25740,0.305401,18,372707
25741,0.385232,21,372728
25742,0.016585,1,372729
25743,0.321268,18,372747
25744,0.460422,26,372773
25745,0.397949,26,372799
25746,0.399118,22,372821
25747,0.402023,31,372852
25748,0.355106,24,372876
25749,0.384798,23,372899
25750,0.304859,17,372916
25751,0.28743,16,372932
25752,0.357953,27,372959
25753,0.532846,30,372989
25754,0.350554,19,373008
25755,0.280551,17,373025
25756,0.335322,18,373043
25757,0.521844,32,373075
25758,0.213168,12,373087
25759,0.350215,20,373107
25760,0.518231,29,373136
25761,0.318877,20,373156
25762,0.39357,22,373178
25763,0.358206,21,373199
25764,0.316868,17,373216
25765,0.49646,40,373256
25766,0.291872,16,373272
25767,0.279844,15,373287
25768,0.321775,18,373305
25769,0.544607,30,373335
25770,0.271986,15,373350
25771,0.260499,14,373364
25772,0.33327,18,373382
25773,0.431219,26,373408
25774,0.30485,17,373425
25775,0.312437,20,373445
25776,0.40017,29,373474
25777,0.301461,18,373492
25778,0.358219,23,373515
25779,0.334774,18,373533
25780,0.39563,23,373556
25781,0.308393,17,373573
25782,0.370815,22,373595
25783,0.307522,17,373612
25784,0.380168,21,373633
25785,0.442376,26,373659
25786,0.39466,30,373689
25787,0.30975,26,373715
25788,0.438398,34,373749
25789,0.089819,5,373754
25790,0.351463,19,373773
25791,0.557554,38,373811
25792,0.355769,21,373832
25793,0.325041,22,373854
25794,0.5464,30,373884
25795,0.386298,23,373907
25796,0.369729,23,373930
25797,0.368455,22,373952
25798,0.537193,30,373982
25799,0.361821,20,374002
25800,0.336016,23,374025
25801,0.299176,16,374041
25802,0.242409,13,374054
25803,0.255505,17,374071
25804,0.331399,27,374098
25805,0.31247,18,374116
25806,0.413611,23,374139
25807,0.381989,25,374164
25808,0.429899,27,374191
25809,0.21106,13,374204
25810,0.346677,20,374224
25811,0.315969,24,374248
25812,0.301121,17,374265
25813,0.398621,22,374287
25814,0.316223,19,374306
25815,0.499355,27,374333
25816,0.375432,23,374356
25817,0.342992,19,374375
25818,0.352,20,374395
25819,0.310019,21,374416
25820,0.322292,18,374434
25821,0.289978,16,374450
25822,0.455685,25,374475
25823,0.389865,21,374496
25824,0.409753,23,374519
25825,0.169912,9,374528
25826,0.428497,24,374552
25827,0.306538,17,374569
25828,0.3554,23,374592
25829,0.253081,18,374610
25830,0.363827,21,374631
25831,0.016021,1,374632
25832,0.444661,26,374658
25833,0.18543,10,374668
25834,0.312932,21,374689
25835,0.517535,36,374725
25836,0.391685,31,374756
25837,0.443834,31,374787
25838,0.147761,8,374795
25839,0.321961,23,374818
25840,0.364801,24,374842
25841,0.371095,20,374862
25842,0.332754,27,374889
25843,0.381116,21,374910
25844,0.310448,17,374927
25845,0.369537,20,374947
25846,0.133603,7,374954
25847,0.314578,17,374971
25848,0.479472,26,374997
25849,0.366253,20,375017
25850,0.018618,1,375018
25851,0.356917,20,375038
25852,0.396779,32,375070
25853,0.014768,1,375071
25854,0.396619,22,375093
25855,0.30017,16,375109
25856,0.417718,23,375132
25857,0.303208,17,375149
25858,0.285481,16,375165
25859,0.275146,18,375183
25860,0.50584,28,375211
25861,0.123501,7,375218
25862,0.622879,34,375252
25863,0.204051,12,375264
25864,0.012517,1,375265
25865,0.349802,31,375296
25866,0.274175,15,375311
25867,0.313438,17,375328
25868,0.254185,14,375342
25869,0.262768,15,375357
25870,0.346401,19,375376
25871,0.380102,31,375407
25872,0.211052,12,375419
25873,0.510535,28,375447
25874,0.458687,29,375476
25875,0.321827,18,375494
25876,0.445353,26,375520
25877,0.366032,36,375556
25878,0.418053,34,375590
25879,0.279089,18,375608
25880,0.478959,27,375635
25881,0.292693,16,375651
25882,0.334039,19,375670
25883,0.017724,1,375671
25884,0.369252,21,375692
25885,0.369498,21,375713
25886,0.283201,21,375734
25887,0.473991,30,375764
25888,0.458465,29,375793
25889,0.316658,20,375813
25890,0.099127,6,375819
25891,0.289193,16,375835
25892,0.367596,21,375856
25893,0.46572,26,375882
25894,0.018389,1,375883
25895,0.331217,20,375903
25896,0.482503,36,375939
25897,0.170009,9,375948
25898,0.307565,17,375965
25899,0.401652,32,375997
25900,0.41712,23,376020
25901,0.364959,25,376045
25902,0.492395,32,376077
25903,0.381132,21,376098
25904,0.378782,23,376121
25905,0.338049,20,376141
25906,0.328136,20,376161
25907,0.347803,19,376180
25908,0.347181,19,376199
25909,0.270049,15,376214
25910,0.46912,26,376240
25911,0.397033,25,376265
25912,0.169208,9,376274
25913,0.270202,15,376289
25914,0.345765,23,376312
25915,0.47062,26,376338
25916,0.415247,29,376367
25917,0.244664,13,376380
25918,0.37144,20,376400
25919,0.343314,22,376422
25920,0.330409,20,376442
25921,0.019087,1,376443
25922,0.28136,16,376459
25923,0.35502,27,376486
25924,0.388404,29,376515
25925,0.014344,1,376516
25926,0.339143,19,376535
25927,0.325643,20,376555
25928,0.346903,21,376576
25929,0.427353,30,376606
25930,0.019406,1,376607
25931,0.266026,15,376622
25932,0.016244,1,376623
25933,0.313383,17,376640
25934,0.012568,1,376641
25935,0.419958,25,376666
25936,0.500282,39,376705
25937,0.300911,17,376722
25938,0.47822,26,376748
25939,0.255257,14,376762
25940,0.238825,15,376777
25941,0.414253,23,376800
25942,0.538422,37,376837
25943,0.454799,32,376869
25944,0.357161,25,376894
25945,0.346369,19,376913
25946,0.279841,16,376929
25947,0.378719,26,376955
25948,0.58224,33,376988
25949,0.250582,14,377002
25950,0.349957,21,377023
25951,0.303594,20,377043
25952,0.222664,12,377055
25953,0.325818,19,377074
25954,0.400264,22,377096
25955,0.386117,23,377119
25956,0.31974,20,377139
25957,0.01849,1,377140
25958,0.298272,17,377157
25959,0.252205,16,377173
25960,0.341437,19,377192
25961,0.603934,38,377230
25962,0.432136,28,377258
25963,0.280974,15,377273
25964,0.018378,1,377274
25965,0.437401,25,377299
25966,0.297328,18,377317
25967,0.576098,36,377353
25968,0.312931,18,377371
25969,0.418957,23,377394
25970,0.347131,19,377413
25971,0.199305,12,377425
25972,0.347648,20,377445
25973,0.458681,25,377470
25974,0.402962,25,377495
25975,0.417026,24,377519
25976,0.49623,27,377546
25977,0.358743,21,377567
25978,0.073177,29,377596
25979,0.342747,19,377615
25980,0.250685,18,377633
25981,0.385984,28,377661
25982,0.336983,19,377680
25983,0.018948,1,377681
25984,0.054952,3,377684
25985,0.127909,7,377691
25986,0.309175,17,377708
25987,0.353711,19,377727
25988,0.388442,21,377748
25989,0.274311,15,377763
25990,0.526534,30,377793
25991,0.3199,30,377823
25992,0.333534,19,377842
25993,0.366892,24,377866
25994,0.251134,14,377880
25995,0.43112,24,377904
25996,0.243653,13,377917
25997,0.349763,20,377937
25998,0.405661,29,377966
25999,0.364457,21,377987
26000,0.078217,32,378019
26001,0.293912,18,378037
26002,0.426002,25,378062
26003,0.344857,20,378082
26004,-2.145313,17,378099
26005,0.434427,26,378125
26006,0.014601,1,378126
26007,0.461665,27,378153
26008,0.355786,21,378174
26009,0.324368,18,378192
26010,0.450331,38,378230
26011,0.365179,27,378257
26012,0.396616,22,378279
26013,0.267815,15,378294
26014,0.403512,30,378324
26015,0.38741,22,378346
26016,0.275705,15,378361
26017,0.338209,24,378385
26018,0.461302,26,378411
26019,0.208342,19,378430
26020,0.31094,17,378447
26021,0.017827,1,378448
26022,0.250357,28,378476
26023,0.365832,20,378496
26024,0.198939,11,378507
26025,0.388076,21,378528
26026,0.361712,21,378549
26027,0.388618,22,378571
26028,0.370335,21,378592
26029,0.320583,21,378613
26030,0.500758,28,378641
26031,0.382652,23,378664
26032,0.419391,28,378692
26033,0.453075,29,378721
26034,0.288594,18,378739
26035,0.575177,33,378772
26036,0.446556,29,378801
26037,0.367285,29,378830
26038,0.465357,26,378856
26039,0.555121,31,378887
26040,0.39672,23,378910
26041,0.346047,20,378930
26042,0.312642,18,378948
26043,0.263705,18,378966
26044,0.227923,13,378979
26045,0.017128,1,378980
26046,0.267597,15,378995
26047,0.262413,14,379009
26048,0.339949,22,379031
26049,0.506333,28,379059
26050,0.349851,19,379078
26051,0.461314,26,379104
26052,0.297614,16,379120
26053,0.268755,15,379135
26054,0.273036,16,379151
26055,0.341707,19,379170
26056,0.469431,27,379197
26057,0.392035,22,379219
26058,0.456041,30,379249
26059,0.291119,21,379270
26060,0.298068,18,379288
26061,0.478497,29,379317
26062,0.320196,26,379343
26063,0.382261,22,379365
26064,0.289347,16,379381
26065,0.352898,19,379400
26066,0.362495,21,379421
26067,0.291988,16,379437
26068,0.249925,19,379456
26069,0.244548,13,379469
26070,0.463539,29,379498
26071,0.349333,24,379522
26072,0.316792,17,379539
26073,0.311663,17,379556
26074,0.408046,23,379579
26075,0.251958,15,379594
26076,0.317227,20,379614
26077,0.23735,13,379627
26078,0.308041,20,379647
26079,0.271731,19,379666
26080,0.487195,27,379693
26081,0.16697,9,379702
26082,0.294794,17,379719
26083,0.382443,32,379751
26084,0.548239,32,379783
26085,0.373647,20,379803
26086,0.361647,32,379835
26087,0.470613,30,379865
26088,0.261812,14,379879
26089,0.018632,1,379880
26090,0.55078,33,379913
26091,0.333438,28,379941
26092,0.252759,15,379956
26093,0.189938,11,379967
26094,0.393679,32,379999
26095,0.556816,31,380030
26096,0.408818,27,380057
26097,0.410812,23,380080
26098,0.280552,15,380095
26099,0.354421,21,380116
26100,0.426748,24,380140
26101,0.343882,21,380161
26102,0.266361,17,380178
26103,0.516751,28,380206
26104,0.324833,18,380224
26105,0.3901,21,380245
26106,0.597611,33,380278
26107,0.017965,1,380279
26108,0.323839,24,380303
26109,0.346277,20,380323
26110,0.157319,10,380333
26111,0.354048,20,380353
26112,0.319833,20,380373
26113,0.363109,21,380394
26114,0.293659,16,380410
26115,0.35157,20,380430
26116,0.339828,19,380449
26117,0.276633,18,380467
26118,0.283585,19,380486
26119,0.017593,1,380487
26120,0.222884,13,380500
26121,0.30703,18,380518
26122,0.271227,15,380533
26123,0.016833,1,380534
26124,0.378073,21,380555
26125,0.374214,20,380575
26126,0.322922,18,380593
26127,0.018124,1,380594
26128,0.419826,27,380621
26129,0.473397,26,380647
26130,0.283333,18,380665
26131,0.336632,19,380684
26132,0.382746,22,380706
26133,0.354928,20,380726
26134,0.493916,31,380757
26135,0.353849,24,380781
26136,0.337555,18,380799
26137,0.018253,1,380800
26138,0.365909,21,380821
26139,0.29518,16,380837
26140,0.320175,20,380857
26141,0.259281,17,380874
26142,0.295318,17,380891
26143,0.299086,16,380907
26144,0.320118,25,380932
26145,0.314491,17,380949
26146,0.407146,23,380972
26147,0.422663,24,380996
26148,0.57504,31,381027
26149,0.365249,20,381047
26150,0.392934,22,381069
26151,0.305592,18,381087
26152,0.339662,19,381106
26153,0.567096,32,381138
26154,0.422352,23,381161
26155,0.24134,13,381174
26156,0.247661,14,381188
26157,0.332111,21,381209
26158,0.32794,20,381229
26159,0.41229,23,381252
26160,0.298019,19,381271
26161,0.150992,8,381279
26162,0.30804,19,381298
26163,0.439792,24,381322
26164,0.262142,15,381337
26165,0.327139,20,381357
26166,0.396561,22,381379
26167,0.454087,34,381413
26168,0.377694,22,381435
26169,0.468366,26,381461
26170,0.31226,20,381481
26171,0.472962,28,381509
26172,0.320251,20,381529
26173,0.302371,17,381546
26174,0.400102,29,381575
26175,0.435047,24,381599
26176,0.232025,15,381614
26177,0.427512,24,381638
26178,0.381137,26,381664
26179,0.319485,19,381683
26180,0.29589,16,381699
26181,0.376008,28,381727
26182,0.361858,20,381747
26183,0.30174,17,381764
26184,0.288758,16,381780
26185,0.336216,18,381798
26186,0.330694,18,381816
26187,0.259646,19,381835
26188,0.36975,27,381862
26189,0.346266,19,381881
26190,0.315504,17,381898
26191,0.309963,18,381916
26192,0.254464,14,381930
26193,0.389605,24,381954
26194,0.354331,20,381974
26195,0.419864,30,382004
26196,0.288562,16,382020
26197,0.330628,19,382039
26198,0.403325,22,382061
26199,0.345559,28,382089
26200,0.433048,25,382114
26201,0.317244,22,382136
26202,0.359294,25,382161
26203,0.227406,13,382174
26204,0.404734,24,382198
26205,0.395119,27,382225
26206,0.299988,17,382242
26207,0.293097,23,382265
26208,0.385235,23,382288
26209,0.356273,20,382308
26210,0.29287,16,382324
26211,0.43061,24,382348
26212,0.323525,18,382366
26213,0.327683,18,382384
26214,0.448269,30,382414
26215,0.321865,18,382432
26216,0.245985,15,382447
26217,0.296261,17,382464
26218,0.480008,27,382491
26219,0.404338,22,382513
26220,0.52208,29,382542
26221,0.460295,28,382570
26222,0.296502,16,382586
26223,0.25071,14,382600
26224,0.012402,1,382601
26225,0.299143,16,382617
26226,0.317359,18,382635
26227,0.318017,19,382654
26228,0.309492,20,382674
26229,0.41744,24,382698
26230,0.365796,22,382720
26231,0.344811,22,382742
26232,0.334777,18,382760
26233,0.017493,1,382761
26234,0.334786,19,382780
26235,0.012469,1,382781
26236,0.390799,23,382804
26237,0.373526,23,382827
26238,0.268709,18,382845
26239,0.019562,1,382846
26240,0.398741,27,382873
26241,0.273172,15,382888
26242,0.413203,41,382929
26243,0.352567,20,382949
26244,0.275254,16,382965
26245,0.47173,37,383002
26246,0.283361,16,383018
26247,0.313551,17,383035
26248,0.289527,17,383052
26249,0.262343,15,383067
26250,0.347516,23,383090
26251,0.413422,25,383115
26252,0.364581,24,383139
26253,0.270526,15,383154
26254,0.287767,16,383170
26255,0.34356,25,383195
26256,0.407913,26,383221
26257,0.309423,18,383239
26258,0.340429,22,383261
26259,0.325381,23,383284
26260,0.344055,23,383307
26261,0.314678,17,383324
26262,0.337179,19,383343
26263,0.36347,26,383369
26264,0.378989,21,383390
26265,0.379296,27,383417
26266,0.299838,18,383435
26267,0.359831,24,383459
26268,0.326992,20,383479
26269,0.35635,21,383500
26270,0.331853,18,383518
26271,0.316177,20,383538
26272,0.318744,19,383557
26273,0.320468,19,383576
26274,0.488363,27,383603
26275,0.292388,19,383622
26276,0.362463,21,383643
26277,0.321852,19,383662
26278,0.247021,14,383676
26279,0.295868,21,383697
26280,0.379527,22,383719
26281,0.320677,18,383737
26282,0.359094,22,383759
26283,0.336241,22,383781
26284,0.311252,19,383800
26285,0.431007,28,383828
26286,0.297219,22,383850
26287,0.437583,26,383876
26288,0.455135,30,383906
26289,0.287765,16,383922
26290,0.277074,15,383937
26291,0.321952,18,383955
26292,0.351851,20,383975
26293,0.470499,37,384012
26294,0.371796,22,384034
26295,0.327397,24,384058
26296,0.38279,30,384088
26297,0.369594,20,384108
26298,0.360702,20,384128
26299,0.275333,15,384143
26300,0.292263,18,384161
26301,0.152576,8,384169
26302,0.151113,8,384177
26303,0.01917,1,384178
26304,0.523651,33,384211
26305,0.302974,18,384229
26306,0.265291,15,384244
26307,0.347564,22,384266
26308,0.614031,34,384300
26309,0.319579,22,384322
26310,0.415992,24,384346
26311,0.400078,22,384368
26312,0.45886,26,384394
26313,0.549652,30,384424
26314,0.315036,17,384441
26315,0.348509,19,384460
26316,0.393807,22,384482
26317,0.488357,33,384515
26318,0.281221,15,384530
26319,0.428803,23,384553
26320,0.493299,27,384580
26321,0.419934,24,384604
26322,0.30732,17,384621
26323,0.326053,18,384639
26324,0.234782,13,384652
26325,0.409928,23,384675
26326,0.360804,21,384696
26327,0.370014,20,384716
26328,0.469822,28,384744
26329,0.406454,23,384767
26330,0.389977,21,384788
26331,0.31438,18,384806
26332,0.460604,27,384833
26333,0.278127,15,384848
26334,0.350936,19,384867
26335,0.016072,1,384868
26336,0.426388,23,384891
26337,0.415766,28,384919
26338,0.333626,18,384937
26339,0.378526,21,384958
26340,0.28928,22,384980
26341,0.383011,31,385011
26342,0.289879,16,385027
26343,0.331846,21,385048
26344,0.364456,23,385071
26345,0.291863,19,385090
26346,0.017778,1,385091
26347,0.017467,1,385092
26348,0.300716,17,385109
26349,0.398938,28,385137
26350,0.395186,24,385161
26351,0.332618,20,385181
26352,0.314844,18,385199
26353,0.33409,20,385219
26354,0.415824,26,385245
26355,0.252634,22,385267
26356,0.018855,1,385268
26357,0.429335,28,385296
26358,0.346982,20,385316
26359,0.403577,22,385338
26360,0.457354,26,385364
26361,0.288565,17,385381
26362,0.305154,17,385398
26363,0.288141,17,385415
26364,0.274126,25,385440
26365,0.017232,1,385441
26366,0.291704,17,385458
26367,0.430903,24,385482
26368,0.379092,23,385505
26369,0.295804,19,385524
26370,0.385456,21,385545
26371,0.310278,18,385563
26372,0.353102,20,385583
26373,0.443713,24,385607
26374,0.265475,18,385625
26375,0.273726,15,385640
26376,0.365276,20,385660
26377,0.276245,15,385675
26378,0.274647,22,385697
26379,0.636894,37,385734
26380,0.385924,23,385757
26381,0.327448,22,385779
26382,0.330439,21,385800
26383,0.017756,1,385801
26384,0.439017,24,385825
26385,0.038226,2,385827
26386,0.243923,15,385842
26387,0.398526,22,385864
26388,0.695904,43,385907
26389,0.343583,19,385926
26390,0.322976,18,385944
26391,0.372117,22,385966
26392,0.485477,33,385999
26393,0.30584,20,386019
26394,0.31153,20,386039
26395,0.327655,18,386057
26396,0.351598,21,386078
26397,0.407892,23,386101
26398,0.38056,22,386123
26399,0.382453,29,386152
26400,0.385935,27,386179
26401,-0.173594,14,386193
26402,0.325453,18,386211
26403,0.317626,20,386231
26404,0.312092,17,386248
26405,0.245386,15,386263
26406,0.525737,31,386294
26407,0.36952,21,386315
26408,0.487955,29,386344
26409,0.395138,23,386367
26410,0.287154,17,386384
26411,0.228873,13,386397
26412,0.323184,22,386419
26413,0.477117,28,386447
26414,0.434275,26,386473
26415,0.277242,17,386490
26416,0.294615,16,386506
26417,0.379844,21,386527
26418,0.319802,18,386545
26419,0.320398,18,386563
26420,0.295255,25,386588
26421,0.380477,21,386609
26422,0.020314,1,386610
26423,0.373317,21,386631
26424,0.298364,19,386650
26425,0.275622,17,386667
26426,0.301673,23,386690
26427,0.238188,13,386703
26428,0.291018,28,386731
26429,0.30247,19,386750
26430,0.340173,19,386769
26431,0.370233,22,386791
26432,0.313925,18,386809
26433,0.327012,19,386828
26434,0.321303,18,386846
26435,0.29712,18,386864
26436,0.450795,29,386893
26437,0.199696,11,386904
26438,0.016646,1,386905
26439,0.277883,20,386925
26440,0.309037,17,386942
26441,0.332739,18,386960
26442,0.018157,1,386961
26443,0.286233,17,386978
26444,0.317118,17,386995
26445,0.381228,21,387016
26446,0.283764,17,387033
26447,0.01877,1,387034
26448,0.382346,25,387059
26449,0.306669,21,387080
26450,0.515797,32,387112
26451,0.333914,19,387131
26452,0.264031,14,387145
26453,0.350895,23,387168
26454,0.018305,1,387169
26455,0.234595,13,387182
26456,0.2874,20,387202
26457,0.306256,17,387219
26458,0.421957,27,387246
26459,0.40168,24,387270
26460,0.331679,19,387289
26461,0.311671,19,387308
26462,0.287226,16,387324
26463,0.418987,35,387359
26464,-0.03889,31,387390
26465,0.436996,24,387414
26466,0.243464,19,387433
26467,0.275329,15,387448
26468,0.261863,14,387462
26469,0.308743,17,387479
26470,0.271745,15,387494
26471,0.303996,18,387512
26472,0.348327,22,387534
26473,0.260983,14,387548
26474,0.168617,9,387557
26475,0.278244,19,387576
26476,0.237394,13,387589
26477,-0.122691,15,387604
26478,0.382709,30,387634
26479,0.308594,19,387653
26480,0.481846,28,387681
26481,0.282766,17,387698
26482,0.348071,19,387717
26483,0.39473,22,387739
26484,0.29679,16,387755
26485,0.296069,16,387771
26486,0.019106,1,387772
26487,0.237378,13,387785
26488,0.404058,23,387808
26489,0.28081,15,387823
26490,0.317181,23,387846
26491,0.202284,11,387857
26492,0.337133,19,387876
26493,0.439665,29,387905
26494,0.365778,24,387929
26495,0.328563,19,387948
26496,0.348896,20,387968
26497,0.48115,26,387994
26498,0.464787,33,388027
26499,0.016817,1,388028
26500,0.750918,41,388069
26501,0.306926,18,388087
26502,0.449537,28,388115
26503,0.387647,21,388136
26504,0.224,13,388149
26505,0.338783,22,388171
26506,0.315218,19,388190
26507,0.36973,20,388210
26508,0.315448,23,388233
26509,0.653036,39,388272
26510,0.320802,21,388293
26511,0.232958,16,388309
26512,0.380085,22,388331
26513,0.293312,20,388351
26514,0.385542,21,388372
26515,0.404971,22,388394
26516,0.338519,19,388413
26517,0.375779,26,388439
26518,0.28585,16,388455
26519,0.407351,22,388477
26520,0.292768,16,388493
26521,0.319713,23,388516
26522,0.295466,19,388535
26523,0.633688,35,388570
26524,0.35168,19,388589
26525,0.415384,24,388613
26526,0.311605,20,388633
26527,0.462275,30,388663
26528,0.363431,24,388687
26529,0.38187,25,388712
26530,0.303819,18,388730
26531,0.347003,21,388751
26532,0.311317,17,388768
26533,0.316751,18,388786
26534,0.295046,16,388802
26535,0.293547,16,388818
26536,0.263676,16,388834
26537,0.348597,24,388858
26538,0.414117,29,388887
26539,0.472042,27,388914
26540,0.341899,27,388941
26541,0.270194,16,388957
26542,0.423131,23,388980
26543,0.366747,25,389005
26544,0.273569,16,389021
26545,0.260652,19,389040
26546,0.512551,28,389068
26547,0.307202,18,389086
26548,0.238791,15,389101
26549,0.4856,27,389128
26550,0.332329,19,389147
26551,0.469793,26,389173
26552,0.279877,17,389190
26553,0.330301,25,389215
26554,0.014014,1,389216
26555,0.459734,25,389241
26556,0.207771,11,389252
26557,0.396661,29,389281
26558,0.018727,1,389282
26559,0.479831,33,389315
26560,0.018474,1,389316
26561,0.287737,19,389335
26562,0.426891,23,389358
26563,0.334957,18,389376
26564,0.269321,18,389394
26565,0.444919,26,389420
26566,0.314521,20,389440
26567,0.290646,23,389463
26568,0.349189,20,389483
26569,0.253822,19,389502
26570,0.288312,16,389518
26571,0.362539,20,389538
26572,0.569236,33,389571
26573,0.467444,26,389597
26574,0.492633,27,389624
26575,0.258383,16,389640
26576,0.543596,30,389670
26577,0.328637,18,389688
26578,0.359841,25,389713
26579,0.309336,18,389731
26580,0.399007,22,389753
26581,0.28208,17,389770
26582,0.427987,31,389801
26583,0.39067,23,389824
26584,0.361242,22,389846
26585,0.334715,18,389864
26586,0.340055,25,389889
26587,0.30055,21,389910
26588,0.361986,20,389930
26589,0.338412,19,389949
26590,0.434242,26,389975
26591,0.327937,21,389996
26592,0.285155,17,390013
26593,0.306391,18,390031
26594,0.244501,13,390044
26595,0.3391,19,390063
26596,0.31781,21,390084
26597,0.469472,29,390113
26598,0.343766,19,390132
26599,0.318911,20,390152
26600,0.420386,23,390175
26601,0.44801,25,390200
26602,0.383681,22,390222
26603,0.254534,16,390238
26604,0.334518,18,390256
26605,0.321096,19,390275
26606,0.417484,26,390301
26607,0.348718,22,390323
26608,0.511185,28,390351
26609,0.330229,22,390373
26610,0.238103,14,390387
26611,0.275935,16,390403
26612,0.27946,16,390419
26613,0.314058,18,390437
26614,0.313364,22,390459
26615,0.305345,17,390476
26616,0.337017,20,390496
26617,0.40465,22,390518
26618,0.464516,27,390545
26619,0.296251,18,390563
26620,0.378629,22,390585
26621,0.309566,21,390606
26622,0.534435,31,390637
26623,0.364189,23,390660
26624,0.012856,1,390661
26625,0.405447,24,390685
26626,0.286716,17,390702
26627,0.258427,15,390717
26628,0.018041,1,390718
26629,0.301262,19,390737
26630,0.292216,17,390754
26631,0.261927,15,390769
26632,0.318902,20,390789
26633,0.364118,20,390809
26634,0.352687,20,390829
26635,0.35436,24,390853
26636,-0.91854,17,390870
26637,0.327546,22,390892
26638,0.317952,21,390913
26639,0.299415,21,390934
26640,0.239108,20,390954
26641,0.398583,22,390976
26642,0.345961,29,391005
26643,0.306331,22,391027
26644,0.409006,23,391050
26645,0.349638,19,391069
26646,0.410869,29,391098
26647,0.319648,28,391126
26648,0.41374,23,391149
26649,0.258701,14,391163
26650,0.297097,18,391181
26651,0.018905,1,391182
26652,0.293248,17,391199
26653,0.29613,17,391216
26654,0.29996,16,391232
26655,0.332444,19,391251
26656,0.424552,23,391274
26657,0.369415,21,391295
26658,0.422175,24,391319
26659,0.452589,27,391346
26660,0.473286,27,391373
26661,0.299835,19,391392
26662,0.390818,22,391414
26663,0.440492,31,391445
26664,0.277101,19,391464
26665,0.441634,26,391490
26666,0.352002,20,391510
26667,0.278498,16,391526
26668,0.420759,26,391552
26669,0.257129,16,391568
26670,0.366184,21,391589
26671,0.345774,23,391612
26672,0.376322,27,391639
26673,0.420497,31,391670
26674,0.343469,26,391696
26675,0.340549,22,391718
26676,0.29544,16,391734
26677,0.513432,30,391764
26678,0.272341,18,391782
26679,0.30088,16,391798
26680,0.336961,18,391816
26681,0.466214,30,391846
26682,0.378133,26,391872
26683,0.354309,23,391895
26684,0.40326,26,391921
26685,0.313934,17,391938
26686,0.335658,20,391958
26687,0.334623,22,391980
26688,0.448146,33,392013
26689,0.311124,19,392032
26690,0.277205,17,392049
26691,0.441051,27,392076
26692,0.259294,14,392090
26693,0.301403,17,392107
26694,0.485945,28,392135
26695,0.335948,18,392153
26696,0.433615,25,392178
26697,0.314771,19,392197
26698,0.276875,17,392214
26699,0.253771,16,392230
26700,0.655742,36,392266
26701,0.330214,25,392291
26702,0.341142,22,392313
26703,0.32934,19,392332
26704,0.338178,20,392352
26705,0.405201,22,392374
26706,0.381153,29,392403
26707,0.260311,18,392421
26708,0.350285,19,392440
26709,0.402793,23,392463
26710,0.410249,24,392487
26711,0.415178,23,392510
26712,0.337102,21,392531
26713,0.261691,23,392554
26714,0.334035,20,392574
26715,0.287587,16,392590
26716,0.304348,19,392609
26717,0.275614,17,392626
26718,0.349846,20,392646
26719,0.276521,19,392665
26720,0.406368,23,392688
26721,0.307493,18,392706
26722,0.475369,29,392735
26723,0.314144,20,392755
26724,0.036007,2,392757
26725,0.576775,42,392799
26726,0.437957,25,392824
26727,0.014606,1,392825
26728,0.350536,20,392845
26729,0.300084,17,392862
26730,0.292246,16,392878
26731,0.449941,30,392908
26732,0.340633,23,392931
26733,0.365991,24,392955
26734,0.257606,15,392970
26735,0.015533,1,392971
26736,0.352542,19,392990
26737,0.361979,20,393010
26738,0.319392,19,393029
26739,0.018216,1,393030
26740,0.28743,20,393050
26741,0.444073,24,393074
26742,0.296955,23,393097
26743,0.3191,18,393115
26744,0.258658,17,393132
26745,0.253221,15,393147
26746,0.344463,20,393167
26747,0.014448,1,393168
26748,0.626279,35,393203
26749,0.311804,17,393220
26750,0.253468,15,393235
26751,0.016661,1,393236
26752,0.362582,21,393257
26753,0.450031,25,393282
26754,0.112006,6,393288
26755,0.267633,16,393304
26756,0.36536,22,393326
26757,0.396824,23,393349
26758,0.345059,19,393368
26759,0.318438,17,393385
26760,0.268557,15,393400
26761,0.406536,24,393424
26762,0.438123,37,393461
26763,0.449091,27,393488
26764,0.517789,28,393516
26765,0.261103,22,393538
26766,0.420972,23,393561
26767,0.490435,33,393594
26768,0.321778,23,393617
26769,0.357233,22,393639
26770,0.590626,32,393671
26771,0.26315,14,393685
26772,0.26935,16,393701
26773,0.723709,41,393742
26774,0.28552,16,393758
26775,0.304314,20,393778
26776,0.288792,20,393798
26777,0.393532,24,393822
26778,0.402548,23,393845
26779,0.303336,27,393872
26780,0.374107,21,393893
26781,0.344467,19,393912
26782,0.35624,21,393933
26783,0.292857,21,393954
26784,0.23082,17,393971
26785,0.323286,19,393990
26786,0.327858,19,394009
26787,0.27294,18,394027
26788,0.378563,21,394048
26789,0.307022,18,394066
26790,0.017245,1,394067
26791,0.41374,24,394091
26792,0.381927,23,394114
26793,0.486081,28,394142
26794,0.360124,20,394162
26795,0.364446,22,394184
26796,0.428193,29,394213
26797,0.439657,31,394244
26798,0.477132,26,394270
26799,0.321796,18,394288
26800,0.343191,20,394308
26801,0.321227,18,394326
26802,0.278685,15,394341
26803,0.333435,24,394365
26804,0.416662,33,394398
26805,0.37065,23,394421
26806,0.334401,19,394440
26807,0.302767,20,394460
26808,0.300394,21,394481
26809,0.322228,19,394500
26810,-0.054407,29,394529
26811,0.331531,18,394547
26812,0.403641,22,394569
26813,0.370948,21,394590
26814,0.302466,17,394607
26815,0.301436,20,394627
26816,0.268732,17,394644
26817,0.018465,1,394645
26818,0.37244,22,394667
26819,0.508261,39,394706
26820,0.324667,21,394727
26821,0.620783,35,394762
26822,0.299671,18,394780
26823,0.310988,18,394798
26824,0.301354,19,394817
26825,0.017838,1,394818
26826,0.29098,20,394838
26827,0.019377,1,394839
26828,0.504655,40,394879
26829,0.568004,31,394910
26830,0.354446,21,394931
26831,0.429969,25,394956
26832,0.289768,19,394975
26833,0.307538,18,394993
26834,0.350863,22,395015
26835,0.32192,19,395034
26836,0.413771,23,395057
26837,0.296158,25,395082
26838,0.299007,20,395102
26839,0.419932,23,395125
26840,0.36765,20,395145
26841,0.391634,22,395167
26842,0.38339,21,395188
26843,0.473719,28,395216
26844,0.385475,21,395237
26845,0.405422,22,395259
26846,0.357748,21,395280
26847,0.543115,33,395313
26848,0.343846,20,395333
26849,0.315388,17,395350
26850,0.416971,25,395375
26851,0.428718,24,395399
26852,0.370882,23,395422
26853,0.269508,17,395439
26854,0.293823,16,395455
26855,0.377974,21,395476
26856,0.250436,16,395492
26857,0.418966,27,395519
26858,0.01801,1,395520
26859,0.33318,26,395546
26860,0.294802,16,395562
26861,0.016209,1,395563
26862,0.643682,36,395599
26863,0.265902,22,395621
26864,0.496528,28,395649
26865,0.273803,15,395664
26866,0.234781,17,395681
26867,0.332075,18,395699
26868,0.337272,20,395719
26869,0.019611,1,395720
26870,0.284642,19,395739
26871,0.451039,35,395774
26872,0.369698,20,395794
26873,0.44429,24,395818
26874,0.304784,20,395838
26875,0.35499,20,395858
26876,0.411071,26,395884
26877,0.355443,21,395905
26878,0.336669,19,395924
26879,0.421484,29,395953
26880,0.243868,15,395968
26881,0.372793,23,395991
26882,0.423069,29,396020
26883,0.385863,40,396060
26884,0.383892,23,396083
26885,0.34129,25,396108
26886,0.383947,23,396131
26887,0.349831,25,396156
26888,0.425422,24,396180
26889,0.347878,19,396199
26890,0.271667,20,396219
26891,0.458297,25,396244
26892,0.40815,27,396271
26893,0.390558,22,396293
26894,0.319261,17,396310
26895,0.301606,17,396327
26896,0.399112,22,396349
26897,0.339833,20,396369
26898,0.21681,15,396384
26899,0.260171,14,396398
26900,0.296065,16,396414
26901,0.52419,31,396445
26902,0.341351,25,396470
26903,0.45215,32,396502
26904,0.438135,27,396529
26905,0.038395,2,396531
26906,0.404201,25,396556
26907,0.344706,19,396575
26908,0.337838,24,396599
26909,0.330747,25,396624
26910,0.384947,22,396646
26911,0.368286,24,396670
26912,0.463876,26,396696
26913,0.415846,25,396721
26914,0.32975,21,396742
26915,0.281769,17,396759
26916,0.336918,21,396780
26917,0.383537,25,396805
26918,0.300987,18,396823
26919,0.405155,23,396846
26920,0.228939,17,396863
26921,0.268753,15,396878
26922,0.263576,14,396892
26923,0.270799,21,396913
26924,0.440248,26,396939
26925,0.500466,28,396967
26926,0.337283,19,396986
26927,0.313851,20,397006
26928,0.3067,20,397026
26929,0.324755,18,397044
26930,0.297658,16,397060
26931,0.368083,21,397081
26932,0.4204,23,397104
26933,0.283889,16,397120
26934,0.017125,1,397121
26935,0.346789,25,397146
26936,0.290958,19,397165
26937,0.429081,26,397191
26938,0.017471,1,397192
26939,0.315366,18,397210
26940,0.500063,27,397237
26941,0.295468,18,397255
26942,0.337801,19,397274
26943,0.336519,18,397292
26944,0.468498,26,397318
26945,0.295083,24,397342
26946,0.270576,17,397359
26947,0.323156,18,397377
26948,0.307907,19,397396
26949,0.37864,24,397420
26950,0.397483,24,397444
26951,0.27943,16,397460
26952,0.414408,23,397483
26953,0.462334,25,397508
26954,0.351986,19,397527
26955,0.292529,18,397545
26956,0.310552,19,397564
26957,0.440091,29,397593
26958,0.36925,20,397613
26959,0.494124,27,397640
26960,0.304145,18,397658
26961,0.300309,20,397678
26962,0.398726,23,397701
26963,0.321997,19,397720
26964,0.013737,31,397751
26965,0.299704,17,397768
26966,0.337072,20,397788
26967,0.3321,24,397812
26968,0.373972,21,397833
26969,0.360414,20,397853
26970,0.351995,19,397872
26971,0.335166,23,397895
26972,0.550519,38,397933
26973,0.343627,21,397954
26974,0.328988,19,397973
26975,0.350843,20,397993
26976,0.464804,27,398020
26977,0.280913,16,398036
26978,0.01409,1,398037
26979,0.266335,18,398055
26980,0.577634,32,398087
26981,0.295143,20,398107
26982,0.283295,19,398126
26983,0.312301,21,398147
26984,0.018055,1,398148
26985,0.310394,18,398166
26986,0.645642,35,398201
26987,0.348167,20,398221
26988,0.337749,19,398240
26989,0.348587,23,398263
26990,0.257663,16,398279
26991,0.48565,29,398308
26992,0.567863,31,398339
26993,0.300302,18,398357
26994,0.434506,24,398381
26995,0.31996,20,398401
26996,0.298072,16,398417
26997,0.277193,17,398434
26998,0.195379,11,398445
26999,0.289704,16,398461
27000,0.481357,31,398492
27001,0.435332,26,398518
27002,0.390649,22,398540
27003,0.335866,20,398560
27004,0.265162,19,398579
27005,0.374598,22,398601
27006,0.494935,27,398628
27007,0.386258,21,398649
27008,0.319689,19,398668
27009,0.492248,28,398696
27010,0.196167,11,398707
27011,0.345965,27,398734
27012,0.431146,24,398758
27013,0.351395,20,398778
27014,0.447129,25,398803
27015,0.314356,19,398822
27016,0.281651,15,398837
27017,0.2995,20,398857
27018,0.351474,21,398878
27019,0.311921,22,398900
27020,0.385258,27,398927
27021,0.424785,25,398952
27022,0.335463,24,398976
27023,0.399916,22,398998
27024,0.349287,19,399017
27025,0.32112,18,399035
27026,0.258633,22,399057
27027,0.370338,20,399077
27028,0.430231,38,399115
27029,0.384402,21,399136
27030,0.019525,1,399137
27031,0.311678,23,399160
27032,0.292659,18,399178
27033,0.391571,24,399202
27034,0.338049,22,399224
27035,0.312435,20,399244
27036,0.256267,14,399258
27037,0.303705,18,399276
27038,0.288724,17,399293
27039,0.204865,11,399304
27040,0.495637,28,399332
27041,0.294423,22,399354
27042,0.277251,17,399371
27043,0.591243,33,399404
27044,0.260042,18,399422
27045,0.432745,26,399448
27046,0.409193,22,399470
27047,0.20202,11,399481
27048,0.33172,21,399502
27049,0.262317,17,399519
27050,0.299006,24,399543
27051,0.280517,25,399568
27052,0.30768,17,399585
27053,0.321107,19,399604
27054,0.342685,19,399623
27055,0.608613,34,399657
27056,0.550286,31,399688
27057,0.418397,26,399714
27058,0.390254,23,399737
27059,0.403047,22,399759
27060,0.310567,18,399777
27061,0.598296,33,399810
27062,0.351796,21,399831
27063,0.398702,29,399860
27064,0.457563,27,399887
27065,0.357667,21,399908
27066,0.287023,17,399925
27067,0.018101,1,399926
27068,0.421664,25,399951
27069,0.227389,12,399963
27070,0.443555,25,399988
27071,0.317828,28,400016
27072,0.270167,21,400037
27073,0.42384,23,400060
27074,0.367218,23,400083
27075,0.32778,20,400103
27076,0.428414,25,400128
27077,0.42426,25,400153
27078,0.148523,8,400161
27079,0.366792,20,400181
27080,0.294427,18,400199
27081,0.310497,17,400216
27082,0.32686,18,400234
27083,0.313795,17,400251
27084,0.395053,28,400279
27085,0.313226,18,400297
27086,0.306866,21,400318
27087,0.289467,16,400334
27088,0.450348,31,400365
27089,0.289693,19,400384
27090,0.475342,31,400415
27091,0.480109,26,400441
27092,0.393363,23,400464
27093,0.311977,17,400481
27094,0.35985,20,400501
27095,0.274158,25,400526
27096,0.311577,22,400548
27097,0.299751,17,400565
27098,0.283872,17,400582
27099,0.273397,16,400598
27100,0.689873,38,400636
27101,0.632994,43,400679
27102,0.390899,29,400708
27103,0.596449,33,400741
27104,0.332174,19,400760
27105,0.437609,25,400785
27106,0.366729,21,400806
27107,0.404688,23,400829
27108,0.349605,20,400849
27109,0.358643,25,400874
27110,0.36253,22,400896
27111,0.339389,19,400915
27112,0.343505,22,400937
27113,0.300089,18,400955
27114,0.270925,20,400975
27115,0.295359,16,400991
27116,0.373319,28,401019
27117,0.215671,12,401031
27118,0.599304,39,401070
27119,0.320425,22,401092
27120,0.378799,21,401113
27121,0.29781,27,401140
27122,0.289798,19,401159
27123,0.315366,19,401178
27124,0.31211,18,401196
27125,0.361217,22,401218
27126,0.565126,33,401251
27127,0.584349,38,401289
27128,0.294962,16,401305
27129,0.670425,37,401342
27130,0.48114,27,401369
27131,0.332207,36,401405
